<date>,<ticker>,<open>,<high>,<low>,<close>,<volume>
07/17/2020,AALI,9025.00,9275.00,8875.00,9175.00,3210300
07/17/2020,ABBA,50.00,50.00,50.00,50.00,53600
07/17/2020,ABDA,6600.00,6600.00,6600.00,6600.00,0
07/17/2020,ABMM,1220.00,1220.00,1135.00,1145.00,33600
07/17/2020,ACES,1650.00,1650.00,1620.00,1635.00,9461200
07/17/2020,ACST,266.00,266.00,264.00,266.00,704500
07/17/2020,ADES,860.00,870.00,855.00,860.00,49800
07/17/2020,ADHI,640.00,650.00,635.00,635.00,10187000
07/17/2020,ADMF,7725.00,7750.00,7650.00,7725.00,162000
07/17/2020,ADMG,104.00,106.00,104.00,105.00,804800
07/17/2020,ADRO,1115.00,1160.00,1110.00,1155.00,93909100
07/17/2020,AGAR,555.00,555.00,505.00,505.00,600
07/17/2020,AGII,575.00,575.00,565.00,570.00,11700
07/17/2020,AGRO,222.00,238.00,218.00,228.00,116634100
07/17/2020,AGRS,106.00,106.00,100.00,102.00,140800
07/17/2020,AHAP,50.00,50.00,50.00,50.00,4000
07/17/2020,AIMS,180.00,180.00,180.00,180.00,0
07/17/2020,AISA,168.00,168.00,168.00,168.00,0
07/17/2020,AKKU,50.00,50.00,50.00,50.00,100
07/17/2020,AKPI,326.00,326.00,326.00,326.00,400
07/17/2020,AKRA,2500.00,2500.00,2440.00,2480.00,10884100
07/17/2020,AKSI,270.00,276.00,250.00,250.00,80500
07/17/2020,ALDO,358.00,366.00,358.00,364.00,300
07/17/2020,ALKA,428.00,428.00,428.00,428.00,0
07/17/2020,ALMI,206.00,222.00,206.00,222.00,3200
07/17/2020,ALTO,348.00,348.00,348.00,348.00,100
07/17/2020,AMAG,276.00,276.00,270.00,276.00,2400
07/17/2020,AMAN,195.00,196.00,195.00,195.00,312700
07/17/2020,AMAR,376.00,380.00,376.00,378.00,93800
07/17/2020,AMFG,2730.00,2730.00,2730.00,2730.00,1500
07/17/2020,AMIN,280.00,280.00,268.00,268.00,4500
07/17/2020,AMOR,2150.00,2150.00,2150.00,2150.00,100
07/17/2020,AMRT,750.00,760.00,740.00,745.00,1359700
07/17/2020,ANDI,50.00,50.00,50.00,50.00,2028000
07/17/2020,ANJT,530.00,530.00,530.00,530.00,100
07/17/2020,ANTM,655.00,660.00,645.00,660.00,21499000
07/17/2020,APEX,184.00,184.00,184.00,184.00,10100
07/17/2020,APIC,865.00,875.00,845.00,870.00,24198100
07/17/2020,APII,270.00,272.00,254.00,266.00,14100
07/17/2020,APLI,122.00,122.00,114.00,120.00,1300
07/17/2020,APLN,120.00,121.00,115.00,116.00,31262500
07/17/2020,ARGO,1195.00,1195.00,1195.00,1195.00,0
07/17/2020,ARII,510.00,540.00,486.00,510.00,31700
07/17/2020,ARKA,288.00,288.00,288.00,288.00,0
07/17/2020,ARMY,50.00,50.00,50.00,50.00,0
07/17/2020,ARNA,428.00,450.00,418.00,448.00,6688200
07/17/2020,ARTA,344.00,344.00,344.00,344.00,200
07/17/2020,ARTI,50.00,50.00,50.00,50.00,0
07/17/2020,ARTO,2840.00,2860.00,2780.00,2790.00,79900
07/17/2020,ASBI,274.00,330.00,274.00,308.00,64100
07/17/2020,ASDM,930.00,930.00,920.00,930.00,2700
07/17/2020,ASGR,665.00,670.00,660.00,665.00,406500
07/17/2020,ASII,5300.00,5300.00,5200.00,5200.00,46235300
07/17/2020,ASJT,116.00,120.00,116.00,117.00,61600
07/17/2020,ASMI,1150.00,1150.00,1150.00,1150.00,6600
07/17/2020,ASPI,288.00,288.00,270.00,270.00,10033800
07/17/2020,ASPI-W,38.00,38.00,34.00,35.00,2579900
07/17/2020,ASRI,135.00,136.00,130.00,134.00,45932700
07/17/2020,ASRM,2010.00,2010.00,2010.00,2010.00,1700
07/17/2020,ASSA,500.00,505.00,482.00,488.00,6595800
07/17/2020,ATIC,700.00,710.00,700.00,710.00,1200
07/17/2020,AUTO,935.00,945.00,925.00,935.00,2541100
07/17/2020,AYLS,50.00,50.00,50.00,50.00,100
07/17/2020,AYLS-W,4.00,5.00,4.00,4.00,1801900
07/17/2020,BABP,50.00,50.00,50.00,50.00,100
07/17/2020,BABP-W3,17.00,20.00,17.00,20.00,1900
07/17/2020,BABP-W4,9.00,9.00,8.00,8.00,1999800
07/17/2020,BACA,372.00,372.00,362.00,366.00,63400
07/17/2020,BACA-W2,100.00,100.00,100.00,100.00,0
07/17/2020,BAJA,59.00,60.00,58.00,60.00,102200
07/17/2020,BALI,840.00,845.00,830.00,830.00,33300
07/17/2020,BAPA,50.00,50.00,50.00,50.00,0
07/17/2020,BAPI,50.00,50.00,50.00,50.00,20400
07/17/2020,BAPI-W,3.00,3.00,2.00,3.00,2567000
07/17/2020,BATA,550.00,570.00,550.00,565.00,25300
07/17/2020,BAYU,1020.00,1045.00,1000.00,1045.00,500
07/17/2020,BBCA,30675.00,30900.00,30200.00,30600.00,14669600
07/17/2020,BBHI,117.00,132.00,117.00,123.00,114600
07/17/2020,BBKP,181.00,182.00,181.00,181.00,10535700
07/17/2020,BBLD,370.00,370.00,360.00,370.00,46100
07/17/2020,BBMD,1400.00,1460.00,1380.00,1380.00,7400
07/17/2020,BBNI,4680.00,4720.00,4670.00,4670.00,18783500
07/17/2020,BBRI,3140.00,3150.00,3100.00,3100.00,119587700
07/17/2020,BBRM,50.00,50.00,50.00,50.00,0
07/17/2020,BBSS,144.00,144.00,140.00,142.00,10655300
07/17/2020,BBSS-W,5.00,5.00,4.00,4.00,2884500
07/17/2020,BBTN,1300.00,1330.00,1300.00,1305.00,24499600
07/17/2020,BBYB,304.00,304.00,292.00,292.00,38200
07/17/2020,BCAP,157.00,158.00,151.00,156.00,13938500
07/17/2020,BCIC,450.00,450.00,450.00,450.00,0
07/17/2020,BCIP,50.00,61.00,50.00,55.00,56725700
07/17/2020,BDMN,2800.00,2800.00,2750.00,2750.00,1843500
07/17/2020,BEEF,220.00,224.00,216.00,216.00,3660100
07/17/2020,BEEF-W,14.00,14.00,12.00,14.00,4471800
07/17/2020,BEKS,50.00,50.00,50.00,50.00,11400
07/17/2020,BELL,715.00,715.00,700.00,700.00,835200
07/17/2020,BESS,230.00,230.00,218.00,230.00,104600
07/17/2020,BESS-W,38.00,40.00,32.00,36.00,15600
07/17/2020,BEST,124.00,126.00,120.00,122.00,52792600
07/17/2020,BFIN,278.00,280.00,272.00,274.00,4859500
07/17/2020,BGTG,51.00,54.00,51.00,53.00,889300
07/17/2020,BHAT,434.00,442.00,434.00,440.00,117947100
07/17/2020,BHIT,50.00,50.00,50.00,50.00,21800
07/17/2020,BIKA,193.00,193.00,193.00,193.00,200
07/17/2020,BIMA,50.00,50.00,50.00,50.00,0
07/17/2020,BINA,890.00,890.00,850.00,875.00,779700
07/17/2020,BIPI,50.00,50.00,50.00,50.00,206600
07/17/2020,BIPI-W,8.00,8.00,6.00,8.00,6900
07/17/2020,BIPP,56.00,57.00,54.00,56.00,109800
07/17/2020,BIRD,995.00,1015.00,980.00,985.00,1982100
07/17/2020,BISI,815.00,820.00,810.00,820.00,30500
07/17/2020,BJBR,930.00,930.00,905.00,910.00,9581300
07/17/2020,BJTM,545.00,550.00,535.00,540.00,10226000
07/17/2020,BKDP,51.00,60.00,50.00,50.00,938900
07/17/2020,BKSL,50.00,50.00,50.00,50.00,187600
07/17/2020,BKSW,75.00,75.00,74.00,75.00,12900
07/17/2020,BLTA,50.00,50.00,50.00,50.00,100
07/17/2020,BLTZ,3600.00,3600.00,3600.00,3600.00,0
07/17/2020,BLUE,505.00,510.00,500.00,510.00,175000
07/17/2020,BMAS,274.00,296.00,274.00,282.00,3300
07/17/2020,BMRI,5275.00,5300.00,5175.00,5175.00,30088500
07/17/2020,BMSR,55.00,57.00,53.00,54.00,41200
07/17/2020,BMTR,206.00,208.00,202.00,202.00,33181500
07/17/2020,BNBA,292.00,298.00,292.00,294.00,142400
07/17/2020,BNBR,50.00,50.00,50.00,50.00,300
07/17/2020,BNGA,790.00,795.00,780.00,780.00,3653300
07/17/2020,BNII,163.00,164.00,162.00,163.00,666900
07/17/2020,BNLI,1280.00,1280.00,1275.00,1275.00,2238500
07/17/2020,BOGA,1365.00,1395.00,1360.00,1395.00,78099200
07/17/2020,BOLA,172.00,172.00,156.00,160.00,19800
07/17/2020,BOLT,930.00,930.00,930.00,930.00,0
07/17/2020,BOSS,76.00,82.00,76.00,79.00,5264100
07/17/2020,BPFI,1185.00,1185.00,1185.00,1185.00,0
07/17/2020,BPII,10000.00,10000.00,10000.00,10000.00,0
07/17/2020,BPTR,82.00,82.00,72.00,76.00,20800
07/17/2020,BRAM,5325.00,5325.00,5325.00,5325.00,300
07/17/2020,BRIS,492.00,496.00,486.00,488.00,55760100
07/17/2020,BRMS,50.00,50.00,50.00,50.00,44400
07/17/2020,BRNA,1000.00,1000.00,1000.00,1000.00,0
07/17/2020,BRPT,1250.00,1270.00,1235.00,1255.00,36200300
07/17/2020,BRPT-W,870.00,870.00,870.00,870.00,100
07/17/2020,BSDE,745.00,755.00,740.00,745.00,39869000
07/17/2020,BSIM,515.00,520.00,510.00,520.00,7600
07/17/2020,BSIM-W3,40.00,40.00,18.00,20.00,6100
07/17/2020,BSSR,1335.00,1335.00,1300.00,1300.00,3100
07/17/2020,BSWD,1750.00,1750.00,1750.00,1750.00,0
07/17/2020,BTEK,50.00,50.00,50.00,50.00,100
07/17/2020,BTEL,50.00,50.00,50.00,50.00,0
07/17/2020,BTON,182.00,188.00,175.00,188.00,83200
07/17/2020,BTPN,2180.00,2200.00,2170.00,2200.00,88500
07/17/2020,BTPS,3200.00,3210.00,3140.00,3190.00,6116800
07/17/2020,BUDI,88.00,89.00,87.00,88.00,83500
07/17/2020,BUKK,750.00,750.00,735.00,740.00,40100
07/17/2020,BULL,320.00,324.00,312.00,316.00,110580400
07/17/2020,BULL-W2,106.00,106.00,98.00,100.00,579800
07/17/2020,BUMI,50.00,50.00,50.00,50.00,19736000
07/17/2020,BUVA,56.00,61.00,53.00,54.00,950200
07/17/2020,BVIC,68.00,69.00,67.00,69.00,90400
07/17/2020,BWPT,98.00,103.00,98.00,102.00,113908700
07/17/2020,BYAN,11800.00,12650.00,11800.00,12600.00,7300
07/17/2020,CAKK,50.00,50.00,50.00,50.00,366300
07/17/2020,CAKK-W,9.00,9.00,8.00,8.00,164100
07/17/2020,CAMP,208.00,208.00,204.00,206.00,182400
07/17/2020,CANI,121.00,164.00,121.00,144.00,400
07/17/2020,CARE,332.00,344.00,330.00,334.00,248604700
07/17/2020,CARS,50.00,50.00,50.00,50.00,199100
07/17/2020,CASA,374.00,374.00,352.00,374.00,2740900
07/17/2020,CASA-W,140.00,140.00,140.00,140.00,0
07/17/2020,CASH,520.00,560.00,520.00,560.00,7623200
07/17/2020,CASH-W,22.00,24.00,21.00,23.00,7151800
07/17/2020,CASS,179.00,200.00,179.00,189.00,4099500
07/17/2020,CBMF,204.00,204.00,195.00,195.00,4074300
07/17/2020,CCSI,250.00,256.00,246.00,250.00,352000
07/17/2020,CEKA,1985.00,2000.00,1980.00,1995.00,24100
07/17/2020,CENT,89.00,101.00,89.00,98.00,16618900
07/17/2020,CFIN,194.00,197.00,194.00,195.00,100000
07/17/2020,CINT,240.00,244.00,240.00,244.00,24300
07/17/2020,CITA,1800.00,1800.00,1750.00,1750.00,9300
07/17/2020,CITY,50.00,51.00,50.00,51.00,20600
07/17/2020,CITY-W,15.00,16.00,15.00,15.00,6100
07/17/2020,CKRA,76.00,76.00,76.00,76.00,0
07/17/2020,CLAY,1960.00,1960.00,1960.00,1960.00,0
07/17/2020,CLEO,464.00,466.00,462.00,466.00,6057900
07/17/2020,CLPI,720.00,730.00,705.00,725.00,46600
07/17/2020,CMNP,1305.00,1305.00,1300.00,1300.00,2400
07/17/2020,CMPP,184.00,184.00,184.00,184.00,0
07/17/2020,CNKO,50.00,50.00,50.00,50.00,200
07/17/2020,CNTB,250.00,250.00,250.00,250.00,0
07/17/2020,CNTX,254.00,254.00,244.00,244.00,200
07/17/2020,COCO,830.00,840.00,780.00,840.00,7100
07/17/2020,COCO-W,175.00,175.00,175.00,175.00,0
07/17/2020,COWL,50.00,50.00,50.00,50.00,0
07/17/2020,CPIN,6175.00,6175.00,6075.00,6125.00,9627100
07/17/2020,CPRI,50.00,50.00,50.00,50.00,200
07/17/2020,CPRI-W,16.00,16.00,16.00,16.00,0
07/17/2020,CPRO,50.00,50.00,50.00,50.00,100
07/17/2020,CSAP,336.00,340.00,332.00,340.00,10300
07/17/2020,CSIS,59.00,62.00,59.00,59.00,3997700
07/17/2020,CSMI,266.00,266.00,204.00,210.00,67100
07/17/2020,CSRA,240.00,244.00,236.00,238.00,735900
07/17/2020,CTBN,2450.00,2450.00,2450.00,2450.00,0
07/17/2020,CTRA,660.00,665.00,645.00,645.00,18408800
07/17/2020,CTTH,50.00,50.00,50.00,50.00,500
07/17/2020,DADA,100.00,102.00,96.00,96.00,51511300
07/17/2020,DADA-W,4.00,6.00,4.00,5.00,30814000
07/17/2020,DART,240.00,240.00,240.00,240.00,0
07/17/2020,DAYA,655.00,655.00,655.00,655.00,0
07/17/2020,DEAL,85.00,91.00,85.00,89.00,2157900
07/17/2020,DEAL-W,7.00,7.00,7.00,7.00,0
07/17/2020,DEFI,1795.00,1795.00,1790.00,1790.00,15400
07/17/2020,DEWA,50.00,50.00,50.00,50.00,10100
07/17/2020,DFAM,350.00,350.00,350.00,350.00,0
07/17/2020,DFAM-W,120.00,120.00,120.00,120.00,0
07/17/2020,DGIK,50.00,50.00,50.00,50.00,10100
07/17/2020,DIGI,1710.00,1710.00,1710.00,1710.00,0
07/17/2020,DILD,180.00,182.00,178.00,181.00,5485700
07/17/2020,DIVA,1760.00,1810.00,1760.00,1785.00,46800
07/17/2020,DKFT,116.00,116.00,112.00,115.00,2147200
07/17/2020,DLTA,4840.00,4840.00,4800.00,4810.00,6900
07/17/2020,DMAS,194.00,202.00,192.00,200.00,286461100
07/17/2020,DMMX,190.00,210.00,187.00,210.00,36644800
07/17/2020,DMND,960.00,960.00,950.00,950.00,15400
07/17/2020,DNAR,250.00,250.00,250.00,250.00,0
07/17/2020,DNET,3220.00,3390.00,3220.00,3390.00,99200
07/17/2020,DOID,216.00,242.00,216.00,234.00,303248900
07/17/2020,DPNS,298.00,298.00,298.00,298.00,100
07/17/2020,DPUM,88.00,88.00,73.00,74.00,22600
07/17/2020,DSFI,69.00,70.00,65.00,69.00,711300
07/17/2020,DSNG,350.00,354.00,336.00,340.00,5874000
07/17/2020,DSSA,19775.00,20875.00,19775.00,20875.00,2400
07/17/2020,DUCK,456.00,458.00,432.00,436.00,1604100
07/17/2020,DUTI,6075.00,6400.00,5675.00,5950.00,301700
07/17/2020,DVLA,2220.00,2220.00,2180.00,2190.00,27900
07/17/2020,DWGL,252.00,252.00,240.00,240.00,1700
07/17/2020,DWGL-W,60.00,60.00,57.00,57.00,1400
07/17/2020,DYAN,51.00,51.00,50.00,50.00,5502100
07/17/2020,EAST,60.00,61.00,58.00,59.00,1207700
07/17/2020,EAST-W,7.00,7.00,6.00,7.00,1868600
07/17/2020,ECII,700.00,700.00,700.00,700.00,0
07/17/2020,EKAD,1165.00,1295.00,1165.00,1230.00,713000
07/17/2020,ELSA,240.00,240.00,228.00,234.00,65807500
07/17/2020,ELTY,50.00,50.00,50.00,50.00,300
07/17/2020,EMDE,202.00,202.00,202.00,202.00,10000
07/17/2020,EMTK,4800.00,4800.00,4800.00,4800.00,200
07/17/2020,ENRG,50.00,52.00,50.00,51.00,4747700
07/17/2020,ENVY,113.00,122.00,113.00,116.00,106126900
07/17/2020,EPAC,284.00,292.00,270.00,276.00,11626300
07/17/2020,EPMT,1825.00,1870.00,1825.00,1870.00,2300
07/17/2020,ERAA,1375.00,1490.00,1375.00,1455.00,87050500
07/17/2020,ERTX,115.00,128.00,112.00,119.00,7100
07/17/2020,ESIP,195.00,214.00,194.00,212.00,13823400
07/17/2020,ESIP-W,10.00,13.00,10.00,12.00,11321700
07/17/2020,ESSA,156.00,161.00,155.00,158.00,1445900
07/17/2020,ESTA,102.00,102.00,97.00,99.00,160900
07/17/2020,ESTI,52.00,54.00,52.00,52.00,320100
07/17/2020,ETWA,74.00,74.00,74.00,74.00,100000
07/17/2020,EXCL,2850.00,2900.00,2780.00,2850.00,5311100
07/17/2020,FAST,920.00,930.00,915.00,930.00,42700
07/17/2020,FASW,7300.00,7300.00,7300.00,7300.00,400
07/17/2020,FILM,174.00,188.00,171.00,177.00,3482000
07/17/2020,FINN,50.00,50.00,50.00,50.00,0
07/17/2020,FIRE,106.00,111.00,105.00,106.00,4057700
07/17/2020,FISH,2950.00,2950.00,2950.00,2950.00,100
07/17/2020,FITT,70.00,70.00,66.00,69.00,45400
07/17/2020,FITT-W,30.00,31.00,30.00,30.00,2500
07/17/2020,FMII,800.00,800.00,800.00,800.00,0
07/17/2020,FOOD,113.00,126.00,113.00,123.00,9608800
07/17/2020,FORU,75.00,75.00,75.00,75.00,0
07/17/2020,FORZ,50.00,50.00,50.00,50.00,100
07/17/2020,FPNI,92.00,93.00,91.00,91.00,353400
07/17/2020,FREN,96.00,99.00,96.00,98.00,21248600
07/17/2020,FREN-W,25.00,27.00,24.00,26.00,3298400
07/17/2020,FUJI,104.00,110.00,104.00,110.00,17100
07/17/2020,GAMA,50.00,50.00,50.00,50.00,2500
07/17/2020,GDST,57.00,61.00,57.00,59.00,1355400
07/17/2020,GDYR,1375.00,1375.00,1375.00,1375.00,0
07/17/2020,GEMA,372.00,372.00,372.00,372.00,0
07/17/2020,GEMS,2550.00,2550.00,2550.00,2550.00,0
07/17/2020,GGRM,50025.00,50350.00,49100.00,49600.00,1525300
07/17/2020,GGRP,262.00,300.00,262.00,290.00,20100
07/17/2020,GHON,1615.00,1615.00,1615.00,1615.00,0
07/17/2020,GIAA,266.00,268.00,258.00,260.00,27321800
07/17/2020,GJTL,404.00,408.00,400.00,406.00,1797300
07/17/2020,GLOB,148.00,148.00,148.00,148.00,800
07/17/2020,GLVA,320.00,328.00,320.00,326.00,129700
07/17/2020,GMFI,88.00,88.00,85.00,86.00,4385600
07/17/2020,GMTD,17975.00,17975.00,17975.00,17975.00,0
07/17/2020,GOLD,189.00,189.00,186.00,186.00,3500
07/17/2020,GOLL,50.00,50.00,50.00,50.00,0
07/17/2020,GOOD,1290.00,1295.00,1285.00,1295.00,171500
07/17/2020,GPRA,51.00,56.00,50.00,51.00,12296000
07/17/2020,GREN,328.00,328.00,328.00,328.00,0
07/17/2020,GSMF,100.00,102.00,95.00,95.00,26400
07/17/2020,GTBO,75.00,75.00,75.00,75.00,0
07/17/2020,GWSA,99.00,99.00,96.00,96.00,20900
07/17/2020,GZCO,50.00,50.00,50.00,50.00,4500
07/17/2020,HADE,50.00,50.00,50.00,50.00,100
07/17/2020,HDFA,190.00,190.00,175.00,184.00,2700
07/17/2020,HDIT,476.00,476.00,426.00,428.00,1600
07/17/2020,HDTX,120.00,120.00,120.00,120.00,0
07/17/2020,HEAL,2990.00,3000.00,2960.00,2970.00,160000
07/17/2020,HELI,210.00,230.00,210.00,220.00,368200
07/17/2020,HELI-W,10.00,11.00,8.00,8.00,1070400
07/17/2020,HERO,870.00,875.00,840.00,845.00,40300
07/17/2020,HEXA,3560.00,3750.00,3550.00,3640.00,168400
07/17/2020,HITS,610.00,610.00,570.00,570.00,3600
07/17/2020,HKMU,81.00,82.00,80.00,80.00,31070500
07/17/2020,HMSP,1850.00,1900.00,1820.00,1840.00,112132900
07/17/2020,HOKI,660.00,660.00,650.00,655.00,6862000
07/17/2020,HOKI-W,565.00,565.00,565.00,565.00,0
07/17/2020,HOME,50.00,50.00,50.00,50.00,0
07/17/2020,HOTL,50.00,64.00,50.00,50.00,11691600
07/17/2020,HRME,67.00,72.00,67.00,68.00,19783000
07/17/2020,HRTA,230.00,236.00,228.00,234.00,325900
07/17/2020,HRUM,1185.00,1225.00,1185.00,1210.00,1348100
07/17/2020,IATA,50.00,50.00,50.00,50.00,100
07/17/2020,IBFN,312.00,312.00,312.00,312.00,100
07/17/2020,IBFN-W,9.00,9.00,7.00,7.00,233500
07/17/2020,IBST,8200.00,8200.00,8200.00,8200.00,0
07/17/2020,ICBP,9650.00,9650.00,9125.00,9275.00,18966400
07/17/2020,ICON,57.00,57.00,57.00,57.00,0
07/17/2020,IDPR,192.00,200.00,192.00,193.00,328700
07/17/2020,IFII,132.00,138.00,130.00,132.00,762200
07/17/2020,IFSH,434.00,448.00,434.00,448.00,18600
07/17/2020,IGAR,276.00,276.00,258.00,260.00,355800
07/17/2020,IIKP,50.00,50.00,50.00,50.00,0
07/17/2020,IKAI,50.00,50.00,50.00,50.00,100
07/17/2020,IKAN,600.00,630.00,585.00,590.00,6879700
07/17/2020,IKBI,228.00,228.00,220.00,220.00,55000
07/17/2020,IMAS,670.00,675.00,655.00,660.00,1385300
07/17/2020,IMJS,260.00,264.00,252.00,260.00,1984800
07/17/2020,IMPC,1265.00,1270.00,1260.00,1265.00,689700
07/17/2020,INAF,1105.00,1155.00,1090.00,1120.00,6912800
07/17/2020,INAI,350.00,350.00,340.00,350.00,4100
07/17/2020,INCF,50.00,50.00,50.00,50.00,2393500
07/17/2020,INCI,488.00,490.00,460.00,470.00,66900
07/17/2020,INCO,3180.00,3240.00,3170.00,3200.00,9348000
07/17/2020,INDF,6700.00,6700.00,6525.00,6550.00,23964500
07/17/2020,INDO,144.00,175.00,144.00,154.00,2348800
07/17/2020,INDO-W,43.00,53.00,35.00,44.00,3538500
07/17/2020,INDR,2260.00,2300.00,2250.00,2260.00,14800
07/17/2020,INDS,2170.00,2240.00,2150.00,2230.00,7200
07/17/2020,INDX,56.00,57.00,54.00,54.00,16300
07/17/2020,INDY,895.00,1010.00,885.00,975.00,112796900
07/17/2020,INKP,7650.00,8175.00,7550.00,8175.00,23513500
07/17/2020,INOV,270.00,270.00,246.00,254.00,2500
07/17/2020,INPC,51.00,51.00,50.00,50.00,121600
07/17/2020,INPC-W,4.00,4.00,3.00,4.00,15300
07/17/2020,INPP,690.00,700.00,690.00,700.00,1700
07/17/2020,INPS,1585.00,1705.00,1510.00,1705.00,29200
07/17/2020,INRU,820.00,835.00,820.00,835.00,200
07/17/2020,INTA,276.00,276.00,276.00,276.00,100
07/17/2020,INTD,158.00,158.00,158.00,158.00,100
07/17/2020,INTP,12000.00,12275.00,12000.00,12175.00,6411700
07/17/2020,IPCC,440.00,444.00,436.00,438.00,4837100
07/17/2020,IPCM,216.00,218.00,210.00,214.00,276400
07/17/2020,IPOL,74.00,74.00,73.00,73.00,219000
07/17/2020,IPTV,358.00,358.00,348.00,348.00,22525600
07/17/2020,IPTV-W,78.00,78.00,77.00,77.00,64200
07/17/2020,IRRA,580.00,595.00,575.00,595.00,4638600
07/17/2020,ISAT,2530.00,2560.00,2530.00,2560.00,1924000
07/17/2020,ISSP,132.00,134.00,130.00,130.00,2216700
07/17/2020,ITIC,1000.00,1000.00,925.00,925.00,2956600
07/17/2020,ITMA,410.00,410.00,410.00,410.00,0
07/17/2020,ITMA-W,45.00,45.00,45.00,45.00,0
07/17/2020,ITMG,7750.00,8100.00,7650.00,7850.00,9901300
07/17/2020,JAST,93.00,98.00,93.00,95.00,7065900
07/17/2020,JAWA,69.00,69.00,68.00,68.00,512400
07/17/2020,JAYA,80.00,89.00,80.00,82.00,1333300
07/17/2020,JAYA-W,13.00,13.00,12.00,13.00,2600
07/17/2020,JECC,6800.00,6800.00,6800.00,6800.00,0
07/17/2020,JGLE,50.00,50.00,50.00,50.00,100
07/17/2020,JIHD,600.00,605.00,600.00,605.00,700
07/17/2020,JKON,366.00,366.00,322.00,360.00,906700
07/17/2020,JKSW,60.00,60.00,60.00,60.00,0
07/17/2020,JMAS,206.00,206.00,202.00,202.00,3900
07/17/2020,JPFA,1165.00,1175.00,1160.00,1160.00,12899700
07/17/2020,JRPT,414.00,422.00,414.00,418.00,1474400
07/17/2020,JSKY,81.00,81.00,79.00,81.00,2488200
07/17/2020,JSMR,4310.00,4450.00,4310.00,4400.00,5019100
07/17/2020,JSPT,995.00,995.00,995.00,995.00,0
07/17/2020,JTPE,770.00,770.00,765.00,765.00,1005900
07/17/2020,KAEF,1260.00,1325.00,1255.00,1280.00,16465800
07/17/2020,KARW,51.00,57.00,50.00,50.00,1908300
07/17/2020,KAYU,53.00,54.00,52.00,54.00,1818800
07/17/2020,KBAG,426.00,430.00,420.00,420.00,29728100
07/17/2020,KBAG-W,100.00,145.00,100.00,131.00,100000
07/17/2020,KBLI,416.00,416.00,412.00,412.00,547700
07/17/2020,KBLM,228.00,230.00,228.00,228.00,565700
07/17/2020,KBLV,330.00,330.00,330.00,330.00,100
07/17/2020,KBRI,50.00,50.00,50.00,50.00,0
07/17/2020,KDSI,760.00,850.00,760.00,760.00,45600
07/17/2020,KEEN,340.00,350.00,328.00,342.00,2393700
07/17/2020,KEJU,1110.00,1120.00,1090.00,1090.00,645200
07/17/2020,KIAS,50.00,50.00,50.00,50.00,2600
07/17/2020,KICI,246.00,246.00,240.00,240.00,14300
07/17/2020,KIJA,144.00,144.00,142.00,143.00,333300
07/17/2020,KINO,3380.00,3390.00,3320.00,3330.00,225900
07/17/2020,KIOS,208.00,208.00,200.00,200.00,2700
07/17/2020,KIOS-W,25.00,25.00,25.00,25.00,0
07/17/2020,KJEN,1100.00,1100.00,1100.00,1100.00,0
07/17/2020,KKGI,210.00,210.00,192.00,196.00,7900
07/17/2020,KLBF,1485.00,1500.00,1450.00,1465.00,17736000
07/17/2020,KMTR,284.00,296.00,280.00,284.00,100100
07/17/2020,KOBX,85.00,92.00,85.00,92.00,169900
07/17/2020,KOIN,100.00,100.00,100.00,100.00,0
07/17/2020,KONI,486.00,486.00,486.00,486.00,100
07/17/2020,KOPI,510.00,510.00,510.00,510.00,25800
07/17/2020,KOTA,635.00,640.00,620.00,620.00,7910900
07/17/2020,KOTA-W,400.00,410.00,360.00,362.00,11200
07/17/2020,KPAL,64.00,77.00,64.00,67.00,34312200
07/17/2020,KPAS,50.00,58.00,50.00,54.00,7341200
07/17/2020,KPAS-W,12.00,12.00,11.00,12.00,158900
07/17/2020,KPIG,111.00,111.00,108.00,110.00,660600
07/17/2020,KRAH,458.00,458.00,450.00,450.00,1400
07/17/2020,KRAS,378.00,380.00,368.00,368.00,49138800
07/17/2020,KREN,125.00,127.00,123.00,125.00,17358500
07/17/2020,LAND,202.00,218.00,202.00,214.00,257000
07/17/2020,LAPD,50.00,50.00,50.00,50.00,0
07/17/2020,LCGP,114.00,114.00,114.00,114.00,0
07/17/2020,LCKM,366.00,370.00,366.00,370.00,20000
07/17/2020,LEAD,50.00,50.00,50.00,50.00,900
07/17/2020,LIFE,7000.00,7000.00,7000.00,7000.00,100
07/17/2020,LINK,2030.00,2070.00,2030.00,2040.00,862400
07/17/2020,LION,340.00,340.00,332.00,334.00,16900
07/17/2020,LMAS,50.00,50.00,50.00,50.00,221500
07/17/2020,LMPI,79.00,80.00,79.00,80.00,10200
07/17/2020,LMSH,290.00,292.00,290.00,290.00,1200
07/17/2020,LPCK,840.00,850.00,815.00,820.00,485600
07/17/2020,LPGI,3800.00,3800.00,3800.00,3800.00,25200
07/17/2020,LPIN,236.00,254.00,234.00,238.00,32200
07/17/2020,LPKR,145.00,147.00,140.00,141.00,41136900
07/17/2020,LPLI,76.00,76.00,76.00,76.00,0
07/17/2020,LPPF,1390.00,1390.00,1350.00,1350.00,15245100
07/17/2020,LPPS,80.00,80.00,80.00,80.00,0
07/17/2020,LRNA,141.00,145.00,138.00,145.00,2500
07/17/2020,LSIP,935.00,960.00,925.00,945.00,42243500
07/17/2020,LTLS,434.00,438.00,434.00,436.00,6100
07/17/2020,LUCK,310.00,314.00,308.00,308.00,284300
07/17/2020,MABA,50.00,50.00,50.00,50.00,0
07/17/2020,MAGP,50.00,50.00,50.00,50.00,0
07/17/2020,MAIN,635.00,640.00,620.00,620.00,7367200
07/17/2020,MAMI,50.00,50.00,50.00,50.00,12500
07/17/2020,MAMI-W,4.00,5.00,4.00,5.00,5330900
07/17/2020,MAMIP,600.00,600.00,600.00,600.00,0
07/17/2020,MAPA,2200.00,2250.00,2190.00,2250.00,1696400
07/17/2020,MAPB,1465.00,1465.00,1465.00,1465.00,0
07/17/2020,MAPI,685.00,705.00,680.00,700.00,34347100
07/17/2020,MARI,50.00,52.00,50.00,50.00,9323100
07/17/2020,MARK,775.00,790.00,770.00,790.00,5681500
07/17/2020,MASA,620.00,620.00,560.00,560.00,13200
07/17/2020,MAYA,6500.00,6500.00,6500.00,6500.00,0
07/17/2020,MBAP,1840.00,1950.00,1800.00,1805.00,346200
07/17/2020,MBSS,376.00,402.00,370.00,382.00,5115700
07/17/2020,MBTO,70.00,70.00,65.00,66.00,35700
07/17/2020,MCAS,2100.00,2120.00,2040.00,2040.00,4301100
07/17/2020,MCOR,140.00,149.00,140.00,142.00,16983200
07/17/2020,MDIA,50.00,50.00,50.00,50.00,100
07/17/2020,MDKA,1485.00,1500.00,1455.00,1485.00,54905100
07/17/2020,MDKI,167.00,167.00,152.00,155.00,63400
07/17/2020,MDLN,55.00,55.00,55.00,55.00,0
07/17/2020,MDRN,50.00,50.00,50.00,50.00,100
07/17/2020,MEDC,490.00,492.00,474.00,476.00,63308500
07/17/2020,MEDC-W,31.00,32.00,28.00,29.00,7263700
07/17/2020,MEGA,6200.00,6200.00,6200.00,6200.00,1200
07/17/2020,MERK,3940.00,4450.00,3940.00,4050.00,1036800
07/17/2020,META,113.00,113.00,110.00,110.00,70900
07/17/2020,MFIN,945.00,985.00,945.00,970.00,13300
07/17/2020,MFMI,505.00,530.00,500.00,530.00,3200
07/17/2020,MGNA,50.00,50.00,50.00,50.00,0
07/17/2020,MGRO,675.00,705.00,670.00,700.00,3874400
07/17/2020,MICE,300.00,300.00,300.00,300.00,10200
07/17/2020,MIDI,1450.00,1450.00,1450.00,1450.00,0
07/17/2020,MIKA,2330.00,2340.00,2270.00,2280.00,16877100
07/17/2020,MINA,50.00,50.00,50.00,50.00,420300
07/17/2020,MIRA,50.00,50.00,50.00,50.00,100
07/17/2020,MITI,51.00,51.00,51.00,51.00,0
07/17/2020,MKNT,50.00,50.00,50.00,50.00,1000
07/17/2020,MKPI,14700.00,14700.00,14700.00,14700.00,200
07/17/2020,MLBI,9975.00,9975.00,9925.00,9925.00,21500
07/17/2020,MLIA,585.00,585.00,555.00,560.00,3817600
07/17/2020,MLPL,52.00,52.00,50.00,51.00,5474400
07/17/2020,MLPT,600.00,605.00,595.00,600.00,116100
07/17/2020,MMLP,188.00,188.00,186.00,188.00,758300
07/17/2020,MNCN,915.00,920.00,895.00,900.00,58129000
07/17/2020,MOLI,965.00,965.00,965.00,965.00,5100
07/17/2020,MPMX,494.00,496.00,490.00,492.00,1123400
07/17/2020,MPOW,55.00,55.00,52.00,53.00,121700
07/17/2020,MPPA,115.00,115.00,110.00,112.00,837200
07/17/2020,MPRO,755.00,765.00,750.00,750.00,1200
07/17/2020,MRAT,142.00,156.00,136.00,156.00,22100
07/17/2020,MREI,4700.00,4700.00,4700.00,4700.00,500
07/17/2020,MSIN,260.00,262.00,254.00,256.00,9918800
07/17/2020,MSKY,1000.00,1000.00,1000.00,1000.00,0
07/17/2020,MTDL,1470.00,1480.00,1415.00,1435.00,993400
07/17/2020,MTFN,50.00,50.00,50.00,50.00,100
07/17/2020,MTLA,390.00,400.00,372.00,396.00,60700
07/17/2020,MTPS,132.00,137.00,132.00,132.00,42600
07/17/2020,MTRA,244.00,244.00,244.00,244.00,0
07/17/2020,MTSM,208.00,208.00,204.00,204.00,200
07/17/2020,MTWI,51.00,55.00,50.00,53.00,1108300
07/17/2020,MYOH,1070.00,1090.00,1070.00,1090.00,98500
07/17/2020,MYOR,2220.00,2230.00,2200.00,2220.00,2011200
07/17/2020,MYRX,50.00,50.00,50.00,50.00,0
07/17/2020,MYRXP,50.00,50.00,50.00,50.00,0
07/17/2020,MYTX,54.00,54.00,52.00,52.00,75100
07/17/2020,NASA,92.00,130.00,92.00,110.00,149700
07/17/2020,NASA-W,104.00,104.00,104.00,104.00,0
07/17/2020,NATO,282.00,296.00,282.00,286.00,649000
07/17/2020,NATO-W,28.00,28.00,28.00,28.00,0
07/17/2020,NELY,125.00,126.00,123.00,123.00,12000
07/17/2020,NFCX,1775.00,1800.00,1750.00,1795.00,1224700
07/17/2020,NICK,348.00,348.00,348.00,348.00,0
07/17/2020,NIKL,525.00,565.00,525.00,540.00,9689800
07/17/2020,NIPS,282.00,282.00,282.00,282.00,0
07/17/2020,NIRO,144.00,144.00,143.00,144.00,201800
07/17/2020,NISP,730.00,740.00,730.00,730.00,6600
07/17/2020,NOBU,680.00,680.00,680.00,680.00,800
07/17/2020,NRCA,340.00,350.00,340.00,340.00,1470000
07/17/2020,NUSA,50.00,50.00,50.00,50.00,10100
07/17/2020,NZIA,196.00,196.00,192.00,192.00,35400
07/17/2020,NZIA-W,9.00,10.00,6.00,6.00,3357100
07/17/2020,OASA,380.00,380.00,380.00,380.00,1300000
07/17/2020,OCAP,192.00,192.00,191.00,191.00,600
07/17/2020,OKAS,75.00,86.00,75.00,81.00,6036200
07/17/2020,OMRE,316.00,316.00,316.00,316.00,0
07/17/2020,OPMS,127.00,131.00,124.00,127.00,4856300
07/17/2020,PADI,50.00,50.00,50.00,50.00,2000
07/17/2020,PALM,180.00,187.00,180.00,187.00,400
07/17/2020,PAMG,76.00,99.00,76.00,86.00,38375900
07/17/2020,PANI,60.00,63.00,60.00,60.00,15400
07/17/2020,PANR,90.00,90.00,88.00,88.00,692300
07/17/2020,PANS,875.00,880.00,865.00,865.00,319100
07/17/2020,PBID,880.00,880.00,860.00,865.00,4300
07/17/2020,PBRX,250.00,258.00,248.00,248.00,112100
07/17/2020,PBSA,690.00,690.00,690.00,690.00,0
07/17/2020,PCAR,210.00,210.00,210.00,210.00,0
07/17/2020,PDES,440.00,450.00,440.00,450.00,200
07/17/2020,PEGE,109.00,111.00,109.00,111.00,21700
07/17/2020,PEHA,1140.00,1140.00,1115.00,1130.00,68200
07/17/2020,PGAS,1155.00,1170.00,1145.00,1160.00,50234900
07/17/2020,PGJO,78.00,78.00,78.00,78.00,1900
07/17/2020,PGLI,234.00,246.00,234.00,234.00,40200
07/17/2020,PGUN,368.00,386.00,344.00,368.00,1853700
07/17/2020,PICO,184.00,197.00,184.00,195.00,176500
07/17/2020,PJAA,560.00,560.00,550.00,550.00,21400
07/17/2020,PKPK,50.00,53.00,50.00,52.00,1549300
07/17/2020,PLAS,50.00,50.00,50.00,50.00,0
07/17/2020,PLIN,2420.00,2420.00,2420.00,2420.00,2000
07/17/2020,PMJS,128.00,128.00,125.00,126.00,1100
07/17/2020,PNBN,815.00,825.00,800.00,815.00,10331400
07/17/2020,PNBS,50.00,50.00,50.00,50.00,8100
07/17/2020,PNIN,740.00,740.00,725.00,740.00,216000
07/17/2020,PNLF,186.00,186.00,183.00,184.00,11033000
07/17/2020,PNSE,850.00,850.00,850.00,850.00,0
07/17/2020,POLA,54.00,54.00,52.00,53.00,56300
07/17/2020,POLA-W,23.00,23.00,23.00,23.00,0
07/17/2020,POLI,1160.00,1180.00,1105.00,1165.00,28800
07/17/2020,POLL,4500.00,4550.00,4400.00,4430.00,40400
07/17/2020,POLU,880.00,880.00,880.00,880.00,100
07/17/2020,POLY,50.00,50.00,50.00,50.00,2500
07/17/2020,POOL,50.00,50.00,50.00,50.00,0
07/17/2020,PORT,615.00,615.00,560.00,560.00,1800
07/17/2020,POSA,50.00,50.00,50.00,50.00,10500
07/17/2020,POSA-W,2.00,3.00,2.00,3.00,1488300
07/17/2020,POWR,590.00,635.00,585.00,600.00,67585800
07/17/2020,PPRE,200.00,204.00,200.00,204.00,17360400
07/17/2020,PPRO,50.00,50.00,50.00,50.00,525700
07/17/2020,PRAS,137.00,137.00,119.00,119.00,13300
07/17/2020,PRDA,3020.00,3020.00,3000.00,3000.00,58300
07/17/2020,PRIM,310.00,310.00,290.00,298.00,3100
07/17/2020,PRIM-W,7.00,7.00,6.00,7.00,113100
07/17/2020,PSAB,182.00,182.00,180.00,181.00,3181500
07/17/2020,PSDN,99.00,99.00,99.00,99.00,100
07/17/2020,PSGO,100.00,108.00,100.00,105.00,44400
07/17/2020,PSKT,50.00,50.00,50.00,50.00,100
07/17/2020,PSSI,166.00,166.00,160.00,161.00,249100
07/17/2020,PTBA,2140.00,2170.00,2110.00,2140.00,59441700
07/17/2020,PTIS,163.00,163.00,163.00,163.00,100
07/17/2020,PTPP,1005.00,1005.00,985.00,985.00,19356400
07/17/2020,PTPW,1495.00,1565.00,1495.00,1535.00,3866800
07/17/2020,PTRO,1675.00,1770.00,1675.00,1725.00,3766600
07/17/2020,PTSN,189.00,193.00,188.00,190.00,1642700
07/17/2020,PTSP,3500.00,3750.00,3500.00,3750.00,3000
07/17/2020,PUDP,262.00,262.00,252.00,258.00,4400
07/17/2020,PURA,118.00,125.00,116.00,124.00,89147200
07/17/2020,PURA-W,10.00,13.00,10.00,13.00,86867700
07/17/2020,PURE,105.00,113.00,105.00,110.00,1527000
07/17/2020,PURE-W,11.00,12.00,11.00,11.00,1232600
07/17/2020,PWON,428.00,432.00,422.00,424.00,99900000
07/17/2020,PYFA,660.00,710.00,645.00,700.00,1576900
07/17/2020,PZZA,675.00,680.00,660.00,660.00,2331600
07/17/2020,R-ABFII,28600.00,28600.00,28600.00,28600.00,0
07/17/2020,R-LQ45X,849.00,850.00,848.00,848.00,71800
07/17/2020,RAJA,115.00,117.00,113.00,115.00,11695500
07/17/2020,RALS,570.00,575.00,560.00,565.00,13379100
07/17/2020,RANC,418.00,418.00,404.00,410.00,209400
07/17/2020,RBMS,50.00,50.00,50.00,50.00,3300
07/17/2020,RDTX,5250.00,5250.00,5100.00,5100.00,1900
07/17/2020,REAL,51.00,51.00,50.00,50.00,100106500
07/17/2020,REAL-W,5.00,5.00,4.00,5.00,6488800
07/17/2020,RELI,292.00,292.00,292.00,292.00,0
07/17/2020,RICY,95.00,95.00,93.00,94.00,2000
07/17/2020,RIGS,230.00,230.00,220.00,228.00,24700
07/17/2020,RIMO,50.00,50.00,50.00,50.00,0
07/17/2020,RISE,460.00,460.00,448.00,450.00,396300
07/17/2020,RMBA,234.00,250.00,230.00,230.00,100600
07/17/2020,RODA,51.00,52.00,50.00,51.00,177400
07/17/2020,RONY,170.00,170.00,170.00,170.00,300
07/17/2020,ROTI,1210.00,1215.00,1200.00,1210.00,215100
07/17/2020,RUIS,170.00,170.00,170.00,170.00,5000
07/17/2020,SAFE,192.00,200.00,186.00,192.00,295300
07/17/2020,SAME,60.00,65.00,60.00,64.00,3720500
07/17/2020,SAMF,400.00,400.00,382.00,382.00,2200
07/17/2020,SAPX,2250.00,2250.00,2250.00,2250.00,0
07/17/2020,SATU,50.00,50.00,50.00,50.00,0
07/17/2020,SBAT,101.00,107.00,100.00,102.00,29427700
07/17/2020,SBAT-W,10.00,10.00,7.00,9.00,67779200
07/17/2020,SCCO,9350.00,9600.00,9300.00,9600.00,14700
07/17/2020,SCMA,1215.00,1240.00,1215.00,1235.00,11641200
07/17/2020,SCPI,29000.00,29000.00,29000.00,29000.00,0
07/17/2020,SDMU,50.00,50.00,50.00,50.00,1200
07/17/2020,SDPC,128.00,129.00,121.00,129.00,482000
07/17/2020,SDRA,775.00,775.00,775.00,775.00,0
07/17/2020,SFAN,955.00,985.00,920.00,985.00,1900
07/17/2020,SGRO,1950.00,1950.00,1945.00,1950.00,33200
07/17/2020,SHID,3650.00,3650.00,3650.00,3650.00,0
07/17/2020,SHIP,595.00,600.00,590.00,600.00,399800
07/17/2020,SIDO,1220.00,1230.00,1205.00,1210.00,5929100
07/17/2020,SILO,5050.00,5075.00,5000.00,5050.00,57100
07/17/2020,SIMA,50.00,50.00,50.00,50.00,0
07/17/2020,SIMP,296.00,314.00,292.00,304.00,22076500
07/17/2020,SINI,615.00,615.00,570.00,600.00,2300
07/17/2020,SINI-W,272.00,404.00,222.00,290.00,6000
07/17/2020,SIPD,990.00,990.00,990.00,990.00,0
07/17/2020,SKBM,264.00,264.00,264.00,264.00,0
07/17/2020,SKLT,1610.00,1610.00,1610.00,1610.00,0
07/17/2020,SKRN,615.00,635.00,615.00,620.00,801500
07/17/2020,SKYB,51.00,51.00,51.00,51.00,0
07/17/2020,SLIS,5125.00,5250.00,5100.00,5125.00,305500
07/17/2020,SMAR,3200.00,3200.00,3180.00,3180.00,7000
07/17/2020,SMBR,366.00,382.00,364.00,366.00,19960900
07/17/2020,SMCB,1050.00,1050.00,1030.00,1035.00,72400
07/17/2020,SMDM,99.00,100.00,93.00,93.00,111400
07/17/2020,SMDR,232.00,234.00,230.00,234.00,727300
07/17/2020,SMGR,9325.00,9550.00,9300.00,9350.00,6304800
07/17/2020,SMKL,178.00,179.00,178.00,179.00,138000
07/17/2020,SMKL-W,20.00,21.00,19.00,20.00,99900
07/17/2020,SMMA,16575.00,16575.00,16000.00,16250.00,17200
07/17/2020,SMMT,82.00,98.00,79.00,83.00,1659700
07/17/2020,SMRA,605.00,610.00,590.00,590.00,44218800
07/17/2020,SMRU,50.00,50.00,50.00,50.00,0
07/17/2020,SMSM,1165.00,1190.00,1155.00,1190.00,3032600
07/17/2020,SOCI,132.00,132.00,129.00,129.00,6113900
07/17/2020,SOFA,93.00,96.00,83.00,86.00,11949900
07/17/2020,SOFA-W,6.00,7.00,5.00,6.00,29227400
07/17/2020,SONA,6000.00,6000.00,6000.00,6000.00,0
07/17/2020,SOSS,398.00,398.00,394.00,396.00,900
07/17/2020,SOSS-W,41.00,41.00,41.00,41.00,0
07/17/2020,SOTS,222.00,222.00,202.00,204.00,1100
07/17/2020,SOTS-W,68.00,68.00,26.00,38.00,6600
07/17/2020,SPMA,258.00,258.00,256.00,256.00,20000
07/17/2020,SPTO,492.00,494.00,490.00,494.00,69000
07/17/2020,SQMI,176.00,189.00,176.00,184.00,827300
07/17/2020,SRAJ,130.00,130.00,129.00,130.00,700
07/17/2020,SRIL,202.00,204.00,200.00,200.00,15340300
07/17/2020,SRSN,59.00,60.00,58.00,59.00,2239400
07/17/2020,SRTG,2720.00,2740.00,2710.00,2720.00,136300
07/17/2020,SSIA,368.00,370.00,360.00,364.00,17965900
07/17/2020,SSMS,820.00,830.00,815.00,830.00,720200
07/17/2020,SSTM,670.00,670.00,670.00,670.00,0
07/17/2020,STAR,140.00,140.00,130.00,130.00,10200
07/17/2020,STTP,8750.00,8800.00,8200.00,8400.00,9200
07/17/2020,SUGI,50.00,50.00,50.00,50.00,0
07/17/2020,SULI,50.00,50.00,50.00,50.00,30000
07/17/2020,SUPR,4650.00,4650.00,4650.00,4650.00,0
07/17/2020,SURE,2930.00,2930.00,2930.00,2930.00,0
07/17/2020,SWAT,96.00,98.00,94.00,95.00,1092300
07/17/2020,TALF,214.00,218.00,214.00,218.00,200
07/17/2020,TAMA,155.00,155.00,150.00,154.00,1300
07/17/2020,TAMA-W,7.00,7.00,6.00,7.00,1152200
07/17/2020,TAMU,59.00,60.00,58.00,59.00,2521000
07/17/2020,TARA,140.00,140.00,140.00,140.00,29100
07/17/2020,TAXI,50.00,50.00,50.00,50.00,0
07/17/2020,TBIG,1115.00,1135.00,1115.00,1125.00,45463400
07/17/2020,TBLA,675.00,690.00,665.00,690.00,4480700
07/17/2020,TBMS,660.00,660.00,650.00,650.00,2800
07/17/2020,TCID,7250.00,7250.00,7125.00,7125.00,7600
07/17/2020,TCPI,3800.00,4060.00,3510.00,4010.00,22965300
07/17/2020,TDPM,93.00,94.00,91.00,92.00,1249400
07/17/2020,TEBE,1450.00,1500.00,1305.00,1400.00,7100
07/17/2020,TECH,130.00,143.00,130.00,133.00,1218900
07/17/2020,TELE,121.00,121.00,121.00,121.00,0
07/17/2020,TFAS,160.00,167.00,160.00,167.00,18000
07/17/2020,TFCO,320.00,320.00,320.00,320.00,0
07/17/2020,TGKA,6500.00,6500.00,6500.00,6500.00,0
07/17/2020,TGRA,68.00,71.00,68.00,69.00,1670800
07/17/2020,TIFA,300.00,320.00,300.00,310.00,398900
07/17/2020,TINS,640.00,650.00,635.00,640.00,11696800
07/17/2020,TIRA,268.00,268.00,268.00,268.00,100
07/17/2020,TIRT,51.00,53.00,51.00,53.00,26200
07/17/2020,TKIM,7000.00,7275.00,6850.00,7200.00,26949600
07/17/2020,TLKM,3100.00,3110.00,3060.00,3060.00,112416300
07/17/2020,TMAS,105.00,107.00,102.00,102.00,156400
07/17/2020,TMPO,147.00,147.00,140.00,143.00,1700
07/17/2020,TNCA,162.00,184.00,162.00,178.00,54600
07/17/2020,TOBA,348.00,348.00,348.00,348.00,25800
07/17/2020,TOPS,50.00,50.00,50.00,50.00,427200
07/17/2020,TOTL,320.00,360.00,318.00,332.00,55869100
07/17/2020,TOTO,228.00,230.00,226.00,228.00,42100
07/17/2020,TOWR,1065.00,1080.00,1060.00,1075.00,165849000
07/17/2020,TPIA,7100.00,7100.00,7000.00,7100.00,2627900
07/17/2020,TPMA,324.00,326.00,322.00,324.00,4100
07/17/2020,TRAM,50.00,50.00,50.00,50.00,0
07/17/2020,TRAM-W,11.00,11.00,11.00,11.00,0
07/17/2020,TRIL,50.00,50.00,50.00,50.00,0
07/17/2020,TRIM,120.00,121.00,116.00,120.00,275300
07/17/2020,TRIN,276.00,282.00,268.00,274.00,29588900
07/17/2020,TRIN-W,18.00,18.00,16.00,16.00,9946000
07/17/2020,TRIO,426.00,426.00,426.00,426.00,0
07/17/2020,TRIS,220.00,220.00,220.00,220.00,8000
07/17/2020,TRIS-W,5.00,5.00,5.00,5.00,0
07/17/2020,TRST,380.00,380.00,380.00,380.00,0
07/17/2020,TRUK,121.00,122.00,120.00,120.00,360400
07/17/2020,TRUS,334.00,334.00,334.00,334.00,0
07/17/2020,TSPC,1395.00,1400.00,1380.00,1385.00,66300
07/17/2020,TUGU,2620.00,2710.00,2600.00,2710.00,17200
07/17/2020,TURI,1375.00,1375.00,1375.00,1375.00,191100
07/17/2020,UANG,560.00,560.00,560.00,560.00,24300
07/17/2020,UCID,1510.00,1520.00,1475.00,1505.00,67400
07/17/2020,ULTJ,1625.00,1665.00,1600.00,1620.00,24530400
07/17/2020,UNIC,3800.00,3800.00,3800.00,3800.00,0
07/17/2020,UNIT,144.00,144.00,139.00,139.00,2000
07/17/2020,UNSP,59.00,59.00,58.00,58.00,116000
07/17/2020,UNTR,18200.00,18750.00,18100.00,18450.00,6114000
07/17/2020,UNVR,8100.00,8125.00,7900.00,8125.00,5335500
07/17/2020,URBN,1490.00,1495.00,1490.00,1495.00,155000
07/17/2020,URBN-W,18.00,25.00,18.00,24.00,7200
07/17/2020,VICO,78.00,80.00,75.00,79.00,5000
07/17/2020,VINS,103.00,103.00,98.00,98.00,632500
07/17/2020,VINS-W,3.00,3.00,2.00,3.00,698300
07/17/2020,VIVA,50.00,50.00,50.00,50.00,100
07/17/2020,VOKS,202.00,204.00,199.00,204.00,944400
07/17/2020,VRNA,94.00,110.00,94.00,105.00,3100
07/17/2020,WAPO,65.00,65.00,65.00,65.00,0
07/17/2020,WEGE,206.00,208.00,199.00,200.00,37842000
07/17/2020,WEHA,80.00,81.00,75.00,78.00,381800
07/17/2020,WICO,580.00,580.00,580.00,580.00,500
07/17/2020,WIIM,268.00,272.00,240.00,240.00,186782700
07/17/2020,WIKA,1285.00,1290.00,1250.00,1250.00,18321800
07/17/2020,WINS,92.00,92.00,89.00,92.00,55800
07/17/2020,WOMF,202.00,204.00,200.00,202.00,134300
07/17/2020,WOOD,414.00,416.00,412.00,412.00,21045700
07/17/2020,WOWS,77.00,103.00,72.00,96.00,353833900
07/17/2020,WSBP,208.00,212.00,206.00,208.00,82061900
07/17/2020,WSKT,730.00,735.00,715.00,725.00,29269700
07/17/2020,WTON,300.00,304.00,298.00,300.00,5827600
07/17/2020,XAFA,1016.00,1016.00,1016.00,1016.00,0
07/17/2020,XAQA,770.00,770.00,770.00,770.00,0
07/17/2020,XASG,80.00,113.00,80.00,80.00,101900
07/17/2020,XBES,814.00,814.00,814.00,814.00,0
07/17/2020,XBID,448.00,448.00,448.00,448.00,0
07/17/2020,XBIN,435.00,435.00,435.00,435.00,0
07/17/2020,XBLQ,376.00,376.00,376.00,376.00,0
07/17/2020,XBNI,874.00,874.00,874.00,874.00,0
07/17/2020,XBSK,328.00,328.00,328.00,328.00,0
07/17/2020,XCID,88.00,88.00,81.00,83.00,52600
07/17/2020,XCIS,105.00,105.00,105.00,105.00,0
07/17/2020,XCLQ,81.00,81.00,81.00,81.00,0
07/17/2020,XDIF,386.00,386.00,386.00,386.00,0
07/17/2020,XIHD,402.00,404.00,396.00,396.00,3900
07/17/2020,XIIC,911.00,911.00,911.00,911.00,0
07/17/2020,XIID,440.00,441.00,440.00,441.00,3700
07/17/2020,XIIF,470.00,470.00,470.00,470.00,900
07/17/2020,XIIT,460.00,462.00,453.00,462.00,432600
07/17/2020,XIJI,573.00,573.00,571.00,571.00,2600
07/17/2020,XILV,100.00,100.00,100.00,100.00,0
07/17/2020,XIML,229.00,229.00,229.00,229.00,400
07/17/2020,XIPI,140.00,140.00,140.00,140.00,0
07/17/2020,XISB,398.00,398.00,398.00,398.00,0
07/17/2020,XISC,540.00,540.00,540.00,540.00,3700
07/17/2020,XISI,268.00,268.00,268.00,268.00,3000
07/17/2020,XISR,332.00,332.00,332.00,332.00,3600
07/17/2020,XKIV,368.00,368.00,368.00,368.00,1600
07/17/2020,XMIG,140.00,140.00,140.00,140.00,0
07/17/2020,XMJM,1001.00,1001.00,1001.00,1001.00,0
07/17/2020,XMTS,406.00,406.00,406.00,406.00,0
07/17/2020,XNVE,115.00,115.00,115.00,115.00,0
07/17/2020,XPCR,767.00,767.00,767.00,767.00,0
07/17/2020,XPDV,383.00,383.00,383.00,383.00,0
07/17/2020,XPES,359.00,359.00,359.00,359.00,0
07/17/2020,XPFT,520.00,520.00,520.00,520.00,0
07/17/2020,XPID,425.00,425.00,425.00,425.00,0
07/17/2020,XPLC,384.00,384.00,384.00,384.00,0
07/17/2020,XPLQ,391.00,391.00,391.00,391.00,0
07/17/2020,XPMI,805.00,805.00,805.00,805.00,0
07/17/2020,XPSG,353.00,353.00,353.00,353.00,0
07/17/2020,XPTD,416.00,416.00,416.00,416.00,0
07/17/2020,XSBC,95.00,95.00,95.00,95.00,0
07/17/2020,XSMU,108.00,109.00,108.00,109.00,6900
07/17/2020,XSPI,750.00,750.00,750.00,750.00,0
07/17/2020,XSRI,154.00,154.00,154.00,154.00,0
07/17/2020,XSSI,115.00,115.00,115.00,115.00,200
07/17/2020,XSSK,569.00,569.00,569.00,569.00,0
07/17/2020,YELO,50.00,50.00,50.00,50.00,25400
07/17/2020,YELO-W,5.00,9.00,5.00,6.00,3810300
07/17/2020,YPAS,466.00,466.00,466.00,466.00,100
07/17/2020,YULE,190.00,190.00,190.00,190.00,0
07/17/2020,ZBRA,51.00,51.00,50.00,50.00,1800
07/17/2020,ZINC,140.00,143.00,137.00,138.00,156940500
07/17/2020,ZONE,416.00,416.00,416.00,416.00,70400
