<date>,<ticker>,<open>,<high>,<low>,<close>,<volume>
11/06/2020,AALI,10900.00,11025.00,10725.00,10900.00,4071800
11/06/2020,ABBA,50.00,50.00,50.00,50.00,1489200
11/06/2020,ABDA,6450.00,6450.00,6450.00,6450.00,0
11/06/2020,ABMM,830.00,830.00,795.00,805.00,16500
11/06/2020,ACES,1630.00,1630.00,1610.00,1625.00,8896500
11/06/2020,ACST,193.00,195.00,192.00,193.00,22824200
11/06/2020,ADES,1165.00,1185.00,1160.00,1180.00,29800
11/06/2020,ADHI,590.00,600.00,585.00,600.00,14587200
11/06/2020,ADMF,7750.00,7850.00,7725.00,7800.00,84600
11/06/2020,ADMG,145.00,149.00,142.00,144.00,475100
11/06/2020,ADRO,1150.00,1155.00,1130.00,1140.00,57817100
11/06/2020,AGAR,500.00,500.00,500.00,500.00,0
11/06/2020,AGII,765.00,770.00,750.00,750.00,367100
11/06/2020,AGRO,376.00,384.00,372.00,372.00,47582100
11/06/2020,AGRS,153.00,172.00,153.00,164.00,14500
11/06/2020,AHAP,56.00,59.00,56.00,57.00,47900
11/06/2020,AIMS,117.00,164.00,117.00,118.00,12900
11/06/2020,AISA,222.00,224.00,218.00,220.00,18864600
11/06/2020,AKKU,50.00,50.00,50.00,50.00,2100
11/06/2020,AKPI,288.00,288.00,288.00,288.00,0
11/06/2020,AKRA,2630.00,2720.00,2610.00,2720.00,19748000
11/06/2020,AKSI,396.00,396.00,380.00,380.00,500
11/06/2020,ALDO,422.00,422.00,418.00,418.00,155200
11/06/2020,ALKA,234.00,248.00,220.00,248.00,2600
11/06/2020,ALMI,222.00,240.00,214.00,238.00,2900
11/06/2020,ALTO,270.00,288.00,270.00,288.00,6700
11/06/2020,AMAG,198.00,202.00,198.00,202.00,76100
11/06/2020,AMAN,264.00,264.00,260.00,260.00,287800
11/06/2020,AMAR,300.00,300.00,298.00,300.00,29500
11/06/2020,AMFG,2550.00,2550.00,2540.00,2540.00,2600
11/06/2020,AMIN,284.00,318.00,284.00,298.00,1500
11/06/2020,AMOR,2310.00,2340.00,2310.00,2330.00,261700
11/06/2020,AMRT,725.00,725.00,710.00,715.00,667800
11/06/2020,ANDI,50.00,50.00,50.00,50.00,52200
11/06/2020,ANJT,570.00,570.00,535.00,555.00,2100
11/06/2020,ANTM,1140.00,1140.00,1115.00,1125.00,202159600
11/06/2020,APEX,151.00,151.00,151.00,151.00,100
11/06/2020,APIC,890.00,925.00,890.00,920.00,11623200
11/06/2020,APII,147.00,150.00,147.00,150.00,5200
11/06/2020,APLI,114.00,125.00,114.00,121.00,42600
11/06/2020,APLN,109.00,114.00,109.00,113.00,57313100
11/06/2020,ARGO,1450.00,1450.00,1450.00,1450.00,100
11/06/2020,ARII,426.00,446.00,426.00,446.00,16700
11/06/2020,ARKA,73.00,76.00,72.00,74.00,5340400
11/06/2020,ARMY,50.00,50.00,50.00,50.00,0
11/06/2020,ARNA,500.00,520.00,496.00,515.00,8641900
11/06/2020,ARTA,274.00,274.00,274.00,274.00,100
11/06/2020,ARTI,50.00,50.00,50.00,50.00,500
11/06/2020,ARTO,2910.00,2920.00,2850.00,2920.00,116100
11/06/2020,ASBI,310.00,310.00,310.00,310.00,100
11/06/2020,ASDM,900.00,900.00,900.00,900.00,200
11/06/2020,ASGR,675.00,675.00,665.00,670.00,736300
11/06/2020,ASII,5525.00,5875.00,5525.00,5825.00,62036900
11/06/2020,ASJT,122.00,122.00,111.00,118.00,2900
11/06/2020,ASMI,1075.00,1080.00,1065.00,1080.00,10000
11/06/2020,ASPI,93.00,95.00,92.00,94.00,698000
11/06/2020,ASPI-W,11.00,13.00,11.00,13.00,69400
11/06/2020,ASRI,151.00,157.00,151.00,154.00,217040000
11/06/2020,ASRM,1730.00,1730.00,1730.00,1730.00,400
11/06/2020,ASSA,498.00,510.00,496.00,505.00,7135900
11/06/2020,ATIC,635.00,635.00,635.00,635.00,16000
11/06/2020,AUTO,880.00,880.00,870.00,880.00,1015300
11/06/2020,AYLS,50.00,51.00,50.00,50.00,3889900
11/06/2020,AYLS-W,4.00,5.00,4.00,4.00,4221500
11/06/2020,BABP,52.00,52.00,50.00,50.00,51477900
11/06/2020,BABP-W3,18.00,18.00,18.00,18.00,0
11/06/2020,BABP-W4,8.00,9.00,6.00,8.00,15920400
11/06/2020,BACA,398.00,398.00,396.00,396.00,23700
11/06/2020,BACA-W2,100.00,100.00,100.00,100.00,0
11/06/2020,BAJA,102.00,105.00,99.00,100.00,4265000
11/06/2020,BALI,985.00,1025.00,925.00,1000.00,128100
11/06/2020,BAPA,50.00,50.00,50.00,50.00,1000
11/06/2020,BAPI,50.00,50.00,50.00,50.00,102200
11/06/2020,BAPI-W,2.00,3.00,1.00,2.00,6136900
11/06/2020,BATA,620.00,635.00,620.00,620.00,9900
11/06/2020,BAYU,1160.00,1160.00,1160.00,1160.00,0
11/06/2020,BBCA,30800.00,31500.00,30300.00,31500.00,27460700
11/06/2020,BBHI,310.00,344.00,298.00,298.00,10890800
11/06/2020,BBKP,246.00,248.00,242.00,244.00,104588500
11/06/2020,BBLD,360.00,362.00,360.00,362.00,300000
11/06/2020,BBMD,1585.00,1585.00,1585.00,1585.00,0
11/06/2020,BBNI,4860.00,5025.00,4770.00,4960.00,120355000
11/06/2020,BBRI,3510.00,3600.00,3470.00,3560.00,268767800
11/06/2020,BBRM,50.00,50.00,50.00,50.00,0
11/06/2020,BBSI,760.00,780.00,740.00,760.00,330100
11/06/2020,BBSS,120.00,121.00,117.00,117.00,640400
11/06/2020,BBSS-W,5.00,6.00,5.00,6.00,1762400
11/06/2020,BBTN,1450.00,1550.00,1425.00,1535.00,206854100
11/06/2020,BBYB,330.00,330.00,322.00,324.00,24200
11/06/2020,BCAP,116.00,118.00,114.00,118.00,1111600
11/06/2020,BCIC,700.00,700.00,700.00,700.00,0
11/06/2020,BCIP,51.00,51.00,50.00,51.00,378800
11/06/2020,BDMN,2520.00,2540.00,2470.00,2500.00,1817000
11/06/2020,BEEF,142.00,142.00,139.00,140.00,2032100
11/06/2020,BEEF-W,10.00,10.00,10.00,10.00,900
11/06/2020,BEKS,50.00,50.00,50.00,50.00,3951900
11/06/2020,BELL,156.00,157.00,155.00,157.00,3682700
11/06/2020,BESS,222.00,222.00,200.00,202.00,29200
11/06/2020,BESS-W,66.00,68.00,64.00,68.00,12200
11/06/2020,BEST,168.00,172.00,165.00,169.00,216420000
11/06/2020,BFIN,386.00,398.00,382.00,386.00,3805900
11/06/2020,BGTG,61.00,63.00,57.00,58.00,17470100
11/06/2020,BHAT,590.00,605.00,585.00,595.00,123449800
11/06/2020,BHIT,82.00,85.00,77.00,79.00,280569800
11/06/2020,BIKA,137.00,137.00,137.00,137.00,200
11/06/2020,BIMA,50.00,50.00,50.00,50.00,200
11/06/2020,BINA,690.00,705.00,690.00,705.00,2141100
11/06/2020,BIPI,50.00,50.00,50.00,50.00,79600
11/06/2020,BIPI-W,8.00,8.00,8.00,8.00,153900
11/06/2020,BIPP,53.00,53.00,52.00,53.00,3800
11/06/2020,BIRD,820.00,855.00,810.00,840.00,4011500
11/06/2020,BISI,905.00,915.00,905.00,910.00,90900
11/06/2020,BJBR,1115.00,1130.00,1110.00,1130.00,13412500
11/06/2020,BJTM,575.00,585.00,570.00,580.00,20467900
11/06/2020,BKDP,52.00,54.00,50.00,50.00,7700
11/06/2020,BKSL,50.00,50.00,50.00,50.00,1093700
11/06/2020,BKSW,120.00,120.00,115.00,118.00,164600
11/06/2020,BLTA,50.00,50.00,50.00,50.00,1200
11/06/2020,BLTZ,3120.00,3120.00,3120.00,3120.00,0
11/06/2020,BLUE,660.00,670.00,660.00,670.00,124400
11/06/2020,BMAS,288.00,288.00,288.00,288.00,100
11/06/2020,BMRI,5975.00,6100.00,5925.00,6050.00,82109500
11/06/2020,BMSR,60.00,62.00,56.00,60.00,689800
11/06/2020,BMTR,236.00,242.00,232.00,236.00,117808700
11/06/2020,BNBA,366.00,370.00,362.00,366.00,15400
11/06/2020,BNBR,50.00,50.00,50.00,50.00,13600
11/06/2020,BNGA,770.00,795.00,760.00,785.00,8840400
11/06/2020,BNII,222.00,258.00,222.00,234.00,80430400
11/06/2020,BNLI,2120.00,2150.00,2120.00,2130.00,983600
11/06/2020,BOGA,1385.00,1410.00,1380.00,1395.00,112044200
11/06/2020,BOLA,154.00,154.00,147.00,148.00,65500
11/06/2020,BOLT,550.00,560.00,550.00,560.00,600
11/06/2020,BOSS,106.00,119.00,106.00,112.00,46156900
11/06/2020,BPFI,1150.00,1150.00,1150.00,1150.00,0
11/06/2020,BPII,10000.00,10000.00,10000.00,10000.00,0
11/06/2020,BPTR,87.00,87.00,82.00,87.00,5500
11/06/2020,BRAM,5375.00,5375.00,5375.00,5375.00,300
11/06/2020,BRIS,1270.00,1295.00,1225.00,1230.00,172573900
11/06/2020,BRMS,64.00,66.00,61.00,65.00,212293600
11/06/2020,BRNA,1100.00,1110.00,1100.00,1110.00,10100
11/06/2020,BRPT,930.00,940.00,915.00,935.00,74730800
11/06/2020,BRPT-W,500.00,500.00,500.00,500.00,0
11/06/2020,BSDE,940.00,990.00,915.00,985.00,66251500
11/06/2020,BSIM,498.00,498.00,452.00,482.00,340600
11/06/2020,BSIM-W3,19.00,19.00,19.00,19.00,100
11/06/2020,BSSR,1385.00,1385.00,1380.00,1380.00,3700
11/06/2020,BSWD,1750.00,1750.00,1750.00,1750.00,0
11/06/2020,BTEK,50.00,50.00,50.00,50.00,500
11/06/2020,BTEL,50.00,50.00,50.00,50.00,0
11/06/2020,BTON,200.00,208.00,200.00,208.00,300
11/06/2020,BTPN,2320.00,2330.00,2290.00,2320.00,257400
11/06/2020,BTPS,3840.00,3980.00,3830.00,3930.00,13851400
11/06/2020,BUDI,100.00,100.00,97.00,99.00,73500
11/06/2020,BUKK,725.00,725.00,700.00,705.00,22500
11/06/2020,BULL,326.00,328.00,322.00,326.00,255341800
11/06/2020,BULL-W2,120.00,120.00,105.00,110.00,61100
11/06/2020,BUMI,50.00,51.00,50.00,50.00,142735300
11/06/2020,BUVA,53.00,53.00,52.00,52.00,79900
11/06/2020,BVIC,99.00,106.00,99.00,103.00,1412100
11/06/2020,BWPT,96.00,98.00,95.00,96.00,27817700
11/06/2020,BYAN,13600.00,13600.00,13500.00,13500.00,1000
11/06/2020,CAKK,52.00,53.00,51.00,51.00,2802000
11/06/2020,CAMP,258.00,260.00,258.00,260.00,465700
11/06/2020,CANI,105.00,114.00,105.00,105.00,300
11/06/2020,CARE,354.00,358.00,352.00,354.00,207047400
11/06/2020,CARS,50.00,50.00,50.00,50.00,58300
11/06/2020,CASA,388.00,388.00,388.00,388.00,1047300
11/06/2020,CASA-W,113.00,113.00,113.00,113.00,0
11/06/2020,CASH,535.00,550.00,525.00,530.00,1076700
11/06/2020,CASH-W,25.00,26.00,23.00,25.00,3959200
11/06/2020,CASS,200.00,210.00,198.00,202.00,4541400
11/06/2020,CBMF,488.00,488.00,468.00,468.00,2310800
11/06/2020,CCSI,232.00,232.00,224.00,228.00,728100
11/06/2020,CEKA,1750.00,1775.00,1740.00,1775.00,116400
11/06/2020,CENT,134.00,134.00,128.00,133.00,4906700
11/06/2020,CFIN,191.00,193.00,187.00,190.00,6788800
11/06/2020,CINT,258.00,258.00,258.00,258.00,100
11/06/2020,CITA,2310.00,2490.00,2300.00,2400.00,1500
11/06/2020,CITY,101.00,101.00,91.00,97.00,1600
11/06/2020,CITY-W,16.00,17.00,15.00,17.00,241500
11/06/2020,CLAY,1810.00,1850.00,1810.00,1850.00,4000
11/06/2020,CLEO,478.00,484.00,478.00,484.00,7382100
11/06/2020,CLPI,690.00,690.00,680.00,685.00,43600
11/06/2020,CMNP,1090.00,1105.00,1085.00,1095.00,214400
11/06/2020,CMPP,184.00,184.00,184.00,184.00,0
11/06/2020,CNKO,50.00,50.00,50.00,50.00,0
11/06/2020,CNTB,250.00,250.00,250.00,250.00,0
11/06/2020,CNTX,232.00,232.00,232.00,232.00,0
11/06/2020,COCO,925.00,925.00,925.00,925.00,0
11/06/2020,COCO-W,400.00,400.00,400.00,400.00,0
11/06/2020,COWL,50.00,50.00,50.00,50.00,0
11/06/2020,CPIN,6275.00,6400.00,6100.00,6400.00,11694600
11/06/2020,CPRI,50.00,50.00,50.00,50.00,3600
11/06/2020,CPRI-W,13.00,13.00,13.00,13.00,500
11/06/2020,CPRO,50.00,50.00,50.00,50.00,9400
11/06/2020,CSAP,334.00,400.00,334.00,400.00,99500
11/06/2020,CSIS,51.00,51.00,50.00,50.00,42900
11/06/2020,CSMI,575.00,575.00,540.00,540.00,200
11/06/2020,CSRA,328.00,346.00,328.00,338.00,2785400
11/06/2020,CTBN,3060.00,3060.00,3060.00,3060.00,0
11/06/2020,CTRA,825.00,845.00,805.00,840.00,63840000
11/06/2020,CTTH,53.00,54.00,50.00,51.00,1172700
11/06/2020,DADA,50.00,52.00,50.00,51.00,36914000
11/06/2020,DADA-W,5.00,5.00,4.00,5.00,3249000
11/06/2020,DART,238.00,240.00,238.00,240.00,10200
11/06/2020,DAYA,565.00,565.00,565.00,565.00,1000
11/06/2020,DEAL,137.00,155.00,137.00,146.00,25968500
11/06/2020,DEAL-W,3.00,3.00,3.00,3.00,0
11/06/2020,DEFI,1640.00,1650.00,1640.00,1650.00,11300
11/06/2020,DEWA,50.00,50.00,50.00,50.00,23200
11/06/2020,DFAM,294.00,306.00,274.00,290.00,36900
11/06/2020,DFAM-W,120.00,120.00,120.00,120.00,0
11/06/2020,DGIK,50.00,50.00,50.00,50.00,200
11/06/2020,DIGI,1935.00,1935.00,1935.00,1935.00,0
11/06/2020,DILD,155.00,155.00,154.00,155.00,23947800
11/06/2020,DIVA,2170.00,2250.00,2100.00,2250.00,6900
11/06/2020,DKFT,163.00,166.00,155.00,156.00,49091600
11/06/2020,DLTA,4020.00,4040.00,4020.00,4040.00,20800
11/06/2020,DMAS,220.00,224.00,214.00,216.00,112969900
11/06/2020,DMMX,174.00,175.00,172.00,174.00,1897800
11/06/2020,DMND,900.00,900.00,895.00,900.00,9400
11/06/2020,DNAR,188.00,252.00,185.00,244.00,35593500
11/06/2020,DNET,3450.00,3450.00,3450.00,3450.00,0
11/06/2020,DOID,238.00,250.00,236.00,246.00,37837100
11/06/2020,DPNS,248.00,248.00,248.00,248.00,10100
11/06/2020,DPUM,54.00,56.00,52.00,53.00,2242700
11/06/2020,DSFI,60.00,65.00,60.00,64.00,524700
11/06/2020,DSNG,474.00,498.00,472.00,494.00,13528100
11/06/2020,DSSA,15500.00,15500.00,15500.00,15500.00,0
11/06/2020,DUCK,282.00,286.00,278.00,282.00,5808300
11/06/2020,DUTI,3560.00,3600.00,3550.00,3550.00,1800
11/06/2020,DVLA,2640.00,2650.00,2620.00,2620.00,75500
11/06/2020,DWGL,216.00,216.00,193.00,216.00,9400
11/06/2020,DWGL-W,29.00,32.00,27.00,29.00,226100
11/06/2020,DYAN,50.00,50.00,50.00,50.00,68900
11/06/2020,EAST,55.00,55.00,54.00,54.00,551600
11/06/2020,EAST-W,7.00,7.00,6.00,6.00,2995700
11/06/2020,ECII,630.00,650.00,620.00,625.00,6600
11/06/2020,EKAD,1265.00,1275.00,1260.00,1270.00,427600
11/06/2020,ELSA,216.00,218.00,212.00,214.00,10681500
11/06/2020,ELTY,50.00,50.00,50.00,50.00,0
11/06/2020,EMDE,200.00,200.00,200.00,200.00,0
11/06/2020,EMTK,9550.00,9700.00,9400.00,9600.00,61600
11/06/2020,ENRG,60.00,61.00,57.00,60.00,77307500
11/06/2020,ENVY,50.00,50.00,50.00,50.00,984700
11/06/2020,ENZO,50.00,51.00,50.00,50.00,1397000
11/06/2020,ENZO-W,7.00,7.00,6.00,7.00,1169700
11/06/2020,EPAC,282.00,284.00,268.00,268.00,3218400
11/06/2020,EPMT,1860.00,1860.00,1860.00,1860.00,3600
11/06/2020,ERAA,1755.00,1770.00,1735.00,1755.00,16779300
11/06/2020,ERTX,113.00,113.00,113.00,113.00,100
11/06/2020,ESIP,94.00,95.00,91.00,94.00,20598200
11/06/2020,ESIP-W,10.00,10.00,10.00,10.00,192500
11/06/2020,ESSA,140.00,140.00,137.00,138.00,1054700
11/06/2020,ESTA,97.00,100.00,97.00,99.00,174200
11/06/2020,ESTI,54.00,54.00,52.00,53.00,347900
11/06/2020,ETWA,62.00,62.00,62.00,62.00,0
11/06/2020,EXCL,2150.00,2200.00,2120.00,2180.00,71675400
11/06/2020,FAST,915.00,930.00,915.00,925.00,23200
11/06/2020,FASW,6500.00,6500.00,6500.00,6500.00,1700
11/06/2020,FILM,196.00,228.00,196.00,208.00,57956000
11/06/2020,FINN,50.00,50.00,50.00,50.00,0
11/06/2020,FIRE,264.00,322.00,260.00,284.00,323582700
11/06/2020,FISH,2600.00,2600.00,2600.00,2600.00,0
11/06/2020,FITT,58.00,58.00,55.00,56.00,10900
11/06/2020,FITT-W,14.00,17.00,14.00,17.00,7700
11/06/2020,FMII,354.00,354.00,354.00,354.00,0
11/06/2020,FOOD,95.00,112.00,95.00,100.00,5303300
11/06/2020,FORU,86.00,87.00,86.00,87.00,7500
11/06/2020,FORZ,50.00,50.00,50.00,50.00,500
11/06/2020,FPNI,115.00,122.00,115.00,118.00,3605000
11/06/2020,FREN,67.00,67.00,62.00,64.00,526431600
11/06/2020,FREN-W,38.00,38.00,36.00,38.00,1379100
11/06/2020,FUJI,119.00,119.00,116.00,116.00,45200
11/06/2020,GAMA,50.00,50.00,50.00,50.00,11200
11/06/2020,GDST,71.00,73.00,70.00,71.00,3446800
11/06/2020,GDYR,1405.00,1405.00,1405.00,1405.00,0
11/06/2020,GEMA,338.00,338.00,338.00,338.00,18400
11/06/2020,GEMS,2550.00,2550.00,2550.00,2550.00,0
11/06/2020,GGRM,41800.00,41800.00,41225.00,41800.00,1347800
11/06/2020,GGRP,330.00,340.00,330.00,340.00,6600
11/06/2020,GHON,1610.00,1610.00,1610.00,1610.00,1000
11/06/2020,GIAA,242.00,246.00,238.00,242.00,19757700
11/06/2020,GJTL,468.00,490.00,468.00,478.00,4144500
11/06/2020,GLOB,111.00,130.00,111.00,128.00,41300
11/06/2020,GLVA,314.00,326.00,314.00,326.00,16900
11/06/2020,GMFI,79.00,80.00,78.00,79.00,2387400
11/06/2020,GMTD,17975.00,17975.00,17975.00,17975.00,0
11/06/2020,GOLD,206.00,206.00,202.00,202.00,31400
11/06/2020,GOLL,50.00,50.00,50.00,50.00,0
11/06/2020,GOOD,1235.00,1240.00,1230.00,1240.00,241100
11/06/2020,GPRA,51.00,51.00,50.00,50.00,195400
11/06/2020,GREN,328.00,328.00,328.00,328.00,0
11/06/2020,GSMF,92.00,94.00,87.00,87.00,6400
11/06/2020,GTBO,75.00,75.00,75.00,75.00,0
11/06/2020,GWSA,95.00,99.00,93.00,97.00,533000
11/06/2020,GZCO,50.00,50.00,50.00,50.00,72200
11/06/2020,HADE,50.00,50.00,50.00,50.00,100
11/06/2020,HDFA,147.00,147.00,147.00,147.00,0
11/06/2020,HDIT,342.00,348.00,338.00,348.00,30400
11/06/2020,HDTX,120.00,120.00,120.00,120.00,0
11/06/2020,HEAL,3170.00,3240.00,3170.00,3220.00,107300
11/06/2020,HELI,204.00,214.00,204.00,214.00,19700
11/06/2020,HELI-W,7.00,8.00,6.00,6.00,100300
11/06/2020,HERO,815.00,825.00,805.00,805.00,1900
11/06/2020,HEXA,2950.00,2970.00,2930.00,2960.00,402300
11/06/2020,HITS,470.00,470.00,470.00,470.00,100
11/06/2020,HKMU,72.00,72.00,70.00,71.00,10434300
11/06/2020,HMSP,1430.00,1470.00,1425.00,1445.00,92054400
11/06/2020,HOKI,850.00,860.00,840.00,840.00,8563800
11/06/2020,HOKI-W,500.00,500.00,500.00,500.00,0
11/06/2020,HOME,50.00,50.00,50.00,50.00,0
11/06/2020,HOMI,1000.00,1020.00,1000.00,1005.00,1141100
11/06/2020,HOTL,50.00,50.00,50.00,50.00,200
11/06/2020,HRME,50.00,50.00,50.00,50.00,4900
11/06/2020,HRTA,200.00,202.00,197.00,198.00,3225100
11/06/2020,HRUM,2190.00,2220.00,2160.00,2160.00,2407600
11/06/2020,IATA,50.00,50.00,50.00,50.00,1503100
11/06/2020,IBFN,310.00,310.00,298.00,310.00,10100
11/06/2020,IBFN-W,8.00,8.00,6.00,7.00,81900
11/06/2020,IBST,8000.00,8000.00,8000.00,8000.00,0
11/06/2020,ICBP,9900.00,9950.00,9800.00,9875.00,10391600
11/06/2020,ICON,56.00,57.00,52.00,53.00,1143900
11/06/2020,IDPR,169.00,180.00,169.00,180.00,11500
11/06/2020,IFII,125.00,133.00,125.00,126.00,1729300
11/06/2020,IFSH,378.00,380.00,378.00,378.00,13300
11/06/2020,IGAR,322.00,330.00,320.00,324.00,69400
11/06/2020,IIKP,50.00,50.00,50.00,50.00,0
11/06/2020,IKAI,60.00,60.00,55.00,55.00,21216600
11/06/2020,IKAN,178.00,181.00,176.00,176.00,6068700
11/06/2020,IKBI,210.00,218.00,210.00,218.00,4900
11/06/2020,IMAS,725.00,725.00,710.00,710.00,3771800
11/06/2020,IMJS,232.00,236.00,230.00,232.00,871100
11/06/2020,IMPC,1360.00,1365.00,1335.00,1360.00,802100
11/06/2020,INAF,3150.00,3190.00,3120.00,3150.00,825400
11/06/2020,INAI,334.00,334.00,320.00,326.00,6700
11/06/2020,INCF,55.00,56.00,54.00,56.00,642700
11/06/2020,INCI,665.00,675.00,650.00,665.00,155000
11/06/2020,INCO,4300.00,4310.00,4230.00,4270.00,8586100
11/06/2020,INDF,7025.00,7200.00,7025.00,7175.00,17154400
11/06/2020,INDO,125.00,135.00,115.00,117.00,3904000
11/06/2020,INDO-W,21.00,24.00,17.00,20.00,1144800
11/06/2020,INDR,2260.00,2260.00,2160.00,2250.00,7300
11/06/2020,INDS,1945.00,1980.00,1920.00,1975.00,15400
11/06/2020,INDX,50.00,51.00,50.00,51.00,29600
11/06/2020,INDY,945.00,965.00,940.00,955.00,12112600
11/06/2020,INKP,9225.00,9700.00,9125.00,9700.00,14070600
11/06/2020,INOV,154.00,154.00,150.00,152.00,135700
11/06/2020,INPC,63.00,70.00,60.00,68.00,4158000
11/06/2020,INPC-W,4.00,5.00,4.00,4.00,10200900
11/06/2020,INPP,760.00,840.00,760.00,760.00,909100
11/06/2020,INPS,1440.00,1440.00,1410.00,1410.00,836300
11/06/2020,INRU,920.00,920.00,920.00,920.00,400
11/06/2020,INTA,216.00,232.00,216.00,232.00,11700
11/06/2020,INTD,141.00,153.00,128.00,129.00,241300
11/06/2020,INTP,12525.00,13150.00,12300.00,13100.00,4311900
11/06/2020,IPCC,388.00,390.00,382.00,384.00,1986300
11/06/2020,IPCM,228.00,234.00,226.00,226.00,323700
11/06/2020,IPOL,84.00,87.00,84.00,86.00,665200
11/06/2020,IPTV,296.00,296.00,292.00,296.00,12477200
11/06/2020,IPTV-W,25.00,27.00,25.00,27.00,19000
11/06/2020,IRRA,875.00,885.00,860.00,865.00,12273200
11/06/2020,ISAT,2120.00,2170.00,2060.00,2140.00,8798100
11/06/2020,ISSP,125.00,126.00,124.00,126.00,2812300
11/06/2020,ITIC,825.00,850.00,815.00,820.00,1059300
11/06/2020,ITMA,490.00,490.00,464.00,464.00,43400
11/06/2020,ITMA-W,73.00,73.00,44.00,68.00,4300
11/06/2020,ITMG,8425.00,8575.00,8375.00,8550.00,4319000
11/06/2020,JAST,99.00,101.00,98.00,101.00,10124000
11/06/2020,JAWA,81.00,96.00,81.00,91.00,1144000
11/06/2020,JAYA,110.00,118.00,108.00,111.00,15464800
11/06/2020,JAYA-W,12.00,12.00,10.00,11.00,1816800
11/06/2020,JECC,6500.00,6500.00,6500.00,6500.00,0
11/06/2020,JGLE,50.00,50.00,50.00,50.00,0
11/06/2020,JIHD,418.00,418.00,418.00,418.00,0
11/06/2020,JKON,340.00,340.00,340.00,340.00,0
11/06/2020,JKSW,60.00,60.00,60.00,60.00,0
11/06/2020,JMAS,148.00,148.00,143.00,143.00,24100
11/06/2020,JPFA,1100.00,1145.00,1095.00,1140.00,57860700
11/06/2020,JRPT,416.00,418.00,414.00,416.00,7202900
11/06/2020,JSKY,216.00,232.00,216.00,224.00,74218200
11/06/2020,JSMR,3830.00,3920.00,3780.00,3900.00,21235900
11/06/2020,JSPT,1010.00,1010.00,910.00,910.00,1600
11/06/2020,JTPE,895.00,905.00,895.00,900.00,1528100
11/06/2020,KAEF,3150.00,3170.00,3120.00,3150.00,4176500
11/06/2020,KARW,80.00,80.00,75.00,75.00,313000
11/06/2020,KAYU,56.00,60.00,52.00,57.00,10784800
11/06/2020,KBAG,50.00,53.00,50.00,53.00,351077600
11/06/2020,KBAG-W,4.00,5.00,4.00,5.00,7188900
11/06/2020,KBLI,310.00,312.00,304.00,312.00,1834900
11/06/2020,KBLM,198.00,198.00,192.00,193.00,98400
11/06/2020,KBLV,374.00,374.00,374.00,374.00,100
11/06/2020,KBRI,50.00,50.00,50.00,50.00,0
11/06/2020,KDSI,740.00,740.00,735.00,740.00,29300
11/06/2020,KEEN,296.00,298.00,294.00,294.00,2526800
11/06/2020,KEJU,1160.00,1170.00,1160.00,1170.00,434400
11/06/2020,KIAS,60.00,61.00,56.00,56.00,1567800
11/06/2020,KICI,179.00,179.00,179.00,179.00,0
11/06/2020,KIJA,197.00,204.00,195.00,199.00,25673600
11/06/2020,KINO,2990.00,3010.00,2960.00,3000.00,27300
11/06/2020,KIOS,170.00,170.00,155.00,155.00,38200
11/06/2020,KJEN,1315.00,1315.00,1315.00,1315.00,0
11/06/2020,KKGI,199.00,199.00,195.00,199.00,41200
11/06/2020,KLBF,1510.00,1530.00,1500.00,1515.00,52447500
11/06/2020,KMDS,580.00,580.00,550.00,570.00,33200
11/06/2020,KMTR,340.00,342.00,332.00,334.00,19800
11/06/2020,KOBX,103.00,104.00,101.00,103.00,211800
11/06/2020,KOIN,107.00,107.00,107.00,107.00,0
11/06/2020,KONI,374.00,374.00,374.00,374.00,1100
11/06/2020,KOPI,444.00,444.00,444.00,444.00,0
11/06/2020,KOTA,270.00,270.00,254.00,254.00,139000
11/06/2020,KOTA-W,76.00,89.00,52.00,62.00,2800
11/06/2020,KPAL,51.00,52.00,50.00,51.00,3578600
11/06/2020,KPAS,64.00,74.00,62.00,66.00,25985100
11/06/2020,KPAS-W,21.00,24.00,20.00,23.00,1515700
11/06/2020,KPIG,106.00,106.00,103.00,104.00,2773600
11/06/2020,KRAH,436.00,436.00,436.00,436.00,0
11/06/2020,KRAS,370.00,376.00,368.00,370.00,13956500
11/06/2020,KREN,85.00,91.00,84.00,88.00,21126200
11/06/2020,LAND,183.00,187.00,168.00,168.00,290900
11/06/2020,LAPD,50.00,50.00,50.00,50.00,0
11/06/2020,LCGP,114.00,114.00,114.00,114.00,0
11/06/2020,LCKM,334.00,354.00,334.00,350.00,86900
11/06/2020,LEAD,50.00,50.00,50.00,50.00,26100
11/06/2020,LIFE,5000.00,5000.00,5000.00,5000.00,1000
11/06/2020,LINK,2150.00,2170.00,2100.00,2120.00,6432900
11/06/2020,LION,228.00,228.00,226.00,226.00,5000
11/06/2020,LMAS,50.00,50.00,50.00,50.00,100
11/06/2020,LMPI,81.00,81.00,80.00,81.00,99800
11/06/2020,LMSH,268.00,268.00,268.00,268.00,0
11/06/2020,LPCK,920.00,970.00,900.00,930.00,3181800
11/06/2020,LPGI,3400.00,3400.00,3150.00,3370.00,14600
11/06/2020,LPIN,220.00,228.00,220.00,226.00,6000
11/06/2020,LPKR,134.00,137.00,134.00,136.00,51504100
11/06/2020,LPLI,77.00,84.00,72.00,83.00,79200
11/06/2020,LPPF,880.00,880.00,810.00,810.00,122175300
11/06/2020,LPPS,81.00,94.00,79.00,79.00,2482700
11/06/2020,LRNA,120.00,121.00,115.00,121.00,3500
11/06/2020,LSIP,995.00,1020.00,985.00,1005.00,41902400
11/06/2020,LTLS,430.00,434.00,430.00,434.00,32900
11/06/2020,LUCK,165.00,165.00,159.00,161.00,2242100
11/06/2020,MABA,50.00,50.00,50.00,50.00,0
11/06/2020,MAGP,50.00,50.00,50.00,50.00,800
11/06/2020,MAIN,570.00,590.00,560.00,575.00,11791500
11/06/2020,MAMI,50.00,50.00,50.00,50.00,300
11/06/2020,MAMI-W,5.00,5.00,4.00,5.00,992500
11/06/2020,MAMIP,600.00,600.00,600.00,600.00,0
11/06/2020,MAPA,1960.00,1995.00,1960.00,1985.00,861000
11/06/2020,MAPB,1260.00,1260.00,1260.00,1260.00,5400
11/06/2020,MAPI,650.00,670.00,650.00,670.00,24381000
11/06/2020,MARI,50.00,50.00,50.00,50.00,31000
11/06/2020,MARK,850.00,865.00,840.00,860.00,3447300
11/06/2020,MASA,595.00,600.00,590.00,590.00,3300
11/06/2020,MAYA,7800.00,7800.00,7800.00,7800.00,3200
11/06/2020,MBAP,2230.00,2250.00,2220.00,2240.00,65500
11/06/2020,MBSS,374.00,376.00,374.00,374.00,330500
11/06/2020,MBTO,84.00,85.00,82.00,84.00,6300
11/06/2020,MCAS,1980.00,2030.00,1950.00,2030.00,686400
11/06/2020,MCOR,119.00,120.00,117.00,118.00,2476900
11/06/2020,MDIA,50.00,50.00,50.00,50.00,0
11/06/2020,MDKA,1990.00,1990.00,1930.00,1935.00,91467800
11/06/2020,MDKI,160.00,160.00,155.00,158.00,278200
11/06/2020,MDLN,51.00,51.00,51.00,51.00,0
11/06/2020,MDRN,50.00,50.00,50.00,50.00,1800
11/06/2020,MEDC,378.00,380.00,372.00,374.00,42146100
11/06/2020,MEDC-W,8.00,9.00,7.00,7.00,22735700
11/06/2020,MEGA,7100.00,7100.00,7100.00,7100.00,1800
11/06/2020,MERK,3090.00,3100.00,3060.00,3100.00,11600
11/06/2020,META,110.00,111.00,109.00,111.00,223100
11/06/2020,MFIN,1120.00,1120.00,1120.00,1120.00,10000
11/06/2020,MFMI,525.00,530.00,520.00,530.00,29400
11/06/2020,MGNA,50.00,50.00,50.00,50.00,0
11/06/2020,MGRO,780.00,785.00,775.00,785.00,2215100
11/06/2020,MICE,296.00,296.00,296.00,296.00,1700
11/06/2020,MIDI,1500.00,1500.00,1500.00,1500.00,0
11/06/2020,MIKA,2510.00,2540.00,2470.00,2500.00,24109800
11/06/2020,MINA,50.00,50.00,50.00,50.00,0
11/06/2020,MIRA,50.00,50.00,50.00,50.00,200
11/06/2020,MITI,51.00,51.00,51.00,51.00,0
11/06/2020,MKNT,50.00,50.00,50.00,50.00,1800
11/06/2020,MKPI,24400.00,24400.00,24400.00,24400.00,100
11/06/2020,MLBI,9300.00,9300.00,9125.00,9300.00,16300
11/06/2020,MLIA,500.00,510.00,478.00,494.00,5575500
11/06/2020,MLPL,51.00,51.00,50.00,50.00,4796700
11/06/2020,MLPT,590.00,595.00,575.00,590.00,307400
11/06/2020,MMLP,268.00,268.00,264.00,266.00,3057800
11/06/2020,MNCN,855.00,880.00,840.00,860.00,137456700
11/06/2020,MOLI,850.00,945.00,850.00,945.00,3100
11/06/2020,MPMX,370.00,374.00,366.00,370.00,8886100
11/06/2020,MPOW,61.00,67.00,60.00,63.00,1197300
11/06/2020,MPPA,90.00,98.00,84.00,86.00,12793300
11/06/2020,MPRO,1350.00,1350.00,1350.00,1350.00,1400
11/06/2020,MRAT,134.00,136.00,134.00,135.00,35800
11/06/2020,MREI,4780.00,4780.00,4780.00,4780.00,0
11/06/2020,MSIN,296.00,298.00,294.00,298.00,227400
11/06/2020,MSKY,730.00,730.00,690.00,725.00,89100
11/06/2020,MTDL,1610.00,1625.00,1600.00,1615.00,1418100
11/06/2020,MTFN,50.00,50.00,50.00,50.00,200
11/06/2020,MTLA,446.00,446.00,446.00,446.00,0
11/06/2020,MTPS,290.00,314.00,290.00,314.00,2200
11/06/2020,MTRA,244.00,244.00,244.00,244.00,0
11/06/2020,MTSM,216.00,216.00,216.00,216.00,0
11/06/2020,MTWI,62.00,76.00,59.00,62.00,8238200
11/06/2020,MYOH,1150.00,1195.00,1150.00,1190.00,45500
11/06/2020,MYOR,2420.00,2430.00,2350.00,2400.00,9185500
11/06/2020,MYRX,50.00,50.00,50.00,50.00,0
11/06/2020,MYRXP,50.00,50.00,50.00,50.00,0
11/06/2020,MYTX,51.00,51.00,51.00,51.00,20100
11/06/2020,NASA,104.00,104.00,104.00,104.00,0
11/06/2020,NATO,530.00,545.00,520.00,535.00,221258900
11/06/2020,NATO-W,250.00,250.00,250.00,250.00,0
11/06/2020,NELY,136.00,144.00,135.00,136.00,21500
11/06/2020,NFCX,1960.00,1960.00,1645.00,1815.00,1300
11/06/2020,NICK,310.00,310.00,310.00,310.00,0
11/06/2020,NIKL,770.00,780.00,765.00,770.00,1363800
11/06/2020,NIPS,282.00,282.00,282.00,282.00,0
11/06/2020,NIRO,147.00,149.00,147.00,149.00,680000
11/06/2020,NISP,725.00,725.00,720.00,720.00,259700
11/06/2020,NOBU,1150.00,1265.00,950.00,950.00,1047000
11/06/2020,NRCA,302.00,304.00,296.00,302.00,124500
11/06/2020,NUSA,50.00,50.00,50.00,50.00,0
11/06/2020,NZIA,174.00,190.00,174.00,187.00,323700
11/06/2020,OASA,424.00,430.00,424.00,430.00,50000
11/06/2020,OCAP,159.00,159.00,159.00,159.00,0
11/06/2020,OKAS,100.00,113.00,100.00,100.00,15343100
11/06/2020,OMRE,322.00,322.00,322.00,322.00,100
11/06/2020,OPMS,163.00,164.00,162.00,162.00,165200
11/06/2020,PADI,50.00,50.00,50.00,50.00,1300
11/06/2020,PALM,304.00,324.00,288.00,316.00,3034500
11/06/2020,PAMG,100.00,105.00,98.00,99.00,32506300
11/06/2020,PANI,106.00,107.00,105.00,107.00,16800
11/06/2020,PANR,90.00,90.00,88.00,88.00,1137200
11/06/2020,PANS,805.00,810.00,795.00,810.00,80000
11/06/2020,PBID,1085.00,1105.00,1085.00,1090.00,61900
11/06/2020,PBRX,234.00,234.00,226.00,228.00,338700
11/06/2020,PBSA,700.00,700.00,700.00,700.00,0
11/06/2020,PCAR,332.00,408.00,332.00,406.00,7200
11/06/2020,PDES,208.00,208.00,208.00,208.00,100
11/06/2020,PEGE,118.00,118.00,113.00,113.00,3300
11/06/2020,PEHA,1510.00,1510.00,1490.00,1505.00,98300
11/06/2020,PGAS,1090.00,1110.00,1070.00,1100.00,124221100
11/06/2020,PGJO,35.00,35.00,32.00,34.00,15700
11/06/2020,PGLI,256.00,284.00,242.00,258.00,64800
11/06/2020,PGUN,216.00,222.00,216.00,222.00,19600
11/06/2020,PICO,136.00,143.00,136.00,140.00,641500
11/06/2020,PJAA,510.00,510.00,505.00,510.00,215800
11/06/2020,PKPK,52.00,54.00,50.00,52.00,896600
11/06/2020,PLAN,214.00,214.00,193.00,193.00,6852200
11/06/2020,PLAN-W,6.00,6.00,5.00,6.00,3081900
11/06/2020,PLAS,50.00,50.00,50.00,50.00,0
11/06/2020,PLIN,2590.00,2590.00,2590.00,2590.00,0
11/06/2020,PMJS,121.00,122.00,121.00,122.00,45000
11/06/2020,PNBN,800.00,810.00,795.00,805.00,12604300
11/06/2020,PNBS,76.00,76.00,73.00,73.00,45368000
11/06/2020,PNGO,630.00,630.00,605.00,605.00,4300
11/06/2020,PNIN,710.00,710.00,680.00,700.00,772400
11/06/2020,PNLF,198.00,200.00,195.00,199.00,27823000
11/06/2020,PNSE,770.00,770.00,770.00,770.00,100
11/06/2020,POLA,55.00,55.00,52.00,54.00,5900
11/06/2020,POLA-W,49.00,49.00,49.00,49.00,0
11/06/2020,POLI,1050.00,1050.00,1000.00,1015.00,5500
11/06/2020,POLL,5150.00,5150.00,4900.00,5000.00,80600
11/06/2020,POLU,1010.00,1045.00,900.00,900.00,46000
11/06/2020,POLY,50.00,51.00,50.00,50.00,812200
11/06/2020,POOL,50.00,50.00,50.00,50.00,0
11/06/2020,PORT,474.00,474.00,474.00,474.00,2300
11/06/2020,POSA,50.00,50.00,50.00,50.00,24700
11/06/2020,POSA-W,2.00,2.00,1.00,2.00,5515800
11/06/2020,POWR,615.00,625.00,605.00,625.00,6320200
11/06/2020,PPGL,302.00,316.00,302.00,310.00,5638800
11/06/2020,PPGL-W,13.00,19.00,13.00,16.00,41354400
11/06/2020,PPRE,185.00,185.00,181.00,182.00,7400500
11/06/2020,PPRO,50.00,50.00,50.00,50.00,3709700
11/06/2020,PRAS,114.00,121.00,113.00,119.00,4800
11/06/2020,PRDA,2980.00,3300.00,2980.00,3050.00,1541200
11/06/2020,PRIM,244.00,244.00,230.00,230.00,1200
11/06/2020,PRIM-W,6.00,6.00,5.00,5.00,79800
11/06/2020,PSAB,220.00,236.00,220.00,224.00,152444800
11/06/2020,PSDN,109.00,112.00,104.00,111.00,586200
11/06/2020,PSGO,101.00,101.00,100.00,101.00,14600
11/06/2020,PSKT,50.00,50.00,50.00,50.00,100
11/06/2020,PSSI,172.00,173.00,170.00,170.00,40100
11/06/2020,PTBA,1985.00,2010.00,1985.00,1990.00,35428700
11/06/2020,PTIS,155.00,180.00,146.00,146.00,14600
11/06/2020,PTPP,930.00,940.00,915.00,935.00,32110900
11/06/2020,PTPW,1235.00,1240.00,1200.00,1230.00,44800
11/06/2020,PTRO,1700.00,1700.00,1680.00,1700.00,296100
11/06/2020,PTSN,242.00,246.00,232.00,234.00,4345100
11/06/2020,PTSP,4790.00,4790.00,4790.00,4790.00,0
11/06/2020,PUDP,208.00,208.00,208.00,208.00,0
11/06/2020,PURA,130.00,132.00,129.00,132.00,277870300
11/06/2020,PURA-W,19.00,22.00,19.00,22.00,24483100
11/06/2020,PURE,264.00,274.00,264.00,264.00,9994700
11/06/2020,PURE-W,31.00,32.00,30.00,30.00,1777100
11/06/2020,PURI,316.00,340.00,316.00,340.00,15800
11/06/2020,PWON,416.00,426.00,416.00,422.00,76646400
11/06/2020,PYFA,875.00,890.00,875.00,880.00,374900
11/06/2020,PZZA,620.00,635.00,615.00,620.00,402200
11/06/2020,R-ABFII,28600.00,28600.00,28600.00,28600.00,0
11/06/2020,R-LQ45X,865.00,865.00,848.00,864.00,13100
11/06/2020,RAJA,131.00,136.00,130.00,134.00,16682800
11/06/2020,RALS,570.00,575.00,565.00,570.00,8425300
11/06/2020,RANC,402.00,406.00,396.00,402.00,1487500
11/06/2020,RBMS,50.00,50.00,50.00,50.00,295000
11/06/2020,RDTX,5600.00,5600.00,5600.00,5600.00,100
11/06/2020,REAL,50.00,50.00,50.00,50.00,545000
11/06/2020,REAL-W,2.00,2.00,1.00,2.00,10265100
11/06/2020,RELI,298.00,360.00,298.00,298.00,8000
11/06/2020,RICY,91.00,97.00,90.00,97.00,167100
11/06/2020,RIGS,236.00,236.00,228.00,228.00,67200
11/06/2020,RIMO,50.00,50.00,50.00,50.00,0
11/06/2020,RISE,442.00,446.00,438.00,444.00,404900
11/06/2020,RMBA,354.00,354.00,354.00,354.00,6600
11/06/2020,ROCK,1000.00,1070.00,1000.00,1070.00,1100
11/06/2020,RODA,53.00,54.00,52.00,52.00,11500
11/06/2020,RONY,454.00,460.00,448.00,456.00,2889400
11/06/2020,ROTI,1265.00,1300.00,1265.00,1300.00,14802400
11/06/2020,RUIS,312.00,320.00,308.00,320.00,20500
11/06/2020,SAFE,190.00,256.00,185.00,185.00,273100
11/06/2020,SAME,169.00,173.00,166.00,169.00,50938800
11/06/2020,SAMF,382.00,388.00,382.00,388.00,3200
11/06/2020,SAPX,2150.00,2150.00,2150.00,2150.00,0
11/06/2020,SATU,50.00,50.00,50.00,50.00,0
11/06/2020,SBAT,81.00,83.00,80.00,80.00,4035800
11/06/2020,SBAT-W,9.00,9.00,8.00,9.00,2640100
11/06/2020,SCCO,9950.00,10100.00,9925.00,9925.00,5600
11/06/2020,SCMA,1550.00,1550.00,1510.00,1510.00,16781400
11/06/2020,SCNP,238.00,238.00,230.00,234.00,189900
11/06/2020,SCPI,29000.00,29000.00,29000.00,29000.00,0
11/06/2020,SDMU,50.00,50.00,50.00,50.00,1100
11/06/2020,SDPC,102.00,102.00,100.00,102.00,33900
11/06/2020,SDRA,820.00,820.00,820.00,820.00,0
11/06/2020,SFAN,1020.00,1025.00,1005.00,1015.00,556000
11/06/2020,SGER,510.00,515.00,500.00,515.00,1497400
11/06/2020,SGER-W,200.00,218.00,197.00,208.00,2200
11/06/2020,SGRO,1370.00,1410.00,1370.00,1385.00,1078200
11/06/2020,SHID,3500.00,3500.00,3500.00,3500.00,0
11/06/2020,SHIP,585.00,585.00,575.00,585.00,403800
11/06/2020,SIDO,815.00,845.00,810.00,830.00,28087500
11/06/2020,SILO,4910.00,4940.00,4910.00,4940.00,2100
11/06/2020,SIMA,50.00,50.00,50.00,50.00,0
11/06/2020,SIMP,332.00,338.00,330.00,334.00,14062000
11/06/2020,SINI,414.00,414.00,368.00,396.00,20100
11/06/2020,SINI-W,330.00,330.00,330.00,330.00,0
11/06/2020,SIPD,1150.00,1190.00,1120.00,1135.00,37200
11/06/2020,SKBM,362.00,362.00,362.00,362.00,300
11/06/2020,SKLT,1460.00,1460.00,1460.00,1460.00,700
11/06/2020,SKRN,550.00,560.00,520.00,525.00,243600
11/06/2020,SKYB,51.00,51.00,51.00,51.00,0
11/06/2020,SLIS,4800.00,4880.00,4790.00,4810.00,82900
11/06/2020,SMAR,2930.00,2930.00,2930.00,2930.00,200
11/06/2020,SMBR,520.00,525.00,505.00,510.00,11092500
11/06/2020,SMCB,1065.00,1085.00,1060.00,1080.00,20500
11/06/2020,SMDM,93.00,103.00,93.00,95.00,800
11/06/2020,SMDR,272.00,282.00,268.00,280.00,7607600
11/06/2020,SMGR,9975.00,10375.00,9750.00,10350.00,9910900
11/06/2020,SMKL,183.00,185.00,183.00,185.00,1050900
11/06/2020,SMKL-W,12.00,12.00,11.00,12.00,300300
11/06/2020,SMMA,15500.00,15500.00,15275.00,15275.00,3500
11/06/2020,SMMT,84.00,87.00,83.00,83.00,113600
11/06/2020,SMRA,665.00,715.00,650.00,705.00,144824900
11/06/2020,SMRU,50.00,50.00,50.00,50.00,0
11/06/2020,SMSM,1395.00,1460.00,1385.00,1450.00,2061700
11/06/2020,SOCI,120.00,121.00,119.00,120.00,1673200
11/06/2020,SOFA,104.00,110.00,104.00,109.00,27400
11/06/2020,SOFA-W,6.00,6.00,5.00,5.00,1168500
11/06/2020,SOHO,5800.00,5800.00,5625.00,5675.00,9500
11/06/2020,SONA,6500.00,6500.00,6500.00,6500.00,2500
11/06/2020,SOSS,420.00,420.00,420.00,420.00,100
11/06/2020,SOSS-W,39.00,39.00,39.00,39.00,100
11/06/2020,SOTS,226.00,226.00,226.00,226.00,100
11/06/2020,SOTS-W,22.00,39.00,20.00,28.00,9800
11/06/2020,SPMA,282.00,294.00,280.00,292.00,109700
11/06/2020,SPTO,404.00,404.00,398.00,400.00,1478900
11/06/2020,SQMI,212.00,222.00,210.00,214.00,15717800
11/06/2020,SRAJ,130.00,133.00,130.00,133.00,300
11/06/2020,SRIL,218.00,226.00,212.00,218.00,58507300
11/06/2020,SRSN,57.00,57.00,55.00,57.00,8351700
11/06/2020,SRTG,3380.00,3380.00,3360.00,3370.00,457900
11/06/2020,SSIA,500.00,545.00,496.00,520.00,91548300
11/06/2020,SSMS,835.00,870.00,835.00,865.00,1277700
11/06/2020,SSTM,585.00,590.00,580.00,590.00,14700
11/06/2020,STAR,125.00,125.00,109.00,109.00,116700
11/06/2020,STTP,7050.00,7050.00,7000.00,7000.00,200
11/06/2020,SUGI,50.00,50.00,50.00,50.00,0
11/06/2020,SULI,50.00,50.00,50.00,50.00,230200
11/06/2020,SUPR,4100.00,4100.00,4100.00,4100.00,100
11/06/2020,SURE,2950.00,2950.00,2950.00,2950.00,288400
11/06/2020,SWAT,101.00,117.00,100.00,115.00,2814200
11/06/2020,TALF,282.00,300.00,282.00,290.00,2800
11/06/2020,TAMA,218.00,228.00,214.00,222.00,6697700
11/06/2020,TAMA-W,9.00,10.00,8.00,8.00,2972100
11/06/2020,TAMU,50.00,55.00,50.00,52.00,17217800
11/06/2020,TARA,50.00,50.00,50.00,50.00,200
11/06/2020,TAXI,50.00,50.00,50.00,50.00,100
11/06/2020,TBIG,1525.00,1575.00,1495.00,1505.00,26659100
11/06/2020,TBLA,760.00,770.00,760.00,770.00,1108300
11/06/2020,TBMS,705.00,715.00,705.00,715.00,4500
11/06/2020,TCID,6575.00,6575.00,6575.00,6575.00,700
11/06/2020,TCPI,6475.00,6525.00,6325.00,6500.00,8363500
11/06/2020,TDPM,114.00,124.00,114.00,121.00,9535000
11/06/2020,TEBE,1050.00,1050.00,985.00,995.00,11300
11/06/2020,TECH,145.00,145.00,142.00,145.00,250700
11/06/2020,TELE,121.00,121.00,121.00,121.00,0
11/06/2020,TFAS,177.00,177.00,156.00,156.00,20700
11/06/2020,TFCO,484.00,510.00,484.00,484.00,2900
11/06/2020,TGKA,9500.00,9500.00,8875.00,9000.00,4100
11/06/2020,TGRA,89.00,113.00,89.00,101.00,186783600
11/06/2020,TIFA,478.00,478.00,448.00,448.00,16600
11/06/2020,TINS,870.00,875.00,850.00,855.00,19328300
11/06/2020,TIRA,322.00,322.00,288.00,288.00,4200
11/06/2020,TIRT,55.00,55.00,54.00,54.00,1200
11/06/2020,TKIM,6450.00,6750.00,6350.00,6675.00,19328900
11/06/2020,TLKM,2800.00,2840.00,2750.00,2830.00,243865800
11/06/2020,TMAS,114.00,118.00,114.00,116.00,4340800
11/06/2020,TMPO,125.00,125.00,117.00,120.00,23200
11/06/2020,TNCA,320.00,320.00,314.00,316.00,44900
11/06/2020,TOBA,378.00,378.00,376.00,378.00,56700
11/06/2020,TOPS,50.00,50.00,50.00,50.00,15800
11/06/2020,TOTL,286.00,292.00,284.00,288.00,2439600
11/06/2020,TOTO,210.00,212.00,208.00,210.00,11100
11/06/2020,TOWR,990.00,1005.00,985.00,1000.00,105660700
11/06/2020,TOYS,530.00,535.00,520.00,525.00,1803500
11/06/2020,TOYS-W,12.00,12.00,11.00,11.00,2246200
11/06/2020,TPIA,8075.00,8200.00,8050.00,8150.00,2938700
11/06/2020,TPMA,306.00,306.00,298.00,302.00,8200
11/06/2020,TRAM,50.00,50.00,50.00,50.00,0
11/06/2020,TRAM-W,11.00,11.00,11.00,11.00,0
11/06/2020,TRIL,50.00,50.00,50.00,50.00,0
11/06/2020,TRIM,108.00,118.00,108.00,109.00,6900
11/06/2020,TRIN,388.00,408.00,370.00,380.00,39633700
11/06/2020,TRIN-W,11.00,11.00,10.00,10.00,12502400
11/06/2020,TRIO,426.00,426.00,426.00,426.00,0
11/06/2020,TRIS,216.00,218.00,214.00,218.00,5400
11/06/2020,TRIS-W,50.00,50.00,50.00,50.00,0
11/06/2020,TRJA,152.00,152.00,148.00,150.00,247300
11/06/2020,TRST,390.00,390.00,390.00,390.00,1100
11/06/2020,TRUK,143.00,144.00,142.00,143.00,106000
11/06/2020,TRUS,284.00,358.00,284.00,320.00,3100
11/06/2020,TSPC,1260.00,1265.00,1250.00,1265.00,478200
11/06/2020,TUGU,1340.00,1350.00,1300.00,1335.00,87700
11/06/2020,TURI,1245.00,1245.00,1230.00,1230.00,1700
11/06/2020,UANG,228.00,228.00,202.00,216.00,127600
11/06/2020,UCID,1670.00,1700.00,1665.00,1700.00,958500
11/06/2020,ULTJ,1645.00,1700.00,1645.00,1670.00,1168100
11/06/2020,UNIC,3820.00,3820.00,3820.00,3820.00,300
11/06/2020,UNIT,150.00,150.00,143.00,143.00,200
11/06/2020,UNSP,78.00,80.00,77.00,78.00,386500
11/06/2020,UNTR,21200.00,21275.00,20750.00,20975.00,5102000
11/06/2020,UNVR,7900.00,8100.00,7825.00,8075.00,18386900
11/06/2020,URBN,1355.00,1385.00,1340.00,1385.00,500
11/06/2020,URBN-W,16.00,16.00,16.00,16.00,0
11/06/2020,VICO,76.00,78.00,76.00,78.00,14600
11/06/2020,VINS,94.00,94.00,93.00,94.00,2200
11/06/2020,VIVA,50.00,50.00,50.00,50.00,127000
11/06/2020,VOKS,198.00,198.00,197.00,198.00,73100
11/06/2020,VRNA,97.00,97.00,97.00,97.00,100
11/06/2020,WAPO,75.00,75.00,70.00,70.00,34000
11/06/2020,WEGE,181.00,183.00,178.00,180.00,15589200
11/06/2020,WEHA,55.00,57.00,54.00,54.00,929700
11/06/2020,WICO,535.00,565.00,535.00,565.00,300
11/06/2020,WIIM,515.00,530.00,494.00,505.00,72501000
11/06/2020,WIKA,1245.00,1255.00,1225.00,1240.00,21583600
11/06/2020,WINS,99.00,99.00,98.00,98.00,11700
11/06/2020,WOMF,222.00,232.00,220.00,232.00,727800
11/06/2020,WOOD,505.00,515.00,496.00,498.00,13746700
11/06/2020,WOWS,61.00,66.00,61.00,64.00,20984700
11/06/2020,WSBP,159.00,161.00,158.00,159.00,34694300
11/06/2020,WSKT,755.00,760.00,745.00,750.00,83860900
11/06/2020,WTON,250.00,254.00,248.00,254.00,23511800
11/06/2020,XAFA,1071.00,1072.00,1071.00,1072.00,2200
11/06/2020,XAQA,818.00,818.00,818.00,818.00,100
11/06/2020,XASG,87.00,87.00,87.00,87.00,0
11/06/2020,XBES,863.00,863.00,863.00,863.00,100
11/06/2020,XBID,467.00,467.00,467.00,467.00,100
11/06/2020,XBIN,449.00,449.00,449.00,449.00,100
11/06/2020,XBLQ,383.00,383.00,383.00,383.00,0
11/06/2020,XBNI,901.00,910.00,901.00,910.00,2900
11/06/2020,XBSK,348.00,348.00,348.00,348.00,100
11/06/2020,XCID,77.00,79.00,76.00,76.00,52700
11/06/2020,XCIS,105.00,105.00,105.00,105.00,0
11/06/2020,XCLQ,85.00,85.00,85.00,85.00,1300
11/06/2020,XDIF,412.00,412.00,412.00,412.00,200
11/06/2020,XIHD,400.00,412.00,400.00,412.00,22500
11/06/2020,XIIC,893.00,893.00,893.00,893.00,0
11/06/2020,XIID,430.00,430.00,430.00,430.00,0
11/06/2020,XIIF,476.00,480.00,472.00,480.00,5600
11/06/2020,XIIT,454.00,471.00,454.00,471.00,29800
11/06/2020,XIJI,567.00,567.00,567.00,567.00,6000
11/06/2020,XILV,103.00,113.00,103.00,113.00,500
11/06/2020,XIML,229.00,230.00,229.00,230.00,46500
11/06/2020,XIPI,141.00,141.00,141.00,141.00,0
11/06/2020,XISB,398.00,398.00,398.00,398.00,0
11/06/2020,XISC,541.00,541.00,541.00,541.00,0
11/06/2020,XISI,262.00,262.00,262.00,262.00,300
11/06/2020,XISR,335.00,348.00,335.00,346.00,6500
11/06/2020,XKIV,391.00,391.00,391.00,391.00,600
11/06/2020,XMIG,145.00,145.00,145.00,145.00,0
11/06/2020,XMJM,1001.00,1001.00,1001.00,1001.00,0
11/06/2020,XMTS,407.00,407.00,407.00,407.00,0
11/06/2020,XNVE,122.00,124.00,122.00,124.00,30400
11/06/2020,XPCR,803.00,803.00,803.00,803.00,100
11/06/2020,XPDV,396.00,396.00,396.00,396.00,3000
11/06/2020,XPES,346.00,346.00,346.00,346.00,0
11/06/2020,XPFT,605.00,605.00,605.00,605.00,0
11/06/2020,XPID,438.00,438.00,438.00,438.00,0
11/06/2020,XPLC,397.00,397.00,397.00,397.00,0
11/06/2020,XPLQ,413.00,413.00,413.00,413.00,200
11/06/2020,XPMI,785.00,785.00,785.00,785.00,0
11/06/2020,XPSG,374.00,374.00,374.00,374.00,0
11/06/2020,XPTD,422.00,422.00,422.00,422.00,0
11/06/2020,XSBC,90.00,90.00,90.00,90.00,0
11/06/2020,XSMU,109.00,109.00,109.00,109.00,0
11/06/2020,XSPI,750.00,750.00,750.00,750.00,0
11/06/2020,XSRI,152.00,152.00,152.00,152.00,0
11/06/2020,XSSI,77.00,77.00,77.00,77.00,300
11/06/2020,XSSK,595.00,595.00,595.00,595.00,100
11/06/2020,YELO,50.00,51.00,50.00,50.00,201400
11/06/2020,YELO-W,7.00,8.00,7.00,7.00,634200
11/06/2020,YPAS,320.00,326.00,320.00,326.00,3700
11/06/2020,YULE,266.00,266.00,252.00,252.00,2800
11/06/2020,ZBRA,50.00,50.00,50.00,50.00,0
11/06/2020,ZINC,117.00,119.00,116.00,117.00,702866900
11/06/2020,ZONE,396.00,400.00,396.00,400.00,141600
