<date>,<ticker>,<open>,<high>,<low>,<close>,<volume>
12/17/2020,AALI,12150.00,12300.00,11750.00,11850.00,3277800
12/17/2020,ABBA,81.00,82.00,78.00,79.00,21706500
12/17/2020,ABDA,5825.00,5825.00,5825.00,5825.00,100
12/17/2020,ABMM,950.00,950.00,915.00,925.00,429600
12/17/2020,ACES,1820.00,1835.00,1770.00,1810.00,30028800
12/17/2020,ACST,314.00,326.00,312.00,316.00,104527700
12/17/2020,ADES,1520.00,1535.00,1500.00,1530.00,164100
12/17/2020,ADHI,1310.00,1515.00,1305.00,1480.00,212706100
12/17/2020,ADMF,8800.00,8925.00,8750.00,8825.00,213400
12/17/2020,ADMG,155.00,159.00,154.00,157.00,1253500
12/17/2020,ADRO,1555.00,1555.00,1455.00,1490.00,255575900
12/17/2020,AGAR,382.00,384.00,380.00,384.00,2700
12/17/2020,AGII,880.00,885.00,850.00,850.00,650400
12/17/2020,AGRO,965.00,965.00,965.00,965.00,0
12/17/2020,AGRS,155.00,165.00,155.00,165.00,1212000
12/17/2020,AHAP,57.00,57.00,55.00,56.00,249100
12/17/2020,AIMS,134.00,145.00,134.00,144.00,11200
12/17/2020,AISA,438.00,440.00,412.00,422.00,70176300
12/17/2020,AKKU,50.00,50.00,50.00,50.00,8600
12/17/2020,AKPI,434.00,436.00,406.00,424.00,20600
12/17/2020,AKRA,3290.00,3600.00,3290.00,3380.00,87728500
12/17/2020,AKSI,370.00,370.00,368.00,370.00,11600
12/17/2020,ALDO,404.00,404.00,400.00,400.00,124000
12/17/2020,ALKA,252.00,298.00,248.00,286.00,72400
12/17/2020,ALMI,238.00,280.00,238.00,278.00,27000
12/17/2020,ALTO,308.00,308.00,308.00,308.00,100
12/17/2020,AMAG,230.00,236.00,228.00,230.00,1236100
12/17/2020,AMAN,304.00,306.00,304.00,306.00,158000
12/17/2020,AMAR,290.00,292.00,288.00,288.00,162500
12/17/2020,AMFG,2920.00,2920.00,2780.00,2850.00,27600
12/17/2020,AMIN,270.00,288.00,270.00,288.00,5800
12/17/2020,AMOR,2980.00,3000.00,2970.00,2980.00,2560800
12/17/2020,AMRT,735.00,750.00,725.00,725.00,3908200
12/17/2020,ANDI,64.00,65.00,60.00,60.00,65150200
12/17/2020,ANJT,700.00,700.00,690.00,690.00,33300
12/17/2020,ANTM,1840.00,1880.00,1775.00,1815.00,542949200
12/17/2020,APEX,530.00,530.00,530.00,530.00,0
12/17/2020,APIC,775.00,785.00,765.00,765.00,10656600
12/17/2020,APII,151.00,160.00,149.00,150.00,520300
12/17/2020,APLI,178.00,185.00,178.00,185.00,153800
12/17/2020,APLN,199.00,218.00,195.00,206.00,507858100
12/17/2020,ARGO,1860.00,2320.00,1860.00,1860.00,45200
12/17/2020,ARII,412.00,412.00,390.00,406.00,125500
12/17/2020,ARKA,69.00,74.00,66.00,71.00,24316700
12/17/2020,ARMY,50.00,50.00,50.00,50.00,0
12/17/2020,ARNA,540.00,545.00,535.00,545.00,637100
12/17/2020,ARTA,300.00,300.00,300.00,300.00,100
12/17/2020,ARTI,50.00,50.00,50.00,50.00,38500
12/17/2020,ARTO,3840.00,3910.00,3720.00,3840.00,1446800
12/17/2020,ASBI,290.00,290.00,290.00,290.00,0
12/17/2020,ASDM,900.00,900.00,900.00,900.00,3000
12/17/2020,ASGR,850.00,875.00,840.00,840.00,2599200
12/17/2020,ASII,6125.00,6200.00,6050.00,6200.00,76361900
12/17/2020,ASJT,240.00,240.00,224.00,224.00,872000
12/17/2020,ASMI,985.00,990.00,975.00,975.00,15600
12/17/2020,ASPI,134.00,143.00,125.00,125.00,41008200
12/17/2020,ASPI-W,15.00,17.00,12.00,13.00,18351100
12/17/2020,ASRI,262.00,282.00,258.00,268.00,625113000
12/17/2020,ASRM,1685.00,1685.00,1685.00,1685.00,6500
12/17/2020,ASSA,560.00,660.00,560.00,635.00,61217600
12/17/2020,ATAP,220.00,220.00,214.00,214.00,540000
12/17/2020,ATIC,590.00,590.00,590.00,590.00,100
12/17/2020,AUTO,1185.00,1200.00,1165.00,1170.00,2154900
12/17/2020,AYLS,50.00,51.00,50.00,51.00,1902700
12/17/2020,AYLS-W,25.00,25.00,3.00,3.00,5657100
12/17/2020,BABP,50.00,50.00,50.00,50.00,846900
12/17/2020,BABP-W3,30.00,30.00,23.00,24.00,1800
12/17/2020,BABP-W4,8.00,8.00,7.00,7.00,1974500
12/17/2020,BACA,394.00,394.00,384.00,384.00,82300
12/17/2020,BACA-W2,100.00,100.00,100.00,100.00,0
12/17/2020,BAJA,132.00,141.00,132.00,135.00,3458600
12/17/2020,BALI,820.00,830.00,820.00,830.00,116800
12/17/2020,BAPA,50.00,50.00,50.00,50.00,529400
12/17/2020,BAPI,50.00,50.00,50.00,50.00,171400
12/17/2020,BAPI-W,2.00,3.00,1.00,2.00,24705500
12/17/2020,BATA,630.00,635.00,630.00,630.00,19700
12/17/2020,BAYU,1200.00,1200.00,1200.00,1200.00,0
12/17/2020,BBCA,34825.00,35000.00,34100.00,34675.00,18384000
12/17/2020,BBHI,264.00,314.00,264.00,308.00,17481000
12/17/2020,BBKP,386.00,426.00,380.00,410.00,843402700
12/17/2020,BBLD,346.00,366.00,346.00,364.00,156000
12/17/2020,BBMD,1500.00,1510.00,1450.00,1450.00,82500
12/17/2020,BBNI,6700.00,6750.00,6600.00,6675.00,40740400
12/17/2020,BBRI,4360.00,4360.00,4310.00,4330.00,141727100
12/17/2020,BBRM,50.00,50.00,50.00,50.00,0
12/17/2020,BBSI,770.00,800.00,760.00,795.00,133100
12/17/2020,BBSS,104.00,115.00,103.00,113.00,17228100
12/17/2020,BBSS-W,4.00,5.00,3.00,5.00,58925600
12/17/2020,BBTN,1915.00,1940.00,1885.00,1920.00,62216200
12/17/2020,BBYB,306.00,322.00,296.00,298.00,1767500
12/17/2020,BCAP,131.00,131.00,127.00,128.00,656100
12/17/2020,BCIC,700.00,700.00,700.00,700.00,0
12/17/2020,BCIP,72.00,81.00,69.00,72.00,25419200
12/17/2020,BDMN,3410.00,3450.00,3370.00,3390.00,3045300
12/17/2020,BEEF,177.00,179.00,172.00,173.00,12068400
12/17/2020,BEEF-W,6.00,7.00,5.00,5.00,389500
12/17/2020,BEKS,326.00,326.00,326.00,326.00,1210400
12/17/2020,BELL,165.00,168.00,162.00,162.00,6595800
12/17/2020,BESS,238.00,248.00,236.00,236.00,18700
12/17/2020,BESS-W,87.00,101.00,87.00,101.00,2700
12/17/2020,BEST,202.00,216.00,199.00,206.00,367703200
12/17/2020,BFIN,422.00,426.00,406.00,414.00,74891600
12/17/2020,BGTG,73.00,73.00,69.00,70.00,18808200
12/17/2020,BHAT,635.00,645.00,625.00,635.00,137361500
12/17/2020,BHIT,73.00,75.00,71.00,72.00,110013200
12/17/2020,BIKA,190.00,190.00,179.00,190.00,1400
12/17/2020,BIMA,50.00,50.00,50.00,50.00,6900
12/17/2020,BINA,690.00,690.00,680.00,680.00,2737600
12/17/2020,BIPI,50.00,53.00,50.00,51.00,413967100
12/17/2020,BIPI-W,9.00,11.00,9.00,9.00,6244600
12/17/2020,BIPP,51.00,52.00,50.00,52.00,1925800
12/17/2020,BIRD,1430.00,1440.00,1410.00,1425.00,4950900
12/17/2020,BISI,1055.00,1100.00,1050.00,1085.00,579300
12/17/2020,BJBR,1600.00,1615.00,1585.00,1590.00,15499100
12/17/2020,BJTM,715.00,725.00,705.00,710.00,25795600
12/17/2020,BKDP,53.00,53.00,50.00,52.00,53700
12/17/2020,BKSL,50.00,52.00,50.00,51.00,272368900
12/17/2020,BKSW,112.00,112.00,103.00,106.00,115100
12/17/2020,BLTA,50.00,50.00,50.00,50.00,245500
12/17/2020,BLTZ,3150.00,3150.00,3150.00,3150.00,500
12/17/2020,BLUE,720.00,720.00,700.00,710.00,164800
12/17/2020,BMAS,302.00,330.00,300.00,330.00,52000
12/17/2020,BMRI,6775.00,6875.00,6775.00,6875.00,54983000
12/17/2020,BMSR,87.00,91.00,84.00,88.00,2037500
12/17/2020,BMTR,314.00,320.00,302.00,304.00,380140100
12/17/2020,BNBA,394.00,410.00,394.00,396.00,194200
12/17/2020,BNBR,50.00,50.00,50.00,50.00,2708500
12/17/2020,BNGA,1030.00,1110.00,1025.00,1080.00,41135900
12/17/2020,BNII,276.00,302.00,272.00,284.00,75984700
12/17/2020,BNLI,2690.00,2700.00,2510.00,2620.00,1443300
12/17/2020,BOGA,1320.00,1335.00,1315.00,1315.00,42003100
12/17/2020,BOLA,168.00,178.00,167.00,171.00,417500
12/17/2020,BOLT,750.00,910.00,750.00,810.00,64700
12/17/2020,BOSS,193.00,200.00,192.00,196.00,13573900
12/17/2020,BPFI,1150.00,1150.00,1150.00,1150.00,200
12/17/2020,BPII,10000.00,10000.00,10000.00,10000.00,0
12/17/2020,BPTR,83.00,83.00,80.00,83.00,26000
12/17/2020,BRAM,5075.00,5075.00,5075.00,5075.00,100
12/17/2020,BRIS,2120.00,2180.00,2100.00,2130.00,102618800
12/17/2020,BRMS,68.00,89.00,67.00,89.00,2593971800
12/17/2020,BRNA,1125.00,1125.00,1125.00,1125.00,3000
12/17/2020,BRPT,1270.00,1280.00,1230.00,1260.00,37541300
12/17/2020,BRPT-W,900.00,900.00,900.00,900.00,0
12/17/2020,BSDE,1155.00,1275.00,1155.00,1220.00,124022400
12/17/2020,BSIM,470.00,470.00,452.00,454.00,297300
12/17/2020,BSIM-W3,13.00,13.00,13.00,13.00,0
12/17/2020,BSSR,1725.00,1740.00,1685.00,1690.00,13800
12/17/2020,BSWD,1750.00,1750.00,1750.00,1750.00,0
12/17/2020,BTEK,50.00,50.00,50.00,50.00,115100
12/17/2020,BTEL,50.00,50.00,50.00,50.00,0
12/17/2020,BTON,260.00,278.00,252.00,258.00,821700
12/17/2020,BTPN,3280.00,3330.00,3250.00,3290.00,255400
12/17/2020,BTPS,4020.00,4020.00,3960.00,3980.00,7539100
12/17/2020,BUDI,100.00,101.00,95.00,98.00,20093200
12/17/2020,BUKK,895.00,925.00,820.00,910.00,140200
12/17/2020,BULL,324.00,334.00,322.00,326.00,298702900
12/17/2020,BULL-W2,112.00,112.00,100.00,100.00,724500
12/17/2020,BUMI,69.00,89.00,69.00,83.00,4148940000
12/17/2020,BUVA,54.00,71.00,54.00,63.00,899800
12/17/2020,BVIC,109.00,110.00,108.00,110.00,1568400
12/17/2020,BWPT,144.00,146.00,138.00,140.00,94355200
12/17/2020,BYAN,14725.00,15000.00,14000.00,14900.00,14300
12/17/2020,CAKK,56.00,57.00,54.00,55.00,2166500
12/17/2020,CAMP,320.00,328.00,312.00,312.00,2890200
12/17/2020,CANI,106.00,106.00,106.00,106.00,0
12/17/2020,CARE,334.00,340.00,328.00,332.00,444437200
12/17/2020,CARS,50.00,50.00,50.00,50.00,1008900
12/17/2020,CASA,390.00,390.00,386.00,386.00,4100
12/17/2020,CASA-W,113.00,113.00,113.00,113.00,0
12/17/2020,CASH,476.00,484.00,474.00,484.00,2184400
12/17/2020,CASH-W,10.00,11.00,10.00,11.00,762900
12/17/2020,CASS,278.00,310.00,278.00,296.00,4066500
12/17/2020,CBMF,630.00,630.00,550.00,600.00,1986500
12/17/2020,CCSI,254.00,254.00,244.00,246.00,890100
12/17/2020,CEKA,1805.00,1805.00,1785.00,1795.00,64100
12/17/2020,CENT,152.00,154.00,147.00,148.00,10506100
12/17/2020,CFIN,234.00,242.00,230.00,232.00,2754200
12/17/2020,CINT,244.00,250.00,242.00,242.00,16200
12/17/2020,CITA,2810.00,2900.00,2610.00,2610.00,84700
12/17/2020,CITY,94.00,94.00,88.00,90.00,25700
12/17/2020,CITY-W,15.00,15.00,15.00,15.00,0
12/17/2020,CLAY,1450.00,1450.00,1400.00,1400.00,6000
12/17/2020,CLEO,505.00,520.00,500.00,510.00,21908700
12/17/2020,CLPI,740.00,745.00,730.00,740.00,64500
12/17/2020,CMNP,1255.00,1280.00,1235.00,1265.00,1922800
12/17/2020,CMNP-W,272.00,278.00,266.00,278.00,47300
12/17/2020,CMPP,184.00,184.00,184.00,184.00,0
12/17/2020,CNKO,50.00,50.00,50.00,50.00,0
12/17/2020,CNTB,250.00,250.00,250.00,250.00,0
12/17/2020,CNTX,228.00,260.00,216.00,232.00,526600
12/17/2020,COCO,915.00,915.00,855.00,855.00,156000
12/17/2020,COCO-W,400.00,400.00,400.00,400.00,0
12/17/2020,COWL,50.00,50.00,50.00,50.00,0
12/17/2020,CPIN,7025.00,7100.00,6675.00,6850.00,8973400
12/17/2020,CPRI,50.00,50.00,50.00,50.00,9200
12/17/2020,CPRI-W,12.00,12.00,11.00,12.00,13200
12/17/2020,CPRO,50.00,50.00,50.00,50.00,456500
12/17/2020,CSAP,356.00,358.00,356.00,358.00,1700
12/17/2020,CSIS,53.00,54.00,51.00,53.00,678700
12/17/2020,CSMI,580.00,580.00,520.00,530.00,22000
12/17/2020,CSRA,374.00,376.00,368.00,368.00,1703500
12/17/2020,CTBN,2740.00,2740.00,2740.00,2740.00,0
12/17/2020,CTRA,910.00,960.00,905.00,960.00,146489800
12/17/2020,CTTH,55.00,61.00,55.00,57.00,399600
12/17/2020,DADA,54.00,56.00,51.00,52.00,33323300
12/17/2020,DADA-W,4.00,4.00,3.00,4.00,19397900
12/17/2020,DART,228.00,228.00,214.00,216.00,5400
12/17/2020,DAYA,386.00,386.00,380.00,386.00,4900
12/17/2020,DEAL,143.00,153.00,143.00,149.00,12428000
12/17/2020,DEAL-W,3.00,3.00,3.00,3.00,0
12/17/2020,DEFI,1695.00,1700.00,1690.00,1690.00,18700
12/17/2020,DEWA,50.00,50.00,50.00,50.00,5646600
12/17/2020,DFAM,200.00,240.00,196.00,240.00,55000
12/17/2020,DFAM-W,3.00,3.00,3.00,3.00,0
12/17/2020,DGIK,50.00,50.00,50.00,50.00,33400
12/17/2020,DIGI,340.00,390.00,318.00,390.00,10500
12/17/2020,DILD,222.00,232.00,218.00,224.00,95411100
12/17/2020,DIVA,2180.00,2260.00,2160.00,2160.00,55200
12/17/2020,DKFT,220.00,220.00,206.00,210.00,43743100
12/17/2020,DLTA,4220.00,4300.00,4210.00,4280.00,140800
12/17/2020,DMAS,252.00,256.00,248.00,250.00,135759700
12/17/2020,DMMX,196.00,199.00,194.00,194.00,3305100
12/17/2020,DMND,925.00,935.00,920.00,935.00,17800
12/17/2020,DNAR,182.00,182.00,178.00,180.00,53300
12/17/2020,DNET,3300.00,3300.00,3280.00,3280.00,5800
12/17/2020,DOID,430.00,434.00,410.00,420.00,147454600
12/17/2020,DPNS,256.00,256.00,248.00,248.00,12700
12/17/2020,DPUM,55.00,56.00,53.00,55.00,320000
12/17/2020,DSFI,75.00,79.00,73.00,76.00,5299500
12/17/2020,DSNG,635.00,660.00,615.00,620.00,9275200
12/17/2020,DSSA,14450.00,14450.00,14450.00,14450.00,100
12/17/2020,DUCK,480.00,482.00,466.00,470.00,16103400
12/17/2020,DUTI,3860.00,3870.00,3860.00,3860.00,2100
12/17/2020,DVLA,2500.00,2500.00,2480.00,2500.00,6900
12/17/2020,DWGL,179.00,188.00,178.00,178.00,351200
12/17/2020,DWGL-W,26.00,27.00,24.00,27.00,185600
12/17/2020,DYAN,61.00,62.00,58.00,58.00,8881500
12/17/2020,EAST,62.00,63.00,60.00,61.00,1539700
12/17/2020,EAST-W,6.00,7.00,6.00,7.00,262400
12/17/2020,ECII,690.00,690.00,690.00,690.00,0
12/17/2020,EKAD,1280.00,1280.00,1270.00,1270.00,186600
12/17/2020,ELSA,368.00,384.00,368.00,376.00,325718700
12/17/2020,ELTY,50.00,50.00,50.00,50.00,0
12/17/2020,EMDE,190.00,190.00,190.00,190.00,7100
12/17/2020,EMTK,14000.00,14100.00,13500.00,13750.00,653500
12/17/2020,ENRG,97.00,121.00,96.00,117.00,1824384300
12/17/2020,ENVY,50.00,50.00,50.00,50.00,0
12/17/2020,ENZO,50.00,50.00,50.00,50.00,160500
12/17/2020,ENZO-W,6.00,7.00,6.00,7.00,1301200
12/17/2020,EPAC,143.00,148.00,142.00,143.00,3862700
12/17/2020,EPMT,2150.00,2150.00,2110.00,2130.00,31500
12/17/2020,ERAA,2020.00,2040.00,1960.00,2020.00,24757400
12/17/2020,ERTX,120.00,120.00,120.00,120.00,300
12/17/2020,ESIP,98.00,113.00,95.00,105.00,75217700
12/17/2020,ESIP-W,8.00,10.00,7.00,9.00,5173200
12/17/2020,ESSA,238.00,246.00,228.00,236.00,40755300
12/17/2020,ESTA,117.00,118.00,110.00,118.00,787900
12/17/2020,ESTI,60.00,60.00,56.00,58.00,227200
12/17/2020,ETWA,62.00,62.00,62.00,62.00,0
12/17/2020,EXCL,2900.00,2940.00,2730.00,2790.00,101866300
12/17/2020,FAST,1030.00,1035.00,1010.00,1030.00,133200
12/17/2020,FASW,7475.00,7475.00,7475.00,7475.00,0
12/17/2020,FILM,212.00,220.00,212.00,216.00,5344700
12/17/2020,FINN,50.00,50.00,50.00,50.00,0
12/17/2020,FIRE,845.00,1130.00,845.00,1130.00,99236300
12/17/2020,FISH,2930.00,2930.00,2930.00,2930.00,400
12/17/2020,FITT,74.00,74.00,72.00,72.00,62200
12/17/2020,FITT-W,18.00,18.00,18.00,18.00,3400
12/17/2020,FMII,550.00,570.00,550.00,570.00,400
12/17/2020,FOOD,106.00,107.00,105.00,106.00,402200
12/17/2020,FORU,144.00,144.00,144.00,144.00,9500
12/17/2020,FORZ,50.00,50.00,50.00,50.00,316500
12/17/2020,FPNI,141.00,143.00,136.00,139.00,3661800
12/17/2020,FREN,73.00,74.00,71.00,72.00,1712290700
12/17/2020,FREN-W,43.00,43.00,41.00,42.00,2201100
12/17/2020,FUJI,115.00,117.00,115.00,117.00,4910300
12/17/2020,GAMA,50.00,50.00,50.00,50.00,1000
12/17/2020,GDST,123.00,131.00,121.00,124.00,36076400
12/17/2020,GDYR,1420.00,1420.00,1405.00,1405.00,41300
12/17/2020,GEMA,340.00,340.00,340.00,340.00,0
12/17/2020,GEMS,2550.00,2550.00,2550.00,2550.00,0
12/17/2020,GGRM,42650.00,42825.00,42100.00,42150.00,1644300
12/17/2020,GGRP,470.00,474.00,452.00,462.00,118300
12/17/2020,GHON,1660.00,1660.00,1660.00,1660.00,1200
12/17/2020,GIAA,448.00,452.00,434.00,440.00,102409400
12/17/2020,GJTL,630.00,635.00,590.00,610.00,9796400
12/17/2020,GLOB,130.00,130.00,123.00,123.00,61700
12/17/2020,GLVA,340.00,340.00,330.00,338.00,1001100
12/17/2020,GMFI,148.00,155.00,148.00,151.00,53084100
12/17/2020,GMTD,17950.00,17950.00,17950.00,17950.00,0
12/17/2020,GOLD,216.00,250.00,214.00,246.00,98900
12/17/2020,GOLL,50.00,50.00,50.00,50.00,0
12/17/2020,GOOD,1245.00,1250.00,1240.00,1240.00,302300
12/17/2020,GPRA,91.00,101.00,88.00,93.00,15286600
12/17/2020,GSMF,105.00,105.00,98.00,100.00,11100
12/17/2020,GTBO,75.00,75.00,75.00,75.00,0
12/17/2020,GWSA,110.00,115.00,110.00,113.00,537800
12/17/2020,GZCO,50.00,50.00,50.00,50.00,768300
12/17/2020,HADE,50.00,50.00,50.00,50.00,200
12/17/2020,HDFA,132.00,132.00,132.00,132.00,0
12/17/2020,HDIT,304.00,304.00,272.00,272.00,2707500
12/17/2020,HDTX,120.00,120.00,120.00,120.00,0
12/17/2020,HEAL,3800.00,3810.00,3750.00,3790.00,622300
12/17/2020,HELI,222.00,222.00,208.00,216.00,61600
12/17/2020,HELI-W,6.00,6.00,5.00,6.00,50400
12/17/2020,HERO,880.00,895.00,835.00,865.00,150300
12/17/2020,HEXA,3510.00,3530.00,3460.00,3460.00,416600
12/17/2020,HITS,474.00,474.00,474.00,474.00,19700
12/17/2020,HKMU,115.00,129.00,114.00,117.00,357010000
12/17/2020,HMSP,1610.00,1615.00,1580.00,1590.00,94871900
12/17/2020,HOKI,1120.00,1120.00,1085.00,1090.00,12027900
12/17/2020,HOKI-W,650.00,650.00,650.00,650.00,100
12/17/2020,HOME,50.00,50.00,50.00,50.00,0
12/17/2020,HOMI,1245.00,1245.00,1150.00,1205.00,1053500
12/17/2020,HOTL,50.00,50.00,50.00,50.00,174300
12/17/2020,HRME,54.00,55.00,52.00,53.00,8428400
12/17/2020,HRTA,264.00,286.00,264.00,276.00,13835000
12/17/2020,HRUM,3280.00,3410.00,3080.00,3230.00,15093600
12/17/2020,IATA,50.00,50.00,50.00,50.00,100100
12/17/2020,IBFN,276.00,276.00,276.00,276.00,5000
12/17/2020,IBFN-W,7.00,7.00,7.00,7.00,0
12/17/2020,IBST,8900.00,8900.00,8900.00,8900.00,0
12/17/2020,ICBP,9800.00,9850.00,9725.00,9725.00,12290800
12/17/2020,ICON,93.00,125.00,93.00,113.00,10986600
12/17/2020,IDPR,230.00,230.00,214.00,220.00,208200
12/17/2020,IFII,141.00,154.00,141.00,150.00,313300
12/17/2020,IFSH,370.00,380.00,370.00,370.00,7500
12/17/2020,IGAR,350.00,356.00,346.00,350.00,92300
12/17/2020,IIKP,50.00,50.00,50.00,50.00,0
12/17/2020,IKAI,50.00,50.00,50.00,50.00,99500
12/17/2020,IKAN,154.00,159.00,150.00,150.00,6971600
12/17/2020,IKBI,230.00,230.00,222.00,226.00,16000
12/17/2020,IMAS,1485.00,1500.00,1420.00,1450.00,27032600
12/17/2020,IMJS,434.00,438.00,422.00,426.00,13666900
12/17/2020,IMPC,1340.00,1340.00,1330.00,1340.00,1508400
12/17/2020,INAF,4400.00,4500.00,4250.00,4270.00,5759300
12/17/2020,INAI,346.00,346.00,340.00,340.00,27100
12/17/2020,INCF,78.00,78.00,73.00,76.00,2089400
12/17/2020,INCI,820.00,835.00,820.00,825.00,64400
12/17/2020,INCO,5500.00,5625.00,5350.00,5400.00,31492500
12/17/2020,INDF,6900.00,6975.00,6850.00,6850.00,13726500
12/17/2020,INDO,122.00,122.00,120.00,122.00,374900
12/17/2020,INDO-W,23.00,32.00,23.00,28.00,1156000
12/17/2020,INDR,3000.00,3100.00,2790.00,3000.00,16800
12/17/2020,INDS,1955.00,1955.00,1930.00,1930.00,2800
12/17/2020,INDX,53.00,55.00,51.00,51.00,134800
12/17/2020,INDY,1955.00,1975.00,1870.00,1920.00,47291700
12/17/2020,INKP,10875.00,11100.00,10200.00,10400.00,12016500
12/17/2020,INOV,173.00,180.00,173.00,173.00,290400
12/17/2020,INPC,66.00,68.00,65.00,67.00,1100400
12/17/2020,INPC-W,4.00,5.00,3.00,4.00,1504200
12/17/2020,INPP,700.00,700.00,700.00,700.00,1100
12/17/2020,INPS,3500.00,3500.00,3290.00,3330.00,17600
12/17/2020,INRU,895.00,895.00,890.00,890.00,44600
12/17/2020,INTA,208.00,208.00,198.00,200.00,10500
12/17/2020,INTD,116.00,116.00,116.00,116.00,100
12/17/2020,INTP,14975.00,15150.00,14800.00,15025.00,5443100
12/17/2020,IPCC,555.00,570.00,525.00,530.00,10555000
12/17/2020,IPCM,332.00,336.00,322.00,328.00,114000
12/17/2020,IPOL,91.00,92.00,90.00,90.00,1966700
12/17/2020,IPTV,298.00,302.00,294.00,296.00,14875100
12/17/2020,IPTV-W,31.00,31.00,26.00,28.00,100000
12/17/2020,IRRA,1550.00,1585.00,1505.00,1515.00,16926700
12/17/2020,ISAT,4270.00,5000.00,3940.00,3940.00,96985000
12/17/2020,ISSP,175.00,180.00,173.00,175.00,16336000
12/17/2020,ITIC,750.00,780.00,710.00,725.00,35149900
12/17/2020,ITMA,520.00,530.00,515.00,525.00,62500
12/17/2020,ITMA-W,76.00,76.00,76.00,76.00,26000
12/17/2020,ITMG,15250.00,15250.00,14650.00,14725.00,8846300
12/17/2020,JAST,166.00,168.00,160.00,163.00,25037500
12/17/2020,JAWA,88.00,94.00,88.00,90.00,199500
12/17/2020,JAYA,153.00,166.00,153.00,158.00,8841800
12/17/2020,JAYA-W,12.00,13.00,12.00,12.00,299800
12/17/2020,JECC,6250.00,6250.00,6250.00,6250.00,0
12/17/2020,JGLE,50.00,50.00,50.00,50.00,0
12/17/2020,JIHD,442.00,448.00,440.00,448.00,22500
12/17/2020,JKON,340.00,340.00,340.00,340.00,110000
12/17/2020,JKSW,60.00,60.00,60.00,60.00,0
12/17/2020,JMAS,200.00,244.00,186.00,200.00,653000
12/17/2020,JPFA,1690.00,1695.00,1595.00,1605.00,33895200
12/17/2020,JRPT,575.00,620.00,575.00,610.00,8086400
12/17/2020,JSKY,228.00,240.00,228.00,232.00,18399300
12/17/2020,JSMR,4510.00,4730.00,4500.00,4700.00,36538600
12/17/2020,JSPT,845.00,845.00,845.00,845.00,400
12/17/2020,JTPE,930.00,930.00,925.00,930.00,972300
12/17/2020,KAEF,4500.00,4590.00,4360.00,4380.00,26944600
12/17/2020,KARW,81.00,83.00,76.00,76.00,1427700
12/17/2020,KAYU,86.00,87.00,83.00,84.00,3579200
12/17/2020,KBAG,50.00,50.00,50.00,50.00,14786300
12/17/2020,KBAG-W,4.00,5.00,4.00,4.00,46692000
12/17/2020,KBLI,414.00,418.00,392.00,412.00,8957200
12/17/2020,KBLM,234.00,234.00,224.00,232.00,689000
12/17/2020,KBLV,440.00,440.00,410.00,430.00,3900
12/17/2020,KBRI,50.00,50.00,50.00,50.00,0
12/17/2020,KDSI,865.00,865.00,850.00,850.00,31700
12/17/2020,KEEN,306.00,308.00,298.00,306.00,2651000
12/17/2020,KEJU,1305.00,1305.00,1280.00,1295.00,152300
12/17/2020,KIAS,52.00,52.00,51.00,51.00,502000
12/17/2020,KICI,250.00,250.00,240.00,240.00,14800
12/17/2020,KIJA,220.00,262.00,216.00,240.00,505482700
12/17/2020,KINO,2850.00,2860.00,2830.00,2830.00,204100
12/17/2020,KIOS,144.00,144.00,144.00,144.00,300
12/17/2020,KJEN,1175.00,1200.00,1100.00,1125.00,25600
12/17/2020,KKGI,384.00,400.00,346.00,386.00,1077500
12/17/2020,KLBF,1550.00,1570.00,1530.00,1540.00,99783300
12/17/2020,KMDS,482.00,482.00,466.00,466.00,500
12/17/2020,KMTR,352.00,360.00,344.00,354.00,513200
12/17/2020,KOBX,114.00,116.00,114.00,115.00,502700
12/17/2020,KOIN,101.00,101.00,101.00,101.00,100
12/17/2020,KONI,500.00,500.00,500.00,500.00,0
12/17/2020,KOPI,450.00,450.00,450.00,450.00,19300
12/17/2020,KOTA,165.00,212.00,165.00,208.00,6388100
12/17/2020,KOTA-W,150.00,200.00,132.00,132.00,25100
12/17/2020,KPAL,50.00,51.00,50.00,50.00,257000
12/17/2020,KPAS,77.00,81.00,75.00,78.00,10499200
12/17/2020,KPAS-W,19.00,23.00,19.00,21.00,531700
12/17/2020,KPIG,110.00,110.00,105.00,108.00,3234900
12/17/2020,KRAH,436.00,436.00,436.00,436.00,0
12/17/2020,KRAS,448.00,466.00,448.00,454.00,132718000
12/17/2020,KREN,90.00,90.00,86.00,88.00,7902100
12/17/2020,LAND,190.00,190.00,180.00,183.00,119400
12/17/2020,LAPD,50.00,50.00,50.00,50.00,0
12/17/2020,LCGP,114.00,114.00,114.00,114.00,0
12/17/2020,LCKM,368.00,368.00,366.00,366.00,2600
12/17/2020,LEAD,50.00,50.00,50.00,50.00,1723900
12/17/2020,LIFE,5200.00,5200.00,5200.00,5200.00,0
12/17/2020,LINK,2760.00,2800.00,2670.00,2730.00,5751100
12/17/2020,LION,388.00,388.00,364.00,364.00,11800
12/17/2020,LMAS,50.00,50.00,50.00,50.00,2600
12/17/2020,LMPI,83.00,85.00,82.00,85.00,31300
12/17/2020,LMSH,470.00,470.00,438.00,438.00,5100
12/17/2020,LPCK,1510.00,1600.00,1510.00,1550.00,6631300
12/17/2020,LPGI,3500.00,3500.00,3500.00,3500.00,100
12/17/2020,LPIN,258.00,268.00,250.00,260.00,30900
12/17/2020,LPKR,242.00,252.00,236.00,242.00,253378100
12/17/2020,LPLI,84.00,87.00,81.00,81.00,331900
12/17/2020,LPPF,1370.00,1475.00,1345.00,1420.00,80604300
12/17/2020,LPPS,84.00,87.00,84.00,84.00,39800
12/17/2020,LRNA,198.00,198.00,186.00,188.00,10300
12/17/2020,LSIP,1285.00,1310.00,1235.00,1265.00,24972600
12/17/2020,LTLS,492.00,494.00,488.00,490.00,278300
12/17/2020,LUCK,179.00,192.00,179.00,184.00,2731600
12/17/2020,MABA,50.00,50.00,50.00,50.00,0
12/17/2020,MAGP,50.00,50.00,50.00,50.00,5000
12/17/2020,MAIN,845.00,860.00,820.00,855.00,17328400
12/17/2020,MAMI,50.00,50.00,50.00,50.00,177300
12/17/2020,MAMI-W,4.00,4.00,4.00,4.00,2249800
12/17/2020,MAMIP,600.00,600.00,600.00,600.00,0
12/17/2020,MAPA,2860.00,2920.00,2800.00,2860.00,1114200
12/17/2020,MAPB,1350.00,1370.00,1320.00,1350.00,6900
12/17/2020,MAPI,895.00,955.00,870.00,945.00,54831700
12/17/2020,MARI,53.00,54.00,50.00,50.00,100041100
12/17/2020,MARK,810.00,815.00,780.00,780.00,2656200
12/17/2020,MASA,1110.00,1110.00,1035.00,1085.00,229000
12/17/2020,MAYA,9000.00,9100.00,9000.00,9000.00,1200
12/17/2020,MBAP,2890.00,2910.00,2850.00,2860.00,315000
12/17/2020,MBSS,555.00,635.00,545.00,575.00,15812200
12/17/2020,MBTO,93.00,96.00,91.00,95.00,36900
12/17/2020,MCAS,2900.00,3090.00,2880.00,3070.00,1709100
12/17/2020,MCOR,132.00,134.00,131.00,132.00,4338500
12/17/2020,MDIA,54.00,65.00,54.00,62.00,3902500
12/17/2020,MDKA,2160.00,2220.00,2030.00,2100.00,79993400
12/17/2020,MDKI,202.00,212.00,199.00,202.00,2234700
12/17/2020,MDLN,51.00,51.00,51.00,51.00,0
12/17/2020,MDRN,50.00,50.00,50.00,50.00,6300
12/17/2020,MEDC,655.00,700.00,645.00,670.00,272242500
12/17/2020,MEGA,7000.00,7000.00,7000.00,7000.00,1700
12/17/2020,MERK,3300.00,3340.00,3250.00,3280.00,57400
12/17/2020,META,163.00,164.00,159.00,162.00,5743500
12/17/2020,MFIN,1100.00,1100.00,1050.00,1060.00,9300
12/17/2020,MFMI,760.00,760.00,745.00,745.00,104900
12/17/2020,MGNA,50.00,50.00,50.00,50.00,0
12/17/2020,MGRO,770.00,770.00,765.00,770.00,2137200
12/17/2020,MICE,298.00,300.00,296.00,298.00,64200
12/17/2020,MIDI,1900.00,1900.00,1900.00,1900.00,23700300
12/17/2020,MIKA,2830.00,2830.00,2760.00,2770.00,21027000
12/17/2020,MINA,50.00,50.00,50.00,50.00,40200
12/17/2020,MIRA,50.00,50.00,50.00,50.00,5200
12/17/2020,MITI,127.00,127.00,127.00,127.00,0
12/17/2020,MKNT,50.00,50.00,50.00,50.00,1100
12/17/2020,MKPI,28000.00,28000.00,28000.00,28000.00,0
12/17/2020,MLBI,9500.00,9625.00,9400.00,9600.00,91900
12/17/2020,MLIA,530.00,535.00,515.00,515.00,5961600
12/17/2020,MLPL,73.00,76.00,72.00,73.00,12168300
12/17/2020,MLPT,730.00,750.00,720.00,740.00,156000
12/17/2020,MMLP,312.00,318.00,306.00,306.00,5689200
12/17/2020,MNCN,1205.00,1270.00,1185.00,1260.00,292723700
12/17/2020,MOLI,850.00,850.00,845.00,850.00,11500
12/17/2020,MPMX,470.00,476.00,464.00,470.00,38164400
12/17/2020,MPOW,75.00,76.00,73.00,73.00,92500
12/17/2020,MPPA,112.00,127.00,108.00,114.00,47900200
12/17/2020,MPRO,1615.00,1615.00,1615.00,1615.00,0
12/17/2020,MRAT,152.00,152.00,150.00,151.00,16600
12/17/2020,MREI,4700.00,4700.00,4700.00,4700.00,0
12/17/2020,MSIN,296.00,298.00,292.00,296.00,366900
12/17/2020,MSKY,680.00,685.00,660.00,685.00,17600
12/17/2020,MTDL,1625.00,1635.00,1615.00,1620.00,3341100
12/17/2020,MTFN,50.00,50.00,50.00,50.00,600
12/17/2020,MTLA,430.00,450.00,426.00,446.00,294100
12/17/2020,MTPS,284.00,294.00,266.00,266.00,598500
12/17/2020,MTRA,244.00,244.00,244.00,244.00,0
12/17/2020,MTSM,218.00,218.00,202.00,202.00,600
12/17/2020,MTWI,62.00,62.00,60.00,62.00,96800
12/17/2020,MYOH,1290.00,1320.00,1290.00,1315.00,36500
12/17/2020,MYOR,2680.00,2680.00,2610.00,2670.00,5626900
12/17/2020,MYRX,50.00,50.00,50.00,50.00,0
12/17/2020,MYRXP,50.00,50.00,50.00,50.00,0
12/17/2020,MYTX,51.00,53.00,50.00,51.00,7900
12/17/2020,NASA,104.00,104.00,104.00,104.00,0
12/17/2020,NATO,585.00,605.00,570.00,600.00,211027700
12/17/2020,NATO-W,310.00,310.00,310.00,310.00,300
12/17/2020,NELY,141.00,141.00,140.00,141.00,304000
12/17/2020,NFCX,1600.00,1650.00,1600.00,1650.00,370500
12/17/2020,NICK,308.00,308.00,272.00,292.00,2008200
12/17/2020,NIKL,1725.00,1765.00,1690.00,1710.00,10744200
12/17/2020,NIPS,282.00,282.00,282.00,282.00,0
12/17/2020,NIRO,173.00,173.00,163.00,163.00,400
12/17/2020,NISP,845.00,860.00,825.00,830.00,1009600
12/17/2020,NOBU,795.00,795.00,775.00,795.00,1300
12/17/2020,NRCA,384.00,386.00,378.00,378.00,1720200
12/17/2020,NUSA,50.00,50.00,50.00,50.00,0
12/17/2020,NZIA,156.00,161.00,156.00,160.00,124700
12/17/2020,OASA,374.00,374.00,374.00,374.00,0
12/17/2020,OCAP,159.00,159.00,159.00,159.00,0
12/17/2020,OKAS,115.00,118.00,113.00,114.00,4801600
12/17/2020,OMRE,330.00,330.00,330.00,330.00,0
12/17/2020,OPMS,156.00,162.00,156.00,161.00,21852100
12/17/2020,PADI,50.00,50.00,50.00,50.00,10100
12/17/2020,PALM,330.00,334.00,324.00,326.00,722000
12/17/2020,PAMG,117.00,118.00,113.00,115.00,11796800
12/17/2020,PANI,115.00,120.00,109.00,119.00,37500
12/17/2020,PANR,170.00,174.00,169.00,170.00,914900
12/17/2020,PANS,1025.00,1050.00,1020.00,1020.00,273400
12/17/2020,PBID,1215.00,1250.00,1205.00,1235.00,240100
12/17/2020,PBRX,266.00,272.00,262.00,266.00,34867100
12/17/2020,PBSA,680.00,680.00,670.00,670.00,200
12/17/2020,PCAR,585.00,730.00,580.00,730.00,1214800
12/17/2020,PDES,448.00,454.00,448.00,448.00,16400
12/17/2020,PEGE,117.00,117.00,117.00,117.00,1000
12/17/2020,PEHA,1900.00,1930.00,1805.00,1830.00,1045300
12/17/2020,PGAS,1825.00,1840.00,1765.00,1790.00,207152200
12/17/2020,PGJO,74.00,74.00,69.00,74.00,1668100
12/17/2020,PGLI,210.00,214.00,210.00,214.00,700
12/17/2020,PGUN,240.00,250.00,236.00,250.00,16700
12/17/2020,PICO,138.00,147.00,138.00,144.00,342000
12/17/2020,PJAA,635.00,645.00,625.00,630.00,646800
12/17/2020,PKPK,56.00,57.00,54.00,55.00,1076500
12/17/2020,PLAN,115.00,115.00,110.00,111.00,619500
12/17/2020,PLAN-W,4.00,5.00,4.00,5.00,935700
12/17/2020,PLAS,50.00,50.00,50.00,50.00,0
12/17/2020,PLIN,2520.00,2520.00,2520.00,2520.00,500
12/17/2020,PMJS,121.00,124.00,114.00,116.00,26200
12/17/2020,PNBN,1130.00,1180.00,1120.00,1170.00,24418200
12/17/2020,PNBS,83.00,86.00,81.00,82.00,73583800
12/17/2020,PNGO,665.00,665.00,600.00,600.00,800
12/17/2020,PNIN,910.00,935.00,895.00,905.00,6539600
12/17/2020,PNLF,256.00,268.00,250.00,258.00,115172000
12/17/2020,PNSE,1075.00,1075.00,1075.00,1075.00,400
12/17/2020,POLA,246.00,246.00,246.00,246.00,0
12/17/2020,POLA-W,182.00,182.00,182.00,182.00,0
12/17/2020,POLI,880.00,880.00,850.00,855.00,6400
12/17/2020,POLL,5250.00,5250.00,4860.00,4980.00,456100
12/17/2020,POLU,700.00,790.00,700.00,770.00,8000
12/17/2020,POLY,77.00,80.00,64.00,65.00,27671800
12/17/2020,POOL,50.00,50.00,50.00,50.00,0
12/17/2020,PORT,438.00,438.00,438.00,438.00,3100
12/17/2020,POSA,50.00,50.00,50.00,50.00,0
12/17/2020,POSA-W,2.00,2.00,2.00,2.00,0
12/17/2020,POWR,755.00,775.00,725.00,770.00,51398800
12/17/2020,PPGL,169.00,170.00,166.00,167.00,2289100
12/17/2020,PPGL-W,10.00,11.00,9.00,11.00,2303300
12/17/2020,PPRE,278.00,304.00,268.00,284.00,111699100
12/17/2020,PPRO,115.00,122.00,112.00,115.00,1564583100
12/17/2020,PRAS,122.00,122.00,122.00,122.00,27500
12/17/2020,PRDA,3600.00,3600.00,3550.00,3550.00,13000
12/17/2020,PRIM,244.00,248.00,240.00,242.00,773400
12/17/2020,PRIM-W,5.00,6.00,5.00,5.00,20700
12/17/2020,PSAB,232.00,260.00,230.00,246.00,256385600
12/17/2020,PSDN,127.00,127.00,127.00,127.00,17200
12/17/2020,PSGO,110.00,113.00,110.00,110.00,193100
12/17/2020,PSKT,50.00,50.00,50.00,50.00,10100
12/17/2020,PSSI,180.00,181.00,174.00,174.00,2787300
12/17/2020,PTBA,3170.00,3180.00,3000.00,3040.00,85604700
12/17/2020,PTDU,550.00,590.00,550.00,590.00,321300
12/17/2020,PTIS,160.00,170.00,152.00,162.00,8500
12/17/2020,PTPP,1610.00,1795.00,1610.00,1705.00,274811100
12/17/2020,PTPW,1100.00,1115.00,1100.00,1110.00,1221100
12/17/2020,PTRO,2130.00,2150.00,2080.00,2100.00,1945400
12/17/2020,PTSN,246.00,254.00,236.00,236.00,11712200
12/17/2020,PTSP,3980.00,3980.00,3980.00,3980.00,0
12/17/2020,PUDP,232.00,232.00,232.00,232.00,0
12/17/2020,PURA,126.00,127.00,125.00,127.00,592609200
12/17/2020,PURA-W,22.00,23.00,22.00,22.00,2757300
12/17/2020,PURE,234.00,246.00,234.00,238.00,9117200
12/17/2020,PURE-W,24.00,24.00,23.00,23.00,3059000
12/17/2020,PURI,290.00,290.00,290.00,290.00,800
12/17/2020,PWON,535.00,555.00,525.00,550.00,254565900
12/17/2020,PYFA,1070.00,1080.00,1035.00,1035.00,1849500
12/17/2020,PZZA,830.00,835.00,815.00,835.00,1020000
12/17/2020,R-ABFII,28600.00,28600.00,28600.00,28600.00,0
12/17/2020,R-LQ45X,1011.00,1011.00,1002.00,1011.00,139800
12/17/2020,RAJA,270.00,282.00,256.00,282.00,55465400
12/17/2020,RALS,755.00,865.00,755.00,860.00,116574500
12/17/2020,RANC,484.00,494.00,470.00,470.00,2727000
12/17/2020,RBMS,51.00,53.00,51.00,53.00,1104300
12/17/2020,RDTX,5300.00,5300.00,5275.00,5300.00,32700
12/17/2020,REAL,51.00,51.00,50.00,50.00,8806600
12/17/2020,RELI,306.00,306.00,290.00,292.00,2600
12/17/2020,RICY,119.00,119.00,107.00,117.00,190000
12/17/2020,RIGS,298.00,300.00,292.00,292.00,434000
12/17/2020,RIMO,50.00,50.00,50.00,50.00,0
12/17/2020,RISE,418.00,424.00,416.00,420.00,120300
12/17/2020,RMBA,374.00,374.00,370.00,370.00,116200
12/17/2020,ROCK,825.00,860.00,810.00,860.00,19500
12/17/2020,RODA,57.00,58.00,54.00,57.00,209400
12/17/2020,RONY,198.00,198.00,188.00,193.00,131900
12/17/2020,ROTI,1400.00,1400.00,1370.00,1375.00,221500
12/17/2020,RUIS,312.00,316.00,306.00,310.00,6600
12/17/2020,SAFE,188.00,188.00,186.00,188.00,246500
12/17/2020,SAME,280.00,300.00,274.00,280.00,111531100
12/17/2020,SAMF,396.00,400.00,396.00,398.00,1800
12/17/2020,SAPX,2190.00,2190.00,2190.00,2190.00,500
12/17/2020,SATU,50.00,50.00,50.00,50.00,22200
12/17/2020,SBAT,100.00,115.00,99.00,114.00,75334200
12/17/2020,SBAT-W,12.00,14.00,12.00,14.00,5245500
12/17/2020,SCCO,10475.00,10600.00,10300.00,10400.00,1300
12/17/2020,SCMA,2160.00,2160.00,2020.00,2060.00,25267200
12/17/2020,SCNP,240.00,260.00,234.00,234.00,134400
12/17/2020,SCPI,29000.00,29000.00,29000.00,29000.00,0
12/17/2020,SDMU,61.00,84.00,61.00,82.00,59474000
12/17/2020,SDPC,115.00,115.00,108.00,113.00,359900
12/17/2020,SDRA,790.00,790.00,790.00,790.00,400
12/17/2020,SFAN,1255.00,1260.00,1250.00,1255.00,823500
12/17/2020,SGER,610.00,680.00,605.00,655.00,13572800
12/17/2020,SGER-W,288.00,380.00,272.00,380.00,48000
12/17/2020,SGRO,1725.00,1735.00,1710.00,1720.00,331700
12/17/2020,SHID,2550.00,2840.00,2550.00,2600.00,20400
12/17/2020,SHIP,660.00,660.00,635.00,635.00,721200
12/17/2020,SIDO,775.00,785.00,770.00,775.00,13516200
12/17/2020,SILO,5675.00,5850.00,5400.00,5600.00,352100
12/17/2020,SIMA,50.00,50.00,50.00,50.00,0
12/17/2020,SIMP,424.00,428.00,408.00,414.00,15446500
12/17/2020,SINI,370.00,370.00,350.00,350.00,4800
12/17/2020,SINI-W,212.00,212.00,171.00,200.00,2500
12/17/2020,SIPD,1215.00,1230.00,1170.00,1220.00,87000
12/17/2020,SKBM,346.00,346.00,342.00,342.00,300
12/17/2020,SKLT,1550.00,1685.00,1550.00,1685.00,11500
12/17/2020,SKRN,700.00,710.00,680.00,690.00,145900
12/17/2020,SKYB,51.00,51.00,51.00,51.00,0
12/17/2020,SLIS,4910.00,4990.00,4840.00,4840.00,69200
12/17/2020,SMAR,3800.00,3800.00,3600.00,3780.00,35100
12/17/2020,SMBR,1235.00,1340.00,1230.00,1300.00,162965800
12/17/2020,SMCB,1375.00,1375.00,1315.00,1325.00,284200
12/17/2020,SMDM,106.00,109.00,102.00,107.00,65200
12/17/2020,SMDR,318.00,322.00,310.00,312.00,7210400
12/17/2020,SMGR,12700.00,13000.00,12675.00,12925.00,8374600
12/17/2020,SMKL,195.00,197.00,191.00,195.00,912800
12/17/2020,SMKL-W,22.00,25.00,14.00,14.00,958500
12/17/2020,SMMA,11850.00,12000.00,11700.00,12000.00,7200
12/17/2020,SMMT,130.00,132.00,127.00,130.00,591700
12/17/2020,SMRA,820.00,860.00,820.00,855.00,212337600
12/17/2020,SMRU,50.00,50.00,50.00,50.00,0
12/17/2020,SMSM,1335.00,1360.00,1325.00,1345.00,2147200
12/17/2020,SOCI,252.00,274.00,252.00,266.00,73542200
12/17/2020,SOFA,104.00,110.00,99.00,104.00,142300
12/17/2020,SOFA-W,4.00,5.00,4.00,4.00,8369300
12/17/2020,SOHO,4990.00,5025.00,4990.00,4990.00,5900
12/17/2020,SONA,5600.00,5600.00,5600.00,5600.00,100
12/17/2020,SOSS,404.00,404.00,382.00,384.00,3600
12/17/2020,SOSS-W,44.00,44.00,42.00,42.00,5700
12/17/2020,SOTS,200.00,200.00,198.00,200.00,50100
12/17/2020,SOTS-W,20.00,20.00,20.00,20.00,200
12/17/2020,SPMA,326.00,326.00,304.00,306.00,81400
12/17/2020,SPTO,535.00,555.00,520.00,545.00,2142200
12/17/2020,SQMI,364.00,364.00,354.00,356.00,6870800
12/17/2020,SRAJ,192.00,210.00,187.00,187.00,105300
12/17/2020,SRIL,294.00,302.00,284.00,286.00,163647800
12/17/2020,SRSN,61.00,64.00,60.00,62.00,45023400
12/17/2020,SRTG,3450.00,3480.00,3430.00,3430.00,4416700
12/17/2020,SSIA,585.00,615.00,575.00,580.00,121483400
12/17/2020,SSMS,860.00,900.00,850.00,900.00,20073600
12/17/2020,SSTM,560.00,560.00,540.00,560.00,62000
12/17/2020,STAR,121.00,121.00,109.00,111.00,50000
12/17/2020,STTP,9000.00,9000.00,9000.00,9000.00,600
12/17/2020,SUGI,50.00,50.00,50.00,50.00,0
12/17/2020,SULI,50.00,50.00,50.00,50.00,603200
12/17/2020,SUPR,4100.00,4100.00,4100.00,4100.00,0
12/17/2020,SURE,2660.00,2670.00,2640.00,2650.00,35500
12/17/2020,SWAT,119.00,121.00,114.00,116.00,625300
12/17/2020,TALF,278.00,280.00,262.00,280.00,4200
12/17/2020,TAMA,131.00,134.00,127.00,127.00,5564700
12/17/2020,TAMA-W,7.00,7.00,6.00,6.00,5934500
12/17/2020,TAMU,50.00,50.00,50.00,50.00,959800
12/17/2020,TARA,50.00,50.00,50.00,50.00,320500
12/17/2020,TAXI,50.00,50.00,50.00,50.00,4200
12/17/2020,TBIG,1525.00,1530.00,1475.00,1500.00,27226900
12/17/2020,TBLA,835.00,835.00,820.00,820.00,4120700
12/17/2020,TBMS,945.00,950.00,915.00,945.00,112200
12/17/2020,TCID,6525.00,6525.00,6450.00,6475.00,63100
12/17/2020,TCPI,7025.00,7075.00,6475.00,6475.00,9690100
12/17/2020,TDPM,156.00,156.00,150.00,150.00,11779800
12/17/2020,TEBE,550.00,550.00,535.00,535.00,19800
12/17/2020,TECH,388.00,414.00,388.00,414.00,2785800
12/17/2020,TELE,121.00,121.00,121.00,121.00,0
12/17/2020,TFAS,170.00,181.00,170.00,170.00,202400
12/17/2020,TFCO,478.00,478.00,478.00,478.00,0
12/17/2020,TGKA,7600.00,7625.00,7200.00,7200.00,4700
12/17/2020,TGRA,144.00,146.00,141.00,143.00,16726400
12/17/2020,TIFA,470.00,470.00,458.00,458.00,35200
12/17/2020,TINS,1550.00,1575.00,1495.00,1540.00,109261700
12/17/2020,TIRA,258.00,260.00,256.00,260.00,7600
12/17/2020,TIRT,50.00,51.00,50.00,50.00,99100
12/17/2020,TKIM,10600.00,10700.00,10000.00,10325.00,13545000
12/17/2020,TLKM,3610.00,3620.00,3520.00,3540.00,249797800
12/17/2020,TMAS,132.00,134.00,126.00,128.00,3107800
12/17/2020,TMPO,151.00,151.00,142.00,148.00,12200
12/17/2020,TNCA,442.00,452.00,432.00,442.00,9636900
12/17/2020,TOBA,530.00,530.00,510.00,525.00,133000
12/17/2020,TOPS,50.00,50.00,50.00,50.00,10633800
12/17/2020,TOTL,410.00,420.00,400.00,406.00,20015300
12/17/2020,TOTO,252.00,254.00,248.00,248.00,1231200
12/17/2020,TOWR,995.00,1000.00,975.00,980.00,169283200
12/17/2020,TOYS,725.00,740.00,690.00,690.00,5258900
12/17/2020,TOYS-W,11.00,12.00,10.00,11.00,6990200
12/17/2020,TPIA,9425.00,9525.00,9050.00,9100.00,2012800
12/17/2020,TPMA,366.00,366.00,362.00,366.00,15000
12/17/2020,TRAM,50.00,50.00,50.00,50.00,0
12/17/2020,TRIL,50.00,50.00,50.00,50.00,0
12/17/2020,TRIM,100.00,100.00,98.00,98.00,280200
12/17/2020,TRIN,214.00,218.00,214.00,216.00,6228600
12/17/2020,TRIN-W,9.00,10.00,9.00,9.00,2056600
12/17/2020,TRIO,426.00,426.00,426.00,426.00,0
12/17/2020,TRIS,210.00,210.00,210.00,210.00,50100
12/17/2020,TRIS-W,50.00,50.00,50.00,50.00,0
12/17/2020,TRJA,149.00,160.00,149.00,159.00,365400
12/17/2020,TRST,400.00,400.00,400.00,400.00,0
12/17/2020,TRUK,182.00,182.00,178.00,180.00,1334000
12/17/2020,TRUS,348.00,348.00,348.00,348.00,0
12/17/2020,TSPC,1440.00,1440.00,1400.00,1410.00,1473600
12/17/2020,TUGU,2040.00,2040.00,1900.00,1900.00,213200
12/17/2020,TURI,1300.00,1300.00,1255.00,1255.00,8600
12/17/2020,UANG,242.00,242.00,216.00,218.00,169200
12/17/2020,UCID,1525.00,1540.00,1510.00,1520.00,700200
12/17/2020,ULTJ,1630.00,1640.00,1625.00,1635.00,1111700
12/17/2020,UNIC,4550.00,4710.00,4550.00,4650.00,19800
12/17/2020,UNIT,181.00,181.00,168.00,168.00,1100
12/17/2020,UNSP,109.00,117.00,109.00,116.00,11124900
12/17/2020,UNTR,27350.00,27450.00,26675.00,27125.00,5996000
12/17/2020,UNVR,7500.00,7550.00,7425.00,7425.00,19682500
12/17/2020,URBN,1025.00,1025.00,910.00,910.00,15000
12/17/2020,URBN-W,13.00,14.00,13.00,13.00,159200
12/17/2020,VICI,135.00,135.00,135.00,135.00,9700
12/17/2020,VICO,84.00,84.00,80.00,80.00,59600
12/17/2020,VINS,93.00,95.00,90.00,92.00,87500
12/17/2020,VIVA,51.00,59.00,50.00,56.00,129312200
12/17/2020,VOKS,262.00,262.00,252.00,260.00,235400
12/17/2020,VRNA,104.00,104.00,104.00,104.00,0
12/17/2020,WAPO,66.00,66.00,66.00,66.00,15000
12/17/2020,WEGE,264.00,286.00,260.00,272.00,326947600
12/17/2020,WEHA,72.00,74.00,70.00,74.00,1425200
12/17/2020,WICO,438.00,466.00,438.00,466.00,25400
12/17/2020,WIIM,590.00,595.00,575.00,585.00,11666500
12/17/2020,WIKA,1825.00,2100.00,1825.00,1945.00,264342200
12/17/2020,WINS,99.00,100.00,97.00,97.00,4304200
12/17/2020,WOMF,254.00,262.00,254.00,258.00,460700
12/17/2020,WOOD,580.00,595.00,565.00,565.00,16993000
12/17/2020,WOWS,69.00,77.00,69.00,72.00,57486500
12/17/2020,WSBP,260.00,296.00,250.00,272.00,1710599400
12/17/2020,WSKT,1225.00,1475.00,1225.00,1455.00,711017500
12/17/2020,WTON,400.00,452.00,396.00,428.00,213738900
12/17/2020,XAFA,1090.00,1090.00,1090.00,1090.00,100
12/17/2020,XAQA,960.00,960.00,960.00,960.00,0
12/17/2020,XASG,87.00,87.00,87.00,87.00,0
12/17/2020,XBES,971.00,971.00,971.00,971.00,0
12/17/2020,XBID,541.00,541.00,541.00,541.00,0
12/17/2020,XBIN,505.00,505.00,505.00,505.00,0
12/17/2020,XBLQ,451.00,451.00,451.00,451.00,0
12/17/2020,XBNI,1045.00,1045.00,1045.00,1045.00,0
12/17/2020,XBSK,395.00,395.00,395.00,395.00,0
12/17/2020,XCID,84.00,84.00,84.00,84.00,300
12/17/2020,XCIS,105.00,105.00,105.00,105.00,0
12/17/2020,XCLQ,100.00,100.00,99.00,99.00,9300
12/17/2020,XDIF,477.00,477.00,477.00,477.00,300
12/17/2020,XIHD,482.00,488.00,482.00,484.00,7900
12/17/2020,XIIC,1065.00,1065.00,1061.00,1065.00,400
12/17/2020,XIID,529.00,529.00,529.00,529.00,0
12/17/2020,XIIF,598.00,609.00,593.00,609.00,91200
12/17/2020,XIIT,540.00,554.00,540.00,541.00,40400
12/17/2020,XIJI,672.00,674.00,672.00,673.00,10600
12/17/2020,XILV,118.00,118.00,114.00,114.00,40100
12/17/2020,XIML,255.00,255.00,255.00,255.00,0
12/17/2020,XIPI,180.00,181.00,180.00,180.00,6100
12/17/2020,XISB,398.00,398.00,398.00,398.00,0
12/17/2020,XISC,795.00,795.00,785.00,785.00,33000
12/17/2020,XISI,334.00,344.00,334.00,344.00,500
12/17/2020,XISR,394.00,396.00,391.00,391.00,3500
12/17/2020,XKIV,509.00,510.00,509.00,510.00,2600
12/17/2020,XKMS,1091.00,1091.00,1079.00,1091.00,500
12/17/2020,XMIG,179.00,179.00,179.00,179.00,0
12/17/2020,XMJM,1001.00,1001.00,1001.00,1001.00,0
12/17/2020,XMTS,476.00,476.00,476.00,476.00,0
12/17/2020,XNVE,162.00,164.00,160.00,160.00,71000
12/17/2020,XPCR,925.00,925.00,925.00,925.00,0
12/17/2020,XPDV,464.00,464.00,464.00,464.00,0
12/17/2020,XPES,400.00,400.00,400.00,400.00,0
12/17/2020,XPFT,650.00,650.00,650.00,650.00,0
12/17/2020,XPID,508.00,508.00,508.00,508.00,0
12/17/2020,XPLC,468.00,468.00,468.00,468.00,5000
12/17/2020,XPLQ,465.00,465.00,465.00,465.00,0
12/17/2020,XPMI,940.00,950.00,940.00,950.00,2200
12/17/2020,XPSG,415.00,415.00,415.00,415.00,0
12/17/2020,XPTD,498.00,498.00,498.00,498.00,0
12/17/2020,XSBC,105.00,109.00,105.00,108.00,19500
12/17/2020,XSMU,127.00,127.00,127.00,127.00,0
12/17/2020,XSPI,750.00,750.00,750.00,750.00,0
12/17/2020,XSRI,186.00,186.00,186.00,186.00,0
12/17/2020,XSSI,89.00,89.00,89.00,89.00,0
12/17/2020,XSSK,675.00,675.00,675.00,675.00,0
12/17/2020,YELO,50.00,51.00,50.00,50.00,454400
12/17/2020,YELO-W,7.00,8.00,7.00,7.00,45500
12/17/2020,YPAS,418.00,448.00,418.00,448.00,800
12/17/2020,YULE,314.00,320.00,314.00,320.00,18600
12/17/2020,ZBRA,120.00,136.00,110.00,115.00,9430800
12/17/2020,ZINC,216.00,220.00,214.00,216.00,360267000
12/17/2020,ZONE,368.00,370.00,360.00,368.00,350700
