<date>,<ticker>,<open>,<high>,<low>,<close>,<volume>
12/30/2020,AALI,12100.00,12350.00,11850.00,12325.00,3630900
12/30/2020,ABBA,88.00,95.00,82.00,82.00,282844000
12/30/2020,ABDA,5575.00,5575.00,5575.00,5575.00,0
12/30/2020,ABMM,805.00,805.00,750.00,760.00,830800
12/30/2020,ACES,1740.00,1775.00,1705.00,1715.00,15234600
12/30/2020,ACST,470.00,476.00,436.00,440.00,133348800
12/30/2020,ADES,1515.00,1515.00,1460.00,1460.00,235400
12/30/2020,ADHI,1590.00,1630.00,1525.00,1535.00,87568700
12/30/2020,ADMF,8725.00,8975.00,8600.00,8975.00,214400
12/30/2020,ADMG,254.00,254.00,234.00,234.00,19522900
12/30/2020,ADRO,1490.00,1490.00,1425.00,1430.00,82195800
12/30/2020,AGAR,400.00,400.00,398.00,398.00,400
12/30/2020,AGII,875.00,950.00,865.00,900.00,6353400
12/30/2020,AGRO,1035.00,1035.00,1035.00,1035.00,0
12/30/2020,AGRS,216.00,216.00,202.00,204.00,682300
12/30/2020,AHAP,60.00,70.00,58.00,70.00,674400
12/30/2020,AIMS,148.00,148.00,138.00,148.00,12000
12/30/2020,AISA,420.00,420.00,390.00,390.00,94788600
12/30/2020,AKKU,50.00,50.00,50.00,50.00,2200
12/30/2020,AKPI,525.00,555.00,525.00,555.00,13900
12/30/2020,AKRA,3280.00,3290.00,3160.00,3180.00,15320500
12/30/2020,AKSI,408.00,414.00,408.00,414.00,770200
12/30/2020,ALDO,560.00,570.00,550.00,570.00,20800
12/30/2020,ALKA,272.00,276.00,262.00,262.00,3600
12/30/2020,ALMI,242.00,248.00,230.00,248.00,6000
12/30/2020,ALTO,296.00,310.00,296.00,308.00,1800
12/30/2020,AMAG,226.00,230.00,226.00,226.00,311800
12/30/2020,AMAN,308.00,312.00,308.00,312.00,480800
12/30/2020,AMAR,290.00,290.00,276.00,284.00,40300
12/30/2020,AMFG,2700.00,2700.00,2680.00,2700.00,4000
12/30/2020,AMIN,256.00,256.00,256.00,256.00,500
12/30/2020,AMOR,2920.00,2920.00,2910.00,2910.00,24200
12/30/2020,AMRT,840.00,850.00,790.00,800.00,3188100
12/30/2020,ANDI,54.00,55.00,53.00,53.00,23850400
12/30/2020,ANJT,735.00,740.00,700.00,735.00,37300
12/30/2020,ANTM,1945.00,1985.00,1905.00,1935.00,535943500
12/30/2020,APEX,434.00,450.00,406.00,410.00,311500
12/30/2020,APIC,775.00,795.00,765.00,785.00,10229900
12/30/2020,APII,154.00,157.00,154.00,154.00,201500
12/30/2020,APLI,188.00,198.00,186.00,198.00,596200
12/30/2020,APLN,202.00,202.00,187.00,188.00,116394000
12/30/2020,ARGO,1925.00,2000.00,1800.00,1955.00,6700
12/30/2020,ARII,398.00,398.00,372.00,396.00,159000
12/30/2020,ARKA,57.00,58.00,55.00,55.00,18847900
12/30/2020,ARMY,50.00,50.00,50.00,50.00,0
12/30/2020,ARNA,695.00,695.00,660.00,680.00,1398700
12/30/2020,ARTA,256.00,256.00,256.00,256.00,0
12/30/2020,ARTI,50.00,50.00,50.00,50.00,5700
12/30/2020,ARTO,4310.00,4400.00,4260.00,4300.00,2647300
12/30/2020,ASBI,310.00,310.00,310.00,310.00,0
12/30/2020,ASDM,905.00,905.00,890.00,890.00,1300
12/30/2020,ASGR,815.00,825.00,800.00,800.00,1117200
12/30/2020,ASII,6100.00,6125.00,6025.00,6025.00,39615400
12/30/2020,ASJT,204.00,210.00,198.00,200.00,1235600
12/30/2020,ASMI,995.00,995.00,985.00,990.00,12200
12/30/2020,ASPI,107.00,107.00,100.00,100.00,17080100
12/30/2020,ASPI-W,12.00,12.00,11.00,12.00,213100
12/30/2020,ASRI,258.00,260.00,242.00,242.00,203779800
12/30/2020,ASRM,1680.00,1680.00,1680.00,1680.00,100
12/30/2020,ASSA,665.00,700.00,635.00,635.00,27496900
12/30/2020,ATAP,152.00,200.00,151.00,152.00,10652900
12/30/2020,ATIC,600.00,600.00,575.00,575.00,5200
12/30/2020,AUTO,1140.00,1150.00,1100.00,1115.00,2282500
12/30/2020,AYLS,50.00,50.00,50.00,50.00,7200
12/30/2020,AYLS-W,3.00,4.00,2.00,3.00,6816000
12/30/2020,BABP,50.00,51.00,50.00,50.00,6438600
12/30/2020,BABP-W3,45.00,45.00,40.00,40.00,9200
12/30/2020,BABP-W4,8.00,9.00,7.00,8.00,97500
12/30/2020,BACA,382.00,384.00,376.00,376.00,24000
12/30/2020,BACA-W2,100.00,100.00,100.00,100.00,0
12/30/2020,BAJA,124.00,135.00,115.00,116.00,8926200
12/30/2020,BALI,800.00,800.00,775.00,800.00,38200
12/30/2020,BAPA,50.00,50.00,50.00,50.00,10800
12/30/2020,BAPI,50.00,50.00,50.00,50.00,38000
12/30/2020,BAPI-W,2.00,2.00,1.00,2.00,1755900
12/30/2020,BATA,630.00,635.00,630.00,635.00,35100
12/30/2020,BAYU,1115.00,1115.00,1115.00,1115.00,200
12/30/2020,BBCA,34000.00,34000.00,33500.00,33850.00,10535100
12/30/2020,BBHI,460.00,468.00,424.00,424.00,3321800
12/30/2020,BBKP,610.00,630.00,570.00,575.00,511510100
12/30/2020,BBLD,350.00,368.00,350.00,368.00,400
12/30/2020,BBMD,1485.00,1500.00,1485.00,1500.00,1700
12/30/2020,BBNI,6300.00,6350.00,6150.00,6175.00,38240000
12/30/2020,BBRI,4190.00,4210.00,4130.00,4170.00,90020900
12/30/2020,BBRM,50.00,50.00,50.00,50.00,0
12/30/2020,BBSI,805.00,835.00,795.00,830.00,106600
12/30/2020,BBSS,99.00,103.00,93.00,102.00,5886600
12/30/2020,BBSS-W,4.00,4.00,3.00,3.00,7288000
12/30/2020,BBTN,1770.00,1780.00,1695.00,1725.00,71665300
12/30/2020,BBYB,290.00,300.00,282.00,298.00,554400
12/30/2020,BCAP,138.00,140.00,132.00,135.00,1620800
12/30/2020,BCIC,700.00,700.00,700.00,700.00,0
12/30/2020,BCIP,73.00,86.00,68.00,75.00,45992600
12/30/2020,BDMN,3220.00,3250.00,3130.00,3140.00,2640000
12/30/2020,BEEF,171.00,174.00,160.00,160.00,23969300
12/30/2020,BEEF-W,2.00,3.00,2.00,2.00,4684800
12/30/2020,BEKS,98.00,98.00,98.00,98.00,22824900
12/30/2020,BELL,162.00,162.00,159.00,159.00,4864500
12/30/2020,BESS,238.00,240.00,236.00,240.00,47300
12/30/2020,BESS-W,93.00,102.00,93.00,102.00,3600
12/30/2020,BEST,188.00,192.00,180.00,180.00,129079400
12/30/2020,BFIN,605.00,605.00,550.00,560.00,108809200
12/30/2020,BGTG,71.00,91.00,70.00,74.00,271788100
12/30/2020,BHAT,615.00,675.00,610.00,620.00,115503700
12/30/2020,BHIT,68.00,69.00,66.00,66.00,24394500
12/30/2020,BIKA,186.00,200.00,173.00,186.00,10500
12/30/2020,BIMA,50.00,50.00,50.00,50.00,300
12/30/2020,BINA,705.00,710.00,690.00,690.00,19233600
12/30/2020,BIPI,50.00,50.00,50.00,50.00,488800
12/30/2020,BIPI-W,10.00,10.00,9.00,10.00,200400
12/30/2020,BIPP,50.00,50.00,50.00,50.00,659000
12/30/2020,BIRD,1390.00,1395.00,1300.00,1300.00,12401100
12/30/2020,BISI,1045.00,1080.00,1020.00,1030.00,1148800
12/30/2020,BJBR,1600.00,1605.00,1550.00,1550.00,37250100
12/30/2020,BJTM,700.00,710.00,680.00,680.00,24408000
12/30/2020,BKDP,50.00,51.00,50.00,51.00,11500
12/30/2020,BKSL,51.00,52.00,50.00,50.00,86354700
12/30/2020,BKSW,102.00,107.00,101.00,106.00,222000
12/30/2020,BLTA,50.00,50.00,50.00,50.00,1000
12/30/2020,BLTZ,2990.00,2990.00,2990.00,2990.00,700
12/30/2020,BLUE,695.00,700.00,695.00,700.00,214500
12/30/2020,BMAS,438.00,438.00,414.00,430.00,209800
12/30/2020,BMRI,6525.00,6525.00,6325.00,6325.00,44470700
12/30/2020,BMSR,80.00,85.00,76.00,80.00,1940200
12/30/2020,BMTR,304.00,304.00,288.00,290.00,146788300
12/30/2020,BNBA,390.00,390.00,378.00,378.00,810700
12/30/2020,BNBR,50.00,50.00,50.00,50.00,193100
12/30/2020,BNGA,1040.00,1055.00,990.00,995.00,10929000
12/30/2020,BNII,372.00,376.00,346.00,346.00,52909600
12/30/2020,BNLI,3090.00,3100.00,3020.00,3020.00,1361000
12/30/2020,BOGA,1380.00,1380.00,1350.00,1380.00,31870000
12/30/2020,BOLA,169.00,170.00,163.00,164.00,3674000
12/30/2020,BOLT,790.00,790.00,790.00,790.00,0
12/30/2020,BOSS,161.00,177.00,150.00,150.00,44841800
12/30/2020,BPFI,1150.00,1150.00,1150.00,1150.00,0
12/30/2020,BPII,10000.00,10000.00,10000.00,10000.00,0
12/30/2020,BPTR,83.00,85.00,78.00,81.00,16200
12/30/2020,BRAM,5150.00,5200.00,5100.00,5200.00,1000
12/30/2020,BRIS,2290.00,2370.00,2200.00,2250.00,118121100
12/30/2020,BRMS,87.00,87.00,83.00,83.00,202619000
12/30/2020,BRNA,1295.00,1295.00,1200.00,1200.00,10100
12/30/2020,BRPT,1140.00,1155.00,1065.00,1100.00,85127300
12/30/2020,BRPT-W,840.00,840.00,840.00,840.00,0
12/30/2020,BSDE,1270.00,1280.00,1215.00,1225.00,35160500
12/30/2020,BSIM,500.00,515.00,500.00,505.00,305300
12/30/2020,BSIM-W3,15.00,30.00,12.00,18.00,264300
12/30/2020,BSSR,1690.00,1700.00,1690.00,1695.00,1300
12/30/2020,BSWD,1750.00,1750.00,1750.00,1750.00,0
12/30/2020,BTEK,50.00,50.00,50.00,50.00,1300
12/30/2020,BTEL,50.00,50.00,50.00,50.00,0
12/30/2020,BTON,316.00,316.00,294.00,300.00,245600
12/30/2020,BTPN,3140.00,3180.00,3070.00,3110.00,52000
12/30/2020,BTPS,3840.00,3870.00,3710.00,3750.00,6538600
12/30/2020,BUDI,104.00,106.00,98.00,99.00,9655400
12/30/2020,BUKK,990.00,1175.00,990.00,1105.00,363200
12/30/2020,BULL,330.00,376.00,328.00,350.00,439550100
12/30/2020,BULL-W2,108.00,141.00,108.00,128.00,3371400
12/30/2020,BUMI,74.00,75.00,71.00,72.00,402525400
12/30/2020,BUVA,55.00,57.00,55.00,55.00,453000
12/30/2020,BVIC,122.00,125.00,114.00,114.00,6048200
12/30/2020,BWPT,151.00,153.00,141.00,144.00,151136600
12/30/2020,BYAN,14425.00,15475.00,14175.00,15475.00,16300
12/30/2020,CAKK,54.00,54.00,52.00,52.00,2570100
12/30/2020,CAMP,300.00,320.00,300.00,302.00,4824700
12/30/2020,CANI,108.00,121.00,104.00,112.00,63400
12/30/2020,CARE,322.00,324.00,312.00,322.00,203405100
12/30/2020,CARS,50.00,50.00,50.00,50.00,189500
12/30/2020,CASA,376.00,376.00,376.00,376.00,100
12/30/2020,CASA-W,110.00,110.00,110.00,110.00,0
12/30/2020,CASH,480.00,480.00,456.00,468.00,2497500
12/30/2020,CASH-W,13.00,15.00,10.00,11.00,6044300
12/30/2020,CASS,274.00,274.00,262.00,270.00,1087000
12/30/2020,CBMF,585.00,585.00,570.00,570.00,1890300
12/30/2020,CCSI,244.00,244.00,240.00,242.00,93900
12/30/2020,CEKA,1820.00,1820.00,1785.00,1785.00,51000
12/30/2020,CENT,143.00,143.00,137.00,142.00,8473700
12/30/2020,CFIN,232.00,236.00,228.00,234.00,1522500
12/30/2020,CINT,242.00,242.00,240.00,240.00,2600
12/30/2020,CITA,2990.00,3000.00,2980.00,2980.00,17400
12/30/2020,CITY,103.00,103.00,87.00,87.00,14900
12/30/2020,CITY-W,14.00,15.00,14.00,14.00,1200
12/30/2020,CLAY,1440.00,1440.00,1335.00,1335.00,1900
12/30/2020,CLEO,520.00,525.00,500.00,500.00,12913400
12/30/2020,CLPI,720.00,765.00,720.00,755.00,361800
12/30/2020,CMNP,1455.00,1540.00,1400.00,1540.00,3013100
12/30/2020,CMNP-W,324.00,324.00,298.00,316.00,503300
12/30/2020,CMPP,184.00,184.00,184.00,184.00,0
12/30/2020,CNKO,50.00,50.00,50.00,50.00,0
12/30/2020,CNTB,250.00,250.00,250.00,250.00,0
12/30/2020,CNTX,220.00,220.00,218.00,218.00,21600
12/30/2020,COCO,700.00,750.00,700.00,700.00,283800
12/30/2020,COCO-W,212.00,212.00,212.00,212.00,0
12/30/2020,COWL,50.00,50.00,50.00,50.00,0
12/30/2020,CPIN,6600.00,6625.00,6325.00,6525.00,11367200
12/30/2020,CPRI,50.00,50.00,50.00,50.00,10300
12/30/2020,CPRI-W,10.00,13.00,10.00,11.00,15300
12/30/2020,CPRO,50.00,50.00,50.00,50.00,18000
12/30/2020,CSAP,384.00,386.00,370.00,386.00,15600
12/30/2020,CSIS,67.00,73.00,65.00,65.00,22005700
12/30/2020,CSMI,580.00,580.00,500.00,540.00,1500
12/30/2020,CSRA,378.00,406.00,372.00,376.00,4887800
12/30/2020,CTBN,3250.00,3250.00,3220.00,3220.00,600
12/30/2020,CTRA,1015.00,1015.00,980.00,985.00,37068300
12/30/2020,CTTH,55.00,55.00,55.00,55.00,18300
12/30/2020,DADA,52.00,55.00,51.00,52.00,42245700
12/30/2020,DADA-W,4.00,4.00,3.00,4.00,5508500
12/30/2020,DART,212.00,224.00,212.00,224.00,400
12/30/2020,DAYA,362.00,396.00,350.00,390.00,4200
12/30/2020,DEAL,150.00,155.00,141.00,142.00,20853700
12/30/2020,DEAL-W,3.00,3.00,3.00,3.00,0
12/30/2020,DEFI,1690.00,1690.00,1680.00,1685.00,12100
12/30/2020,DEWA,50.00,50.00,50.00,50.00,176500
12/30/2020,DFAM,218.00,218.00,206.00,206.00,74400
12/30/2020,DFAM-W,3.00,3.00,3.00,3.00,0
12/30/2020,DGIK,50.00,50.00,50.00,50.00,2900
12/30/2020,DIGI,368.00,400.00,350.00,400.00,58100
12/30/2020,DILD,232.00,236.00,220.00,220.00,47399900
12/30/2020,DIVA,2400.00,2420.00,2400.00,2410.00,35200
12/30/2020,DKFT,191.00,195.00,178.00,178.00,111361100
12/30/2020,DLTA,4200.00,4400.00,4190.00,4400.00,75500
12/30/2020,DMAS,252.00,254.00,246.00,246.00,182613900
12/30/2020,DMMX,230.00,238.00,216.00,236.00,3395900
12/30/2020,DMND,915.00,920.00,900.00,920.00,29100
12/30/2020,DNAR,180.00,187.00,173.00,173.00,39400
12/30/2020,DNET,3370.00,3500.00,3350.00,3500.00,636300
12/30/2020,DOID,364.00,382.00,348.00,352.00,286385300
12/30/2020,DPNS,274.00,274.00,274.00,274.00,1000
12/30/2020,DPUM,52.00,53.00,51.00,52.00,570100
12/30/2020,DSFI,73.00,83.00,73.00,82.00,42697500
12/30/2020,DSNG,610.00,615.00,595.00,610.00,10919300
12/30/2020,DSSA,16000.00,16200.00,16000.00,16000.00,10600
12/30/2020,DUCK,412.00,412.00,384.00,384.00,20104400
12/30/2020,DUTI,3800.00,3800.00,3790.00,3800.00,3900
12/30/2020,DVLA,2410.00,2440.00,2410.00,2420.00,10500
12/30/2020,DWGL,170.00,170.00,160.00,164.00,71400
12/30/2020,DWGL-W,28.00,28.00,22.00,23.00,21400
12/30/2020,DYAN,54.00,66.00,54.00,55.00,50637600
12/30/2020,EAST,60.00,61.00,59.00,60.00,748700
12/30/2020,EAST-W,6.00,6.00,5.00,6.00,3318000
12/30/2020,ECII,700.00,700.00,655.00,655.00,71100
12/30/2020,EKAD,1265.00,1270.00,1250.00,1260.00,636300
12/30/2020,ELSA,364.00,368.00,352.00,352.00,84333700
12/30/2020,ELTY,50.00,50.00,50.00,50.00,0
12/30/2020,EMDE,192.00,192.00,192.00,192.00,17000
12/30/2020,EMTK,12800.00,14000.00,12800.00,14000.00,297700
12/30/2020,ENRG,119.00,131.00,114.00,129.00,863375100
12/30/2020,ENVY,50.00,50.00,50.00,50.00,0
12/30/2020,ENZO,50.00,50.00,50.00,50.00,76800
12/30/2020,ENZO-W,7.00,7.00,5.00,5.00,829800
12/30/2020,EPAC,144.00,148.00,140.00,141.00,12861100
12/30/2020,EPMT,2130.00,2130.00,2100.00,2110.00,18700
12/30/2020,ERAA,2330.00,2330.00,2200.00,2200.00,20178800
12/30/2020,ERTX,127.00,127.00,119.00,120.00,5200
12/30/2020,ESIP,109.00,110.00,103.00,103.00,6945600
12/30/2020,ESIP-W,8.00,8.00,7.00,8.00,435200
12/30/2020,ESSA,226.00,230.00,210.00,210.00,46949100
12/30/2020,ESTA,118.00,131.00,107.00,130.00,1175200
12/30/2020,ESTI,53.00,53.00,52.00,52.00,148500
12/30/2020,ETWA,62.00,62.00,62.00,62.00,0
12/30/2020,EXCL,2850.00,2860.00,2730.00,2730.00,48118500
12/30/2020,FAST,1075.00,1090.00,1075.00,1090.00,169000
12/30/2020,FASW,7475.00,7475.00,7475.00,7475.00,0
12/30/2020,FILM,200.00,204.00,189.00,190.00,7682000
12/30/2020,FINN,50.00,50.00,50.00,50.00,0
12/30/2020,FIRE,1320.00,1320.00,1320.00,1320.00,0
12/30/2020,FISH,2620.00,2620.00,2620.00,2620.00,100
12/30/2020,FITT,91.00,93.00,85.00,85.00,576600
12/30/2020,FITT-W,16.00,23.00,16.00,23.00,600
12/30/2020,FMII,555.00,670.00,555.00,670.00,3800
12/30/2020,FOOD,104.00,106.00,103.00,103.00,247600
12/30/2020,FORU,139.00,139.00,137.00,137.00,69900
12/30/2020,FORZ,50.00,50.00,50.00,50.00,700
12/30/2020,FPNI,354.00,404.00,334.00,362.00,307060400
12/30/2020,FREN,70.00,70.00,67.00,67.00,864942800
12/30/2020,FREN-W,40.00,41.00,38.00,39.00,646400
12/30/2020,FUJI,116.00,119.00,115.00,115.00,71500
12/30/2020,GAMA,50.00,50.00,50.00,50.00,0
12/30/2020,GDST,109.00,119.00,109.00,110.00,15803600
12/30/2020,GDYR,1420.00,1420.00,1420.00,1420.00,60000
12/30/2020,GEMA,346.00,346.00,346.00,346.00,0
12/30/2020,GEMS,2550.00,2550.00,2550.00,2550.00,0
12/30/2020,GGRM,41075.00,41575.00,40900.00,41000.00,1870000
12/30/2020,GGRP,400.00,440.00,400.00,438.00,3800
12/30/2020,GHON,1750.00,1765.00,1750.00,1765.00,8000
12/30/2020,GIAA,436.00,436.00,402.00,402.00,153624700
12/30/2020,GJTL,660.00,660.00,640.00,655.00,29043100
12/30/2020,GLOB,124.00,124.00,109.00,109.00,70200
12/30/2020,GLVA,378.00,378.00,352.00,370.00,47700
12/30/2020,GMFI,163.00,165.00,152.00,153.00,61884300
12/30/2020,GMTD,17950.00,17950.00,17950.00,17950.00,0
12/30/2020,GOLD,246.00,246.00,230.00,230.00,180700
12/30/2020,GOLL,50.00,50.00,50.00,50.00,0
12/30/2020,GOOD,1235.00,1270.00,1225.00,1270.00,604500
12/30/2020,GPRA,75.00,82.00,71.00,75.00,7721100
12/30/2020,GSMF,90.00,99.00,90.00,95.00,5800
12/30/2020,GTBO,75.00,75.00,75.00,75.00,0
12/30/2020,GWSA,136.00,159.00,135.00,135.00,2936600
12/30/2020,GZCO,50.00,50.00,50.00,50.00,21000
12/30/2020,HADE,50.00,50.00,50.00,50.00,0
12/30/2020,HDFA,134.00,134.00,126.00,126.00,24800
12/30/2020,HDIT,250.00,300.00,242.00,300.00,3108900
12/30/2020,HDTX,120.00,120.00,120.00,120.00,0
12/30/2020,HEAL,3800.00,3900.00,3530.00,3530.00,3393900
12/30/2020,HELI,216.00,216.00,216.00,216.00,200
12/30/2020,HELI-W,5.00,5.00,4.00,5.00,428000
12/30/2020,HERO,830.00,850.00,825.00,830.00,28800
12/30/2020,HEXA,3300.00,3360.00,3290.00,3290.00,407700
12/30/2020,HITS,486.00,486.00,480.00,486.00,11900
12/30/2020,HKMU,117.00,120.00,110.00,110.00,90733900
12/30/2020,HMSP,1520.00,1555.00,1505.00,1505.00,129641300
12/30/2020,HOKI,1075.00,1085.00,1000.00,1005.00,38670600
12/30/2020,HOME,50.00,50.00,50.00,50.00,0
12/30/2020,HOMI,1350.00,1350.00,1300.00,1320.00,1101700
12/30/2020,HOTL,50.00,50.00,50.00,50.00,200
12/30/2020,HRME,53.00,54.00,51.00,52.00,12705900
12/30/2020,HRTA,258.00,264.00,244.00,244.00,9895000
12/30/2020,HRUM,3080.00,3150.00,2980.00,2980.00,3415900
12/30/2020,IATA,50.00,50.00,50.00,50.00,100
12/30/2020,IBFN,270.00,270.00,270.00,270.00,35300
12/30/2020,IBFN-W,5.00,7.00,5.00,7.00,2800
12/30/2020,IBST,7250.00,7250.00,7250.00,7250.00,0
12/30/2020,ICBP,9300.00,9575.00,9300.00,9575.00,16093100
12/30/2020,ICON,78.00,80.00,73.00,74.00,982200
12/30/2020,IDPR,228.00,228.00,214.00,214.00,82400
12/30/2020,IFII,143.00,154.00,143.00,148.00,873600
12/30/2020,IFSH,390.00,400.00,390.00,396.00,1400
12/30/2020,IGAR,354.00,354.00,330.00,354.00,930200
12/30/2020,IIKP,50.00,50.00,50.00,50.00,0
12/30/2020,IKAI,50.00,50.00,50.00,50.00,26700
12/30/2020,IKAN,148.00,155.00,147.00,147.00,10938700
12/30/2020,IKBI,234.00,234.00,234.00,234.00,100
12/30/2020,IMAS,1535.00,1565.00,1445.00,1515.00,34568700
12/30/2020,IMJS,410.00,414.00,380.00,410.00,21380100
12/30/2020,IMPC,1350.00,1350.00,1325.00,1325.00,1405300
12/30/2020,INAF,4050.00,4120.00,4000.00,4030.00,2711600
12/30/2020,INAI,332.00,334.00,324.00,334.00,10500
12/30/2020,INCF,73.00,76.00,68.00,76.00,1284800
12/30/2020,INCI,960.00,965.00,885.00,905.00,770600
12/30/2020,INCO,5200.00,5225.00,5025.00,5100.00,15687700
12/30/2020,INDF,6825.00,6900.00,6750.00,6850.00,13708100
12/30/2020,INDO,131.00,131.00,125.00,126.00,203700
12/30/2020,INDO-W,26.00,34.00,25.00,34.00,15700
12/30/2020,INDR,3180.00,3190.00,2990.00,3050.00,27100
12/30/2020,INDS,2000.00,2010.00,2000.00,2000.00,11600
12/30/2020,INDX,55.00,55.00,52.00,55.00,42200
12/30/2020,INDY,1860.00,1870.00,1730.00,1730.00,45903800
12/30/2020,INKP,10700.00,10750.00,10150.00,10425.00,12404500
12/30/2020,INOV,176.00,176.00,162.00,164.00,307100
12/30/2020,INPC,70.00,72.00,68.00,69.00,931600
12/30/2020,INPC-W,3.00,4.00,3.00,3.00,677900
12/30/2020,INPP,715.00,730.00,715.00,730.00,11700
12/30/2020,INPS,3700.00,3900.00,3700.00,3900.00,7700
12/30/2020,INRU,1065.00,1070.00,1065.00,1070.00,7100
12/30/2020,INTA,202.00,202.00,190.00,190.00,822200
12/30/2020,INTD,109.00,109.00,104.00,104.00,41400
12/30/2020,INTP,14450.00,14500.00,14100.00,14475.00,3809800
12/30/2020,IPCC,560.00,570.00,530.00,530.00,11576800
12/30/2020,IPCM,358.00,376.00,350.00,356.00,198200
12/30/2020,IPOL,171.00,176.00,160.00,160.00,26873200
12/30/2020,IPTV,290.00,328.00,286.00,328.00,24759400
12/30/2020,IPTV-W,26.00,27.00,25.00,26.00,267300
12/30/2020,IRRA,1545.00,1610.00,1540.00,1600.00,35705600
12/30/2020,ISAT,5250.00,5375.00,4930.00,5050.00,33870200
12/30/2020,ISSP,170.00,170.00,159.00,160.00,16861400
12/30/2020,ITIC,685.00,695.00,635.00,650.00,10177200
12/30/2020,ITMA,560.00,560.00,525.00,525.00,62000
12/30/2020,ITMA-W,2.00,77.00,2.00,68.00,80900
12/30/2020,ITMG,14250.00,14250.00,13600.00,13850.00,6034000
12/30/2020,JAST,260.00,296.00,248.00,252.00,124535300
12/30/2020,JAWA,96.00,100.00,94.00,98.00,88300
12/30/2020,JAYA,129.00,135.00,128.00,128.00,5164700
12/30/2020,JAYA-W,9.00,9.00,8.00,9.00,1361100
12/30/2020,JECC,6000.00,6000.00,5600.00,5600.00,15500
12/30/2020,JGLE,50.00,50.00,50.00,50.00,0
12/30/2020,JIHD,446.00,446.00,428.00,446.00,10200
12/30/2020,JKON,336.00,400.00,336.00,400.00,1871500
12/30/2020,JKSW,60.00,60.00,60.00,60.00,0
12/30/2020,JMAS,226.00,226.00,197.00,200.00,264000
12/30/2020,JPFA,1530.00,1545.00,1465.00,1465.00,20413900
12/30/2020,JRPT,570.00,600.00,570.00,600.00,6910100
12/30/2020,JSKY,228.00,242.00,214.00,230.00,184393700
12/30/2020,JSMR,4720.00,4750.00,4620.00,4630.00,6976500
12/30/2020,JSPT,850.00,850.00,850.00,850.00,8900
12/30/2020,JTPE,965.00,1010.00,955.00,1010.00,2373100
12/30/2020,KAEF,4300.00,4370.00,4210.00,4250.00,9826300
12/30/2020,KARW,76.00,76.00,73.00,75.00,14700
12/30/2020,KAYU,81.00,81.00,76.00,77.00,2208100
12/30/2020,KBAG,50.00,50.00,50.00,50.00,73469600
12/30/2020,KBAG-W,4.00,4.00,3.00,3.00,15800900
12/30/2020,KBLI,398.00,400.00,384.00,384.00,2954700
12/30/2020,KBLM,220.00,220.00,214.00,216.00,429500
12/30/2020,KBLV,410.00,426.00,410.00,410.00,4900
12/30/2020,KBRI,50.00,50.00,50.00,50.00,0
12/30/2020,KDSI,830.00,830.00,825.00,825.00,15400
12/30/2020,KEEN,420.00,420.00,388.00,400.00,6191500
12/30/2020,KEJU,1385.00,1390.00,1345.00,1355.00,109600
12/30/2020,KIAS,50.00,51.00,50.00,50.00,105800
12/30/2020,KICI,212.00,212.00,212.00,212.00,400
12/30/2020,KIJA,214.00,216.00,210.00,214.00,35993400
12/30/2020,KINO,2720.00,2740.00,2710.00,2720.00,191800
12/30/2020,KIOS,148.00,148.00,148.00,148.00,100
12/30/2020,KJEN,1190.00,1190.00,1145.00,1145.00,20300
12/30/2020,KKGI,284.00,286.00,266.00,266.00,185600
12/30/2020,KLBF,1490.00,1500.00,1475.00,1480.00,24632300
12/30/2020,KMDS,486.00,486.00,466.00,470.00,101100
12/30/2020,KMTR,334.00,334.00,334.00,334.00,1000
12/30/2020,KOBX,120.00,121.00,115.00,118.00,528000
12/30/2020,KOIN,101.00,101.00,101.00,101.00,0
12/30/2020,KONI,498.00,498.00,476.00,476.00,2100
12/30/2020,KOPI,470.00,505.00,470.00,505.00,43200
12/30/2020,KOTA,358.00,358.00,334.00,338.00,94567400
12/30/2020,KOTA-W,332.00,332.00,332.00,332.00,156800
12/30/2020,KPAL,50.00,51.00,50.00,50.00,13800
12/30/2020,KPAS,74.00,74.00,68.00,68.00,4167100
12/30/2020,KPAS-W,12.00,21.00,12.00,21.00,800
12/30/2020,KPIG,108.00,108.00,104.00,106.00,3811500
12/30/2020,KRAH,436.00,436.00,436.00,436.00,0
12/30/2020,KRAS,446.00,452.00,426.00,428.00,53800900
12/30/2020,KREN,86.00,87.00,83.00,84.00,4221400
12/30/2020,LAND,172.00,178.00,172.00,176.00,7400
12/30/2020,LAPD,50.00,50.00,50.00,50.00,0
12/30/2020,LCGP,114.00,114.00,114.00,114.00,0
12/30/2020,LCKM,366.00,366.00,366.00,366.00,0
12/30/2020,LEAD,50.00,50.00,50.00,50.00,6800
12/30/2020,LIFE,4800.00,4800.00,4790.00,4790.00,3800
12/30/2020,LINK,2490.00,2520.00,2400.00,2410.00,7451100
12/30/2020,LION,352.00,352.00,346.00,346.00,32000
12/30/2020,LMAS,50.00,50.00,50.00,50.00,100
12/30/2020,LMPI,89.00,90.00,85.00,85.00,15600
12/30/2020,LMSH,424.00,428.00,420.00,420.00,12600
12/30/2020,LPCK,1460.00,1505.00,1410.00,1420.00,1678400
12/30/2020,LPGI,3390.00,3390.00,3390.00,3390.00,0
12/30/2020,LPIN,244.00,256.00,244.00,244.00,12200
12/30/2020,LPKR,230.00,234.00,214.00,214.00,141433500
12/30/2020,LPLI,85.00,96.00,85.00,85.00,79800
12/30/2020,LPPF,1320.00,1330.00,1275.00,1275.00,16326400
12/30/2020,LPPS,85.00,93.00,81.00,88.00,1307300
12/30/2020,LRNA,164.00,204.00,164.00,200.00,226100
12/30/2020,LSIP,1335.00,1375.00,1300.00,1375.00,27953100
12/30/2020,LTLS,498.00,498.00,490.00,490.00,88600
12/30/2020,LUCK,167.00,179.00,167.00,171.00,1457200
12/30/2020,MABA,50.00,50.00,50.00,50.00,0
12/30/2020,MAGP,50.00,50.00,50.00,50.00,100
12/30/2020,MAIN,780.00,780.00,730.00,740.00,12899600
12/30/2020,MAMI,50.00,50.00,50.00,50.00,170900
12/30/2020,MAMI-W,4.00,4.00,4.00,4.00,6300
12/30/2020,MAMIP,600.00,600.00,600.00,600.00,0
12/30/2020,MAPA,2610.00,2610.00,2430.00,2430.00,3972500
12/30/2020,MAPB,1345.00,1355.00,1345.00,1355.00,7200
12/30/2020,MAPI,845.00,845.00,790.00,790.00,55886300
12/30/2020,MARI,78.00,101.00,78.00,90.00,314607300
12/30/2020,MARK,800.00,845.00,765.00,840.00,8240700
12/30/2020,MASA,1010.00,1010.00,955.00,995.00,110500
12/30/2020,MAYA,7900.00,7900.00,7650.00,7650.00,3400
12/30/2020,MBAP,2720.00,2740.00,2690.00,2690.00,133500
12/30/2020,MBSS,496.00,500.00,466.00,472.00,7643500
12/30/2020,MBTO,94.00,95.00,88.00,95.00,10700
12/30/2020,MCAS,3840.00,4100.00,3840.00,3990.00,11469200
12/30/2020,MCOR,137.00,148.00,134.00,139.00,27612900
12/30/2020,MDIA,60.00,63.00,56.00,56.00,2783200
12/30/2020,MDKA,2500.00,2630.00,2410.00,2430.00,63462000
12/30/2020,MDKI,234.00,248.00,232.00,232.00,4210900
12/30/2020,MDLN,51.00,51.00,51.00,51.00,0
12/30/2020,MDRN,50.00,50.00,50.00,50.00,0
12/30/2020,MEDC,620.00,630.00,590.00,590.00,113503400
12/30/2020,MEGA,7000.00,7200.00,6975.00,7200.00,2200
12/30/2020,MERK,3270.00,3330.00,3250.00,3280.00,61100
12/30/2020,META,240.00,240.00,224.00,224.00,114120000
12/30/2020,MFIN,1100.00,1100.00,990.00,990.00,35500
12/30/2020,MFMI,775.00,775.00,725.00,760.00,73500
12/30/2020,MGNA,50.00,50.00,50.00,50.00,0
12/30/2020,MGRO,800.00,815.00,785.00,815.00,3388700
12/30/2020,MICE,282.00,298.00,280.00,298.00,48300
12/30/2020,MIDI,1925.00,1925.00,1925.00,1925.00,100
12/30/2020,MIKA,2770.00,2800.00,2690.00,2730.00,22702100
12/30/2020,MINA,50.00,50.00,50.00,50.00,146300
12/30/2020,MIRA,50.00,50.00,50.00,50.00,100
12/30/2020,MITI,127.00,127.00,127.00,127.00,0
12/30/2020,MKNT,50.00,50.00,50.00,50.00,1200
12/30/2020,MKPI,28000.00,28000.00,28000.00,28000.00,0
12/30/2020,MLBI,9575.00,9700.00,9400.00,9700.00,94300
12/30/2020,MLIA,590.00,595.00,550.00,555.00,5015100
12/30/2020,MLPL,72.00,73.00,70.00,71.00,3949300
12/30/2020,MLPT,720.00,725.00,710.00,710.00,77500
12/30/2020,MMLP,300.00,300.00,294.00,298.00,2802400
12/30/2020,MNCN,1170.00,1180.00,1130.00,1140.00,70193100
12/30/2020,MOLI,840.00,1055.00,840.00,850.00,12000
12/30/2020,MPMX,515.00,520.00,492.00,494.00,34668500
12/30/2020,MPOW,71.00,75.00,71.00,71.00,9500
12/30/2020,MPPA,110.00,112.00,105.00,105.00,7104100
12/30/2020,MPRO,1740.00,1740.00,1740.00,1740.00,0
12/30/2020,MRAT,174.00,174.00,162.00,169.00,214900
12/30/2020,MREI,4700.00,4700.00,4700.00,4700.00,0
12/30/2020,MSIN,182.00,184.00,171.00,179.00,2068300
12/30/2020,MSKY,675.00,795.00,650.00,795.00,1226000
12/30/2020,MTDL,1590.00,1600.00,1575.00,1580.00,4715400
12/30/2020,MTFN,50.00,50.00,50.00,50.00,500
12/30/2020,MTLA,440.00,440.00,430.00,430.00,81300
12/30/2020,MTPS,175.00,195.00,163.00,165.00,2011900
12/30/2020,MTRA,244.00,244.00,244.00,244.00,0
12/30/2020,MTSM,218.00,218.00,218.00,218.00,100
12/30/2020,MTWI,62.00,64.00,60.00,62.00,183400
12/30/2020,MYOH,1250.00,1300.00,1215.00,1300.00,594100
12/30/2020,MYOR,2910.00,2910.00,2710.00,2710.00,9976400
12/30/2020,MYRX,50.00,50.00,50.00,50.00,0
12/30/2020,MYRXP,50.00,50.00,50.00,50.00,0
12/30/2020,MYTX,53.00,53.00,50.00,50.00,6500
12/30/2020,NASA,104.00,104.00,104.00,104.00,0
12/30/2020,NATO,585.00,605.00,565.00,585.00,132826800
12/30/2020,NATO-W,310.00,310.00,310.00,310.00,200
12/30/2020,NELY,144.00,144.00,142.00,142.00,525500
12/30/2020,NFCX,2310.00,2430.00,2310.00,2310.00,197500
12/30/2020,NICK,304.00,304.00,270.00,270.00,1700
12/30/2020,NIKL,1505.00,1525.00,1430.00,1445.00,4066000
12/30/2020,NIPS,282.00,282.00,282.00,282.00,0
12/30/2020,NIRO,169.00,169.00,158.00,162.00,20100300
12/30/2020,NISP,820.00,825.00,810.00,820.00,331500
12/30/2020,NOBU,875.00,875.00,825.00,825.00,108200
12/30/2020,NRCA,392.00,398.00,376.00,378.00,716800
12/30/2020,NUSA,50.00,50.00,50.00,50.00,0
12/30/2020,NZIA,147.00,200.00,147.00,180.00,47000
12/30/2020,OASA,368.00,368.00,368.00,368.00,0
12/30/2020,OCAP,159.00,159.00,159.00,159.00,0
12/30/2020,OKAS,109.00,109.00,102.00,103.00,2160500
12/30/2020,OMRE,324.00,324.00,324.00,324.00,0
12/30/2020,OPMS,168.00,168.00,164.00,166.00,1887300
12/30/2020,PADI,50.00,50.00,50.00,50.00,100
12/30/2020,PALM,364.00,364.00,342.00,344.00,2354200
12/30/2020,PAMG,105.00,106.00,101.00,103.00,3687300
12/30/2020,PANI,111.00,116.00,111.00,116.00,256600
12/30/2020,PANR,154.00,165.00,153.00,153.00,1382700
12/30/2020,PANS,1045.00,1300.00,1010.00,1285.00,15395500
12/30/2020,PBID,1390.00,1440.00,1350.00,1435.00,299900
12/30/2020,PBRX,252.00,254.00,244.00,246.00,9590200
12/30/2020,PBSA,595.00,595.00,595.00,595.00,1000
12/30/2020,PCAR,595.00,595.00,555.00,555.00,100900
12/30/2020,PDES,450.00,450.00,434.00,434.00,3900
12/30/2020,PEGE,145.00,146.00,136.00,136.00,67200
12/30/2020,PEHA,1705.00,1710.00,1665.00,1695.00,304600
12/30/2020,PGAS,1730.00,1740.00,1655.00,1655.00,238553400
12/30/2020,PGJO,66.00,66.00,54.00,54.00,84600
12/30/2020,PGLI,238.00,238.00,238.00,238.00,1200
12/30/2020,PGUN,246.00,252.00,244.00,250.00,48400
12/30/2020,PICO,150.00,150.00,142.00,143.00,1490600
12/30/2020,PJAA,615.00,615.00,595.00,600.00,244000
12/30/2020,PKPK,55.00,56.00,54.00,54.00,220600
12/30/2020,PLAN,107.00,107.00,100.00,100.00,766400
12/30/2020,PLAN-W,4.00,5.00,4.00,5.00,634700
12/30/2020,PLAS,50.00,50.00,50.00,50.00,0
12/30/2020,PLIN,2450.00,2450.00,2450.00,2450.00,7700
12/30/2020,PMJS,102.00,110.00,102.00,105.00,57300
12/30/2020,PMMP,256.00,256.00,256.00,256.00,3519600
12/30/2020,PNBN,1080.00,1080.00,1045.00,1065.00,8724100
12/30/2020,PNBS,86.00,91.00,82.00,83.00,85820300
12/30/2020,PNGO,850.00,850.00,745.00,800.00,11200
12/30/2020,PNIN,875.00,875.00,850.00,865.00,792200
12/30/2020,PNLF,250.00,256.00,246.00,246.00,50480500
12/30/2020,PNSE,1070.00,1070.00,1070.00,1070.00,0
12/30/2020,POLA,246.00,246.00,246.00,246.00,0
12/30/2020,POLA-W,182.00,182.00,182.00,182.00,0
12/30/2020,POLI,870.00,870.00,800.00,800.00,203700
12/30/2020,POLL,4580.00,4650.00,4370.00,4490.00,1405200
12/30/2020,POLU,690.00,870.00,690.00,750.00,21800
12/30/2020,POLY,58.00,69.00,57.00,60.00,9326900
12/30/2020,POOL,50.00,50.00,50.00,50.00,0
12/30/2020,PORT,412.00,412.00,412.00,412.00,200
12/30/2020,POSA,50.00,50.00,50.00,50.00,0
12/30/2020,POSA-W,2.00,2.00,2.00,2.00,0
12/30/2020,POWR,720.00,735.00,705.00,710.00,13173600
12/30/2020,PPGL,156.00,161.00,152.00,152.00,16927900
12/30/2020,PPGL-W,9.00,9.00,8.00,9.00,1072400
12/30/2020,PPRE,282.00,286.00,260.00,262.00,28578300
12/30/2020,PPRO,105.00,105.00,94.00,94.00,665375600
12/30/2020,PRAS,122.00,129.00,122.00,122.00,75700
12/30/2020,PRDA,3450.00,3470.00,3250.00,3250.00,795200
12/30/2020,PRIM,236.00,238.00,232.00,232.00,55300
12/30/2020,PRIM-W,5.00,6.00,4.00,5.00,2098400
12/30/2020,PSAB,278.00,286.00,262.00,264.00,85504900
12/30/2020,PSDN,130.00,130.00,130.00,130.00,0
12/30/2020,PSGO,117.00,130.00,114.00,119.00,1897600
12/30/2020,PSKT,50.00,50.00,50.00,50.00,40000
12/30/2020,PSSI,171.00,174.00,167.00,174.00,2933900
12/30/2020,PTBA,2850.00,2880.00,2790.00,2810.00,47652800
12/30/2020,PTDU,915.00,915.00,915.00,915.00,0
12/30/2020,PTIS,160.00,160.00,160.00,160.00,100
12/30/2020,PTPP,1920.00,1960.00,1855.00,1865.00,212443000
12/30/2020,PTPW,1095.00,1095.00,1040.00,1075.00,1275300
12/30/2020,PTRO,1950.00,1970.00,1920.00,1930.00,929100
12/30/2020,PTSN,242.00,242.00,230.00,232.00,6400100
12/30/2020,PTSP,3710.00,3710.00,3710.00,3710.00,100
12/30/2020,PUDP,230.00,230.00,230.00,230.00,400
12/30/2020,PURA,125.00,126.00,123.00,123.00,669559200
12/30/2020,PURA-W,21.00,22.00,20.00,21.00,1319400
12/30/2020,PURE,236.00,254.00,228.00,228.00,14996900
12/30/2020,PURE-W,22.00,22.00,20.00,21.00,2189600
12/30/2020,PURI,300.00,300.00,298.00,298.00,209300
12/30/2020,PWON,515.00,520.00,500.00,510.00,135900400
12/30/2020,PYFA,990.00,1000.00,950.00,975.00,979400
12/30/2020,PZZA,810.00,820.00,800.00,810.00,942600
12/30/2020,R-ABFII,28600.00,28600.00,28600.00,28600.00,0
12/30/2020,R-LQ45X,991.00,991.00,970.00,970.00,265100
12/30/2020,RAJA,270.00,274.00,252.00,252.00,48405400
12/30/2020,RALS,815.00,820.00,765.00,775.00,42591700
12/30/2020,RANC,444.00,446.00,432.00,436.00,1707500
12/30/2020,RBMS,51.00,51.00,50.00,50.00,1142800
12/30/2020,RDTX,5250.00,5250.00,5250.00,5250.00,0
12/30/2020,REAL,50.00,50.00,50.00,50.00,130300
12/30/2020,RELI,300.00,330.00,300.00,324.00,700
12/30/2020,RICY,119.00,119.00,105.00,114.00,103300
12/30/2020,RIGS,266.00,282.00,260.00,268.00,583900
12/30/2020,RIMO,50.00,50.00,50.00,50.00,0
12/30/2020,RISE,422.00,424.00,422.00,424.00,56500
12/30/2020,RMBA,340.00,348.00,340.00,340.00,13600
12/30/2020,ROCK,975.00,975.00,910.00,910.00,8600
12/30/2020,RODA,55.00,55.00,50.00,51.00,6293100
12/30/2020,RONY,178.00,180.00,178.00,180.00,15500
12/30/2020,ROTI,1330.00,1360.00,1330.00,1360.00,32200
12/30/2020,RUIS,286.00,294.00,274.00,274.00,182900
12/30/2020,SAFE,184.00,188.00,184.00,188.00,238900
12/30/2020,SAME,294.00,300.00,286.00,292.00,75616700
12/30/2020,SAMF,398.00,398.00,398.00,398.00,10300
12/30/2020,SAPX,2190.00,2190.00,2190.00,2190.00,0
12/30/2020,SATU,50.00,51.00,50.00,50.00,736000
12/30/2020,SBAT,106.00,142.00,102.00,129.00,170675200
12/30/2020,SBAT-W,12.00,15.00,11.00,13.00,46876800
12/30/2020,SCCO,10500.00,10500.00,10500.00,10500.00,1300
12/30/2020,SCMA,2300.00,2420.00,2190.00,2290.00,27597200
12/30/2020,SCNP,256.00,258.00,256.00,256.00,91500
12/30/2020,SCPI,29000.00,29000.00,29000.00,29000.00,0
12/30/2020,SDMU,63.00,66.00,56.00,57.00,24662900
12/30/2020,SDPC,108.00,108.00,101.00,104.00,4600
12/30/2020,SDRA,745.00,745.00,740.00,740.00,14500
12/30/2020,SFAN,1325.00,1330.00,1320.00,1330.00,685200
12/30/2020,SGER,720.00,750.00,705.00,710.00,7381100
12/30/2020,SGER-W,314.00,314.00,290.00,300.00,34700
12/30/2020,SGRO,1655.00,1655.00,1610.00,1615.00,247000
12/30/2020,SHID,2760.00,2760.00,2600.00,2600.00,453900
12/30/2020,SHIP,600.00,600.00,585.00,600.00,690600
12/30/2020,SIDO,805.00,810.00,785.00,805.00,26784000
12/30/2020,SILO,5575.00,5700.00,5425.00,5500.00,2421200
12/30/2020,SIMA,50.00,50.00,50.00,50.00,0
12/30/2020,SIMP,426.00,430.00,410.00,420.00,17860200
12/30/2020,SINI,370.00,372.00,368.00,370.00,5200
12/30/2020,SINI-W,204.00,206.00,204.00,206.00,200
12/30/2020,SIPD,1500.00,1500.00,1400.00,1500.00,802800
12/30/2020,SKBM,324.00,344.00,324.00,324.00,1100
12/30/2020,SKLT,1565.00,1565.00,1565.00,1565.00,1100
12/30/2020,SKRN,720.00,735.00,675.00,730.00,805900
12/30/2020,SKYB,51.00,51.00,51.00,51.00,0
12/30/2020,SLIS,5000.00,5050.00,4900.00,4900.00,60000
12/30/2020,SMAR,3970.00,4150.00,3770.00,4150.00,158400
12/30/2020,SMBR,1140.00,1175.00,1050.00,1065.00,49200100
12/30/2020,SMCB,1405.00,1440.00,1345.00,1440.00,304400
12/30/2020,SMDM,103.00,103.00,101.00,103.00,400
12/30/2020,SMDR,288.00,304.00,284.00,284.00,6958100
12/30/2020,SMGR,12575.00,12650.00,12300.00,12425.00,2559000
12/30/2020,SMKL,206.00,206.00,195.00,202.00,1329400
12/30/2020,SMKL-W,18.00,18.00,15.00,16.00,212300
12/30/2020,SMMA,11425.00,11500.00,11400.00,11400.00,116500
12/30/2020,SMMT,118.00,121.00,113.00,116.00,1425400
12/30/2020,SMRA,830.00,850.00,800.00,805.00,78936300
12/30/2020,SMRU,50.00,50.00,50.00,50.00,0
12/30/2020,SMSM,1345.00,1385.00,1325.00,1385.00,1643000
12/30/2020,SOCI,278.00,296.00,264.00,264.00,95630200
12/30/2020,SOFA,104.00,108.00,101.00,108.00,40900
12/30/2020,SOFA-W,4.00,4.00,3.00,4.00,946600
12/30/2020,SOHO,4600.00,4610.00,4590.00,4600.00,3600
12/30/2020,SONA,6000.00,6000.00,6000.00,6000.00,0
12/30/2020,SOSS,406.00,406.00,384.00,388.00,13000
12/30/2020,SOSS-W,40.00,43.00,38.00,39.00,4300
12/30/2020,SOTS,208.00,208.00,198.00,198.00,800
12/30/2020,SOTS-W,30.00,30.00,27.00,28.00,800
12/30/2020,SPMA,320.00,320.00,310.00,310.00,80700
12/30/2020,SPTO,620.00,620.00,585.00,585.00,1559700
12/30/2020,SQMI,370.00,382.00,368.00,378.00,20678000
12/30/2020,SRAJ,218.00,226.00,204.00,204.00,676800
12/30/2020,SRIL,268.00,268.00,258.00,262.00,59367600
12/30/2020,SRSN,59.00,60.00,58.00,58.00,4296700
12/30/2020,SRTG,3520.00,3530.00,3410.00,3430.00,1053800
12/30/2020,SSIA,600.00,600.00,560.00,575.00,24805700
12/30/2020,SSMS,1250.00,1270.00,1200.00,1250.00,17417900
12/30/2020,SSTM,560.00,570.00,560.00,570.00,43800
12/30/2020,STAR,117.00,117.00,100.00,106.00,24300
12/30/2020,STTP,9500.00,9500.00,9500.00,9500.00,800
12/30/2020,SUGI,50.00,50.00,50.00,50.00,0
12/30/2020,SULI,50.00,50.00,50.00,50.00,2500
12/30/2020,SUPR,4100.00,4100.00,4100.00,4100.00,0
12/30/2020,SURE,2530.00,2530.00,2480.00,2530.00,7000
12/30/2020,SWAT,106.00,116.00,105.00,112.00,1062600
12/30/2020,TALF,260.00,260.00,260.00,260.00,100
12/30/2020,TAMA,106.00,106.00,100.00,100.00,5046700
12/30/2020,TAMA-W,5.00,6.00,5.00,6.00,706100
12/30/2020,TAMU,50.00,50.00,50.00,50.00,1085900
12/30/2020,TARA,50.00,50.00,50.00,50.00,50200
12/30/2020,TAXI,50.00,50.00,50.00,50.00,100
12/30/2020,TBIG,1635.00,1675.00,1600.00,1630.00,10531600
12/30/2020,TBLA,935.00,980.00,915.00,935.00,20336100
12/30/2020,TBMS,945.00,945.00,900.00,940.00,5300
12/30/2020,TCID,6450.00,6500.00,6425.00,6475.00,240100
12/30/2020,TCPI,6850.00,7000.00,6400.00,7000.00,8489100
12/30/2020,TDPM,151.00,151.00,142.00,144.00,11355800
12/30/2020,TEBE,490.00,570.00,490.00,530.00,15500
12/30/2020,TECH,800.00,800.00,800.00,800.00,0
12/30/2020,TELE,121.00,121.00,121.00,121.00,0
12/30/2020,TFAS,180.00,181.00,180.00,180.00,346900
12/30/2020,TFCO,474.00,474.00,474.00,474.00,5600
12/30/2020,TGKA,7275.00,7275.00,7275.00,7275.00,400
12/30/2020,TGRA,159.00,161.00,148.00,148.00,26998500
12/30/2020,TIFA,555.00,560.00,555.00,560.00,700
12/30/2020,TINS,1565.00,1575.00,1470.00,1485.00,67911600
12/30/2020,TIRA,262.00,262.00,260.00,260.00,200
12/30/2020,TIRT,50.00,51.00,50.00,51.00,6300
12/30/2020,TKIM,10250.00,10300.00,9750.00,9850.00,9435000
12/30/2020,TLKM,3420.00,3420.00,3310.00,3310.00,150844500
12/30/2020,TMAS,143.00,145.00,133.00,138.00,6302500
12/30/2020,TMPO,138.00,147.00,135.00,144.00,111400
12/30/2020,TNCA,440.00,456.00,422.00,424.00,1919200
12/30/2020,TOBA,545.00,545.00,505.00,520.00,256600
12/30/2020,TOPS,50.00,50.00,50.00,50.00,179400
12/30/2020,TOTL,384.00,384.00,362.00,370.00,5682400
12/30/2020,TOTO,240.00,246.00,238.00,238.00,559200
12/30/2020,TOWR,975.00,985.00,960.00,960.00,61154100
12/30/2020,TOYS,615.00,645.00,605.00,615.00,3283000
12/30/2020,TOYS-W,9.00,11.00,9.00,11.00,1953200
12/30/2020,TPIA,9350.00,9425.00,8900.00,9075.00,4273400
12/30/2020,TPMA,370.00,370.00,350.00,350.00,22300
12/30/2020,TRAM,50.00,50.00,50.00,50.00,0
12/30/2020,TRIL,50.00,50.00,50.00,50.00,0
12/30/2020,TRIM,94.00,94.00,93.00,94.00,1608300
12/30/2020,TRIN,214.00,218.00,202.00,206.00,74813300
12/30/2020,TRIN-W,9.00,10.00,8.00,9.00,1650400
12/30/2020,TRIO,426.00,426.00,426.00,426.00,0
12/30/2020,TRIS,163.00,208.00,163.00,208.00,14800
12/30/2020,TRIS-W,50.00,50.00,50.00,50.00,0
12/30/2020,TRJA,150.00,159.00,150.00,155.00,371400
12/30/2020,TRST,416.00,420.00,416.00,418.00,24400
12/30/2020,TRUK,175.00,175.00,171.00,171.00,1034400
12/30/2020,TRUS,310.00,310.00,290.00,294.00,500
12/30/2020,TSPC,1380.00,1400.00,1365.00,1400.00,892200
12/30/2020,TUGU,1940.00,1940.00,1860.00,1870.00,44900
12/30/2020,TURI,1350.00,1350.00,1300.00,1300.00,655800
12/30/2020,UANG,230.00,230.00,196.00,196.00,67400
12/30/2020,UCID,1515.00,1540.00,1470.00,1470.00,927000
12/30/2020,ULTJ,1660.00,1670.00,1600.00,1600.00,4054500
12/30/2020,UNIC,4800.00,4800.00,4520.00,4700.00,12400
12/30/2020,UNIT,148.00,180.00,148.00,160.00,5400
12/30/2020,UNSP,113.00,115.00,112.00,114.00,667400
12/30/2020,UNTR,26750.00,27050.00,26500.00,26600.00,5305500
12/30/2020,UNVR,7450.00,7550.00,7350.00,7350.00,11852400
12/30/2020,URBN,645.00,645.00,600.00,645.00,4700
12/30/2020,URBN-W,10.00,12.00,10.00,10.00,748300
12/30/2020,VICI,334.00,334.00,312.00,312.00,8749900
12/30/2020,VICO,81.00,81.00,76.00,80.00,255300
12/30/2020,VINS,93.00,93.00,90.00,91.00,131400
12/30/2020,VIVA,51.00,52.00,50.00,50.00,24177300
12/30/2020,VOKS,250.00,252.00,236.00,236.00,140100
12/30/2020,VRNA,100.00,104.00,100.00,104.00,1200
12/30/2020,WAPO,67.00,67.00,67.00,67.00,200
12/30/2020,WEGE,278.00,278.00,256.00,256.00,143953500
12/30/2020,WEHA,65.00,67.00,61.00,63.00,666000
12/30/2020,WICO,446.00,446.00,446.00,446.00,0
12/30/2020,WIFI,660.00,660.00,660.00,660.00,1401100
12/30/2020,WIFI-W,160.00,290.00,87.00,212.00,7984800
12/30/2020,WIIM,560.00,560.00,530.00,540.00,13415800
12/30/2020,WIKA,2050.00,2090.00,1980.00,1985.00,80253200
12/30/2020,WINS,110.00,110.00,103.00,107.00,8743200
12/30/2020,WOMF,266.00,266.00,250.00,254.00,684600
12/30/2020,WOOD,570.00,570.00,540.00,560.00,10313400
12/30/2020,WOWS,74.00,74.00,70.00,70.00,27036200
12/30/2020,WSBP,280.00,290.00,270.00,274.00,353224600
12/30/2020,WSKT,1490.00,1555.00,1440.00,1440.00,318776000
12/30/2020,WTON,408.00,412.00,386.00,386.00,54813800
12/30/2020,XAFA,1050.00,1050.00,1050.00,1050.00,0
12/30/2020,XAQA,937.00,937.00,937.00,937.00,100
12/30/2020,XASG,87.00,87.00,87.00,87.00,0
12/30/2020,XBES,934.00,934.00,934.00,934.00,100
12/30/2020,XBID,519.00,519.00,519.00,519.00,100
12/30/2020,XBIN,489.00,489.00,489.00,489.00,100
12/30/2020,XBLQ,483.00,483.00,476.00,476.00,200
12/30/2020,XBNI,1030.00,1030.00,1030.00,1030.00,400
12/30/2020,XBSK,385.00,385.00,385.00,385.00,0
12/30/2020,XCID,84.00,90.00,82.00,90.00,236800
12/30/2020,XCIS,105.00,105.00,105.00,105.00,0
12/30/2020,XCLQ,98.00,98.00,98.00,98.00,400
12/30/2020,XDIF,475.00,475.00,475.00,475.00,0
12/30/2020,XDSG,959.00,959.00,959.00,959.00,100
12/30/2020,XIHD,470.00,472.00,465.00,472.00,2300
12/30/2020,XIIC,1055.00,1055.00,1045.00,1045.00,15000
12/30/2020,XIID,514.00,514.00,514.00,514.00,0
12/30/2020,XIIF,605.00,605.00,589.00,598.00,7000
12/30/2020,XIIT,528.00,528.00,520.00,525.00,8800
12/30/2020,XIJI,656.00,656.00,646.00,648.00,12000
12/30/2020,XILV,110.00,114.00,110.00,114.00,300
12/30/2020,XIML,258.00,258.00,258.00,258.00,0
12/30/2020,XIPI,173.00,177.00,173.00,177.00,300
12/30/2020,XISB,398.00,398.00,398.00,398.00,0
12/30/2020,XISC,780.00,785.00,774.00,774.00,10400
12/30/2020,XISI,340.00,341.00,338.00,338.00,40600
12/30/2020,XISR,386.00,386.00,378.00,378.00,8300
12/30/2020,XKIV,492.00,492.00,492.00,492.00,100
12/30/2020,XKMS,1050.00,1050.00,1050.00,1050.00,0
12/30/2020,XMIG,171.00,171.00,171.00,171.00,100
12/30/2020,XMJM,1001.00,1001.00,1001.00,1001.00,0
12/30/2020,XMTS,479.00,479.00,479.00,479.00,0
12/30/2020,XNVE,157.00,159.00,155.00,156.00,439600
12/30/2020,XPCR,896.00,896.00,896.00,896.00,100
12/30/2020,XPDV,468.00,468.00,468.00,468.00,0
12/30/2020,XPES,400.00,400.00,400.00,400.00,0
12/30/2020,XPFT,850.00,850.00,710.00,710.00,400
12/30/2020,XPID,508.00,508.00,508.00,508.00,0
12/30/2020,XPLC,468.00,468.00,468.00,468.00,0
12/30/2020,XPLQ,485.00,485.00,485.00,485.00,0
12/30/2020,XPMI,930.00,930.00,930.00,930.00,0
12/30/2020,XPSG,415.00,415.00,415.00,415.00,0
12/30/2020,XPTD,510.00,510.00,510.00,510.00,0
12/30/2020,XSBC,107.00,107.00,107.00,107.00,100
12/30/2020,XSMU,122.00,122.00,122.00,122.00,0
12/30/2020,XSPI,750.00,750.00,750.00,750.00,0
12/30/2020,XSRI,186.00,186.00,186.00,186.00,0
12/30/2020,XSSI,90.00,90.00,90.00,90.00,1200
12/30/2020,XSSK,652.00,652.00,652.00,652.00,100
12/30/2020,YELO,50.00,51.00,50.00,50.00,3233600
12/30/2020,YELO-W,7.00,8.00,7.00,7.00,204900
12/30/2020,YPAS,450.00,450.00,430.00,430.00,200
12/30/2020,YULE,298.00,396.00,298.00,370.00,226100
12/30/2020,ZBRA,123.00,123.00,115.00,115.00,132200
12/30/2020,ZINC,208.00,208.00,190.00,190.00,822474600
12/30/2020,ZONE,398.00,398.00,386.00,390.00,109800
