<date>,<ticker>,<open>,<high>,<low>,<close>,<volume>
10/12/2020,AALI,10950.00,11150.00,10950.00,11100.00,1935200
10/12/2020,ABBA,50.00,50.00,50.00,50.00,34200
10/12/2020,ABDA,6500.00,6500.00,6500.00,6500.00,0
10/12/2020,ABMM,825.00,855.00,825.00,855.00,400
10/12/2020,ACES,1550.00,1600.00,1540.00,1590.00,6982400
10/12/2020,ACST,206.00,210.00,204.00,208.00,59917000
10/12/2020,ADES,1195.00,1225.00,1195.00,1220.00,232300
10/12/2020,ADHI,550.00,575.00,550.00,565.00,12253800
10/12/2020,ADMF,7500.00,7575.00,7500.00,7550.00,43700
10/12/2020,ADMG,132.00,146.00,132.00,141.00,3022200
10/12/2020,ADRO,1120.00,1130.00,1110.00,1110.00,54683000
10/12/2020,AGAR,500.00,500.00,500.00,500.00,4200
10/12/2020,AGII,505.00,515.00,500.00,510.00,1348700
10/12/2020,AGRO,332.00,348.00,330.00,344.00,113910500
10/12/2020,AGRS,178.00,184.00,178.00,180.00,226500
10/12/2020,AHAP,64.00,64.00,61.00,62.00,444000
10/12/2020,AIMS,139.00,190.00,134.00,176.00,23500
10/12/2020,AISA,212.00,214.00,210.00,210.00,17974000
10/12/2020,AKKU,50.00,50.00,50.00,50.00,300
10/12/2020,AKPI,310.00,320.00,310.00,310.00,11300
10/12/2020,AKRA,2620.00,2670.00,2620.00,2640.00,14094400
10/12/2020,AKSI,472.00,482.00,450.00,450.00,38900
10/12/2020,ALDO,410.00,410.00,390.00,390.00,600
10/12/2020,ALKA,220.00,274.00,220.00,274.00,101500
10/12/2020,ALMI,187.00,190.00,187.00,190.00,5300
10/12/2020,ALTO,278.00,300.00,278.00,298.00,10400
10/12/2020,AMAG,197.00,197.00,194.00,196.00,57300
10/12/2020,AMAN,312.00,316.00,310.00,316.00,735500
10/12/2020,AMAR,294.00,304.00,294.00,300.00,112200
10/12/2020,AMFG,2540.00,2540.00,2500.00,2500.00,24800
10/12/2020,AMIN,310.00,310.00,290.00,304.00,9500
10/12/2020,AMOR,2050.00,2160.00,2050.00,2080.00,26000
10/12/2020,AMRT,675.00,680.00,675.00,675.00,147100
10/12/2020,ANDI,50.00,50.00,50.00,50.00,7300
10/12/2020,ANJT,480.00,480.00,480.00,480.00,1000
10/12/2020,ANTM,780.00,790.00,765.00,780.00,108451600
10/12/2020,APEX,168.00,168.00,147.00,149.00,90200
10/12/2020,APIC,895.00,925.00,895.00,910.00,37538700
10/12/2020,APII,150.00,157.00,150.00,157.00,1100
10/12/2020,APLI,110.00,120.00,110.00,116.00,85600
10/12/2020,APLN,103.00,106.00,102.00,103.00,52947200
10/12/2020,ARGO,1735.00,1735.00,1735.00,1735.00,100
10/12/2020,ARII,440.00,440.00,440.00,440.00,0
10/12/2020,ARKA,95.00,95.00,90.00,91.00,7336100
10/12/2020,ARMY,50.00,50.00,50.00,50.00,0
10/12/2020,ARNA,456.00,460.00,450.00,458.00,2525100
10/12/2020,ARTA,310.00,310.00,310.00,310.00,0
10/12/2020,ARTI,50.00,50.00,50.00,50.00,0
10/12/2020,ARTO,2800.00,2800.00,2780.00,2780.00,18000
10/12/2020,ASBI,338.00,338.00,318.00,318.00,1200
10/12/2020,ASDM,900.00,950.00,900.00,950.00,200
10/12/2020,ASGR,740.00,740.00,725.00,735.00,64700
10/12/2020,ASII,4790.00,4810.00,4700.00,4700.00,23749400
10/12/2020,ASJT,113.00,119.00,112.00,112.00,32500
10/12/2020,ASMI,1050.00,1050.00,1045.00,1050.00,10500
10/12/2020,ASPI,117.00,117.00,113.00,116.00,242400
10/12/2020,ASPI-W,14.00,14.00,13.00,14.00,1996200
10/12/2020,ASRI,116.00,121.00,116.00,117.00,132957300
10/12/2020,ASRM,1725.00,1725.00,1725.00,1725.00,0
10/12/2020,ASSA,505.00,510.00,500.00,505.00,6242400
10/12/2020,ATIC,645.00,645.00,645.00,645.00,100
10/12/2020,AUTO,855.00,865.00,850.00,850.00,465700
10/12/2020,AYLS,50.00,50.00,50.00,50.00,18900
10/12/2020,AYLS-W,5.00,6.00,4.00,4.00,3143500
10/12/2020,BABP,50.00,50.00,50.00,50.00,73000
10/12/2020,BABP-W3,29.00,29.00,29.00,29.00,0
10/12/2020,BABP-W4,8.00,9.00,7.00,7.00,84700
10/12/2020,BACA,398.00,398.00,398.00,398.00,2600
10/12/2020,BACA-W2,100.00,100.00,100.00,100.00,0
10/12/2020,BAJA,128.00,128.00,128.00,128.00,0
10/12/2020,BALI,950.00,950.00,950.00,950.00,0
10/12/2020,BAPA,50.00,50.00,50.00,50.00,10300
10/12/2020,BAPI,50.00,50.00,50.00,50.00,6500
10/12/2020,BAPI-W,2.00,3.00,2.00,3.00,8805900
10/12/2020,BATA,645.00,645.00,645.00,645.00,0
10/12/2020,BAYU,1195.00,1195.00,1195.00,1195.00,500
10/12/2020,BBCA,29200.00,29375.00,29150.00,29275.00,16583700
10/12/2020,BBHI,185.00,212.00,185.00,191.00,3820900
10/12/2020,BBKP,218.00,266.00,216.00,250.00,1327498100
10/12/2020,BBLD,338.00,338.00,338.00,338.00,100
10/12/2020,BBMD,1555.00,1580.00,1545.00,1575.00,79300
10/12/2020,BBNI,4690.00,4710.00,4660.00,4670.00,31644500
10/12/2020,BBRI,3160.00,3210.00,3150.00,3190.00,156519700
10/12/2020,BBRM,50.00,50.00,50.00,50.00,0
10/12/2020,BBSI,700.00,780.00,700.00,730.00,371100
10/12/2020,BBSS,123.00,123.00,121.00,123.00,197900
10/12/2020,BBSS-W,6.00,6.00,5.00,6.00,2063300
10/12/2020,BBTN,1240.00,1285.00,1240.00,1260.00,59895400
10/12/2020,BBYB,270.00,272.00,268.00,272.00,558300
10/12/2020,BCAP,118.00,118.00,116.00,117.00,1139500
10/12/2020,BCIC,700.00,700.00,700.00,700.00,0
10/12/2020,BCIP,51.00,51.00,50.00,50.00,923600
10/12/2020,BDMN,2280.00,2340.00,2280.00,2280.00,3241000
10/12/2020,BEEF,143.00,151.00,143.00,145.00,7740100
10/12/2020,BEEF-W,10.00,11.00,10.00,11.00,541200
10/12/2020,BEKS,50.00,50.00,50.00,50.00,66900
10/12/2020,BELL,158.00,160.00,158.00,159.00,3913600
10/12/2020,BESS,210.00,210.00,202.00,208.00,43800
10/12/2020,BESS-W,70.00,80.00,70.00,71.00,33600
10/12/2020,BEST,174.00,176.00,171.00,172.00,53225000
10/12/2020,BFIN,408.00,412.00,380.00,394.00,41050000
10/12/2020,BGTG,51.00,65.00,50.00,60.00,56308100
10/12/2020,BHAT,478.00,484.00,476.00,476.00,155858400
10/12/2020,BHIT,50.00,50.00,50.00,50.00,74600
10/12/2020,BIKA,139.00,140.00,139.00,140.00,10800
10/12/2020,BIMA,50.00,50.00,50.00,50.00,600
10/12/2020,BINA,785.00,795.00,780.00,795.00,1357700
10/12/2020,BIPI,50.00,50.00,50.00,50.00,600
10/12/2020,BIPI-W,9.00,9.00,9.00,9.00,0
10/12/2020,BIPP,55.00,58.00,55.00,57.00,280100
10/12/2020,BIRD,870.00,910.00,870.00,880.00,2993600
10/12/2020,BISI,910.00,915.00,900.00,905.00,299600
10/12/2020,BJBR,925.00,945.00,920.00,930.00,9990100
10/12/2020,BJTM,545.00,550.00,530.00,540.00,39877500
10/12/2020,BKDP,51.00,52.00,50.00,52.00,194300
10/12/2020,BKSL,50.00,50.00,50.00,50.00,1151900
10/12/2020,BKSW,75.00,81.00,72.00,72.00,160100
10/12/2020,BLTA,50.00,50.00,50.00,50.00,300
10/12/2020,BLTZ,3120.00,3120.00,3120.00,3120.00,0
10/12/2020,BLUE,610.00,625.00,610.00,625.00,129500
10/12/2020,BMAS,292.00,292.00,274.00,278.00,41000
10/12/2020,BMRI,5575.00,5650.00,5550.00,5625.00,38973500
10/12/2020,BMSR,87.00,87.00,87.00,87.00,35900
10/12/2020,BMTR,226.00,240.00,226.00,232.00,262812200
10/12/2020,BNBA,362.00,366.00,362.00,366.00,65000
10/12/2020,BNBR,50.00,50.00,50.00,50.00,13500
10/12/2020,BNGA,755.00,790.00,755.00,765.00,9210500
10/12/2020,BNII,220.00,246.00,214.00,226.00,69729400
10/12/2020,BNLI,2050.00,2460.00,2050.00,2460.00,7917500
10/12/2020,BOGA,1385.00,1400.00,1380.00,1395.00,107704700
10/12/2020,BOLA,160.00,160.00,152.00,160.00,36800
10/12/2020,BOLT,498.00,550.00,498.00,510.00,1100
10/12/2020,BOSS,120.00,123.00,112.00,113.00,8440500
10/12/2020,BPFI,1150.00,1150.00,1150.00,1150.00,0
10/12/2020,BPII,10000.00,10000.00,10000.00,10000.00,0
10/12/2020,BPTR,94.00,94.00,83.00,84.00,658400
10/12/2020,BRAM,5000.00,5225.00,5000.00,5225.00,800
10/12/2020,BRIS,870.00,910.00,860.00,900.00,301368800
10/12/2020,BRMS,53.00,53.00,51.00,52.00,41902400
10/12/2020,BRNA,1145.00,1145.00,1140.00,1140.00,6000
10/12/2020,BRPT,850.00,860.00,835.00,840.00,59023100
10/12/2020,BRPT-W,500.00,500.00,500.00,500.00,100
10/12/2020,BSDE,795.00,810.00,790.00,795.00,78909500
10/12/2020,BSIM,498.00,498.00,478.00,478.00,17900
10/12/2020,BSIM-W3,20.00,27.00,18.00,18.00,67700
10/12/2020,BSSR,1400.00,1400.00,1400.00,1400.00,6200
10/12/2020,BSWD,1750.00,1750.00,1750.00,1750.00,0
10/12/2020,BTEK,50.00,50.00,50.00,50.00,1400
10/12/2020,BTEL,50.00,50.00,50.00,50.00,0
10/12/2020,BTON,195.00,195.00,195.00,195.00,2600
10/12/2020,BTPN,2230.00,2290.00,2230.00,2290.00,156700
10/12/2020,BTPS,3470.00,3600.00,3470.00,3590.00,15972100
10/12/2020,BUDI,95.00,95.00,93.00,93.00,222200
10/12/2020,BUKK,695.00,740.00,665.00,700.00,35800
10/12/2020,BULL,316.00,320.00,314.00,316.00,187331900
10/12/2020,BULL-W2,108.00,108.00,108.00,108.00,1100
10/12/2020,BUMI,50.00,51.00,50.00,50.00,21524600
10/12/2020,BUVA,53.00,53.00,52.00,53.00,55200
10/12/2020,BVIC,63.00,81.00,62.00,72.00,15634400
10/12/2020,BWPT,96.00,97.00,94.00,96.00,67400000
10/12/2020,BYAN,12625.00,12625.00,12625.00,12625.00,0
10/12/2020,CAKK,58.00,59.00,57.00,57.00,1559800
10/12/2020,CAKK-W,5.00,6.00,5.00,5.00,1533200
10/12/2020,CAMP,254.00,276.00,254.00,272.00,1646400
10/12/2020,CANI,114.00,114.00,107.00,114.00,1500
10/12/2020,CARE,346.00,354.00,344.00,348.00,163596100
10/12/2020,CARS,50.00,50.00,50.00,50.00,2300
10/12/2020,CASA,386.00,386.00,386.00,386.00,10000
10/12/2020,CASA-W,100.00,100.00,100.00,100.00,0
10/12/2020,CASH,605.00,605.00,575.00,585.00,934500
10/12/2020,CASH-W,36.00,37.00,33.00,35.00,2240600
10/12/2020,CASS,200.00,216.00,200.00,212.00,2454300
10/12/2020,CBMF,412.00,412.00,386.00,400.00,2765300
10/12/2020,CCSI,242.00,242.00,224.00,226.00,2349700
10/12/2020,CEKA,1760.00,1765.00,1735.00,1735.00,18100
10/12/2020,CENT,134.00,137.00,132.00,135.00,7969100
10/12/2020,CFIN,193.00,193.00,190.00,193.00,2423400
10/12/2020,CINT,240.00,240.00,240.00,240.00,500
10/12/2020,CITA,2200.00,2200.00,2200.00,2200.00,500
10/12/2020,CITY,116.00,116.00,100.00,107.00,28500
10/12/2020,CITY-W,16.00,17.00,16.00,17.00,123500
10/12/2020,CLAY,1890.00,1890.00,1890.00,1890.00,0
10/12/2020,CLEO,474.00,478.00,470.00,472.00,6764000
10/12/2020,CLPI,675.00,675.00,670.00,675.00,14000
10/12/2020,CMNP,1050.00,1090.00,1040.00,1065.00,29100
10/12/2020,CMPP,184.00,184.00,184.00,184.00,0
10/12/2020,CNKO,50.00,50.00,50.00,50.00,0
10/12/2020,CNTB,250.00,250.00,250.00,250.00,0
10/12/2020,CNTX,210.00,210.00,210.00,210.00,20000
10/12/2020,COCO,980.00,985.00,925.00,980.00,3900
10/12/2020,COCO-W,400.00,400.00,400.00,400.00,0
10/12/2020,COWL,50.00,50.00,50.00,50.00,0
10/12/2020,CPIN,6000.00,6000.00,5900.00,5975.00,1911000
10/12/2020,CPRI,50.00,50.00,50.00,50.00,11700
10/12/2020,CPRI-W,14.00,14.00,14.00,14.00,500
10/12/2020,CPRO,50.00,50.00,50.00,50.00,1301100
10/12/2020,CSAP,306.00,318.00,306.00,312.00,212900
10/12/2020,CSIS,51.00,51.00,50.00,51.00,1041800
10/12/2020,CSMI,380.00,440.00,362.00,440.00,88000
10/12/2020,CSRA,336.00,350.00,332.00,350.00,7811000
10/12/2020,CTBN,2730.00,2730.00,2730.00,2730.00,100
10/12/2020,CTRA,715.00,730.00,715.00,720.00,26208700
10/12/2020,CTTH,50.00,52.00,50.00,50.00,285300
10/12/2020,DADA,51.00,55.00,51.00,52.00,23286000
10/12/2020,DADA-W,5.00,5.00,4.00,5.00,16390700
10/12/2020,DART,238.00,238.00,238.00,238.00,0
10/12/2020,DAYA,575.00,575.00,575.00,575.00,0
10/12/2020,DEAL,188.00,194.00,181.00,182.00,33096000
10/12/2020,DEAL-W,80.00,80.00,80.00,80.00,0
10/12/2020,DEFI,1620.00,1630.00,1620.00,1630.00,13000
10/12/2020,DEWA,50.00,50.00,50.00,50.00,200
10/12/2020,DFAM,330.00,330.00,328.00,328.00,23700
10/12/2020,DFAM-W,120.00,120.00,120.00,120.00,0
10/12/2020,DGIK,50.00,50.00,50.00,50.00,100
10/12/2020,DIGI,1950.00,1950.00,1950.00,1950.00,0
10/12/2020,DILD,155.00,158.00,154.00,156.00,12575100
10/12/2020,DIVA,2340.00,2340.00,2280.00,2280.00,31400
10/12/2020,DKFT,114.00,118.00,111.00,113.00,12461500
10/12/2020,DLTA,3990.00,4000.00,3980.00,4000.00,65400
10/12/2020,DMAS,236.00,238.00,230.00,232.00,37067200
10/12/2020,DMMX,170.00,174.00,168.00,168.00,2907600
10/12/2020,DMND,885.00,890.00,880.00,890.00,5800
10/12/2020,DNAR,238.00,240.00,220.00,238.00,7600
10/12/2020,DNET,3220.00,3370.00,3170.00,3370.00,9600
10/12/2020,DOID,236.00,242.00,236.00,236.00,17328200
10/12/2020,DPNS,246.00,246.00,246.00,246.00,200
10/12/2020,DPUM,59.00,79.00,59.00,65.00,9224000
10/12/2020,DSFI,65.00,67.00,64.00,67.00,880000
10/12/2020,DSNG,498.00,525.00,496.00,525.00,14273000
10/12/2020,DSSA,16200.00,16200.00,16200.00,16200.00,300
10/12/2020,DUCK,264.00,296.00,260.00,296.00,72165200
10/12/2020,DUTI,3600.00,3600.00,3540.00,3600.00,1000
10/12/2020,DVLA,2580.00,2690.00,2560.00,2650.00,29200
10/12/2020,DWGL,220.00,220.00,220.00,220.00,100
10/12/2020,DWGL-W,32.00,38.00,29.00,29.00,11000
10/12/2020,DYAN,50.00,50.00,50.00,50.00,46200
10/12/2020,EAST,53.00,57.00,53.00,55.00,5194200
10/12/2020,EAST-W,6.00,7.00,6.00,6.00,3658900
10/12/2020,ECII,800.00,800.00,800.00,800.00,0
10/12/2020,EKAD,1255.00,1265.00,1255.00,1265.00,222900
10/12/2020,ELSA,210.00,212.00,208.00,212.00,21296600
10/12/2020,ELTY,50.00,50.00,50.00,50.00,0
10/12/2020,EMDE,200.00,200.00,200.00,200.00,0
10/12/2020,EMTK,6950.00,6950.00,6950.00,6950.00,200
10/12/2020,ENRG,53.00,55.00,51.00,52.00,39452200
10/12/2020,ENVY,53.00,54.00,51.00,53.00,36988400
10/12/2020,ENZO,51.00,53.00,51.00,51.00,71166700
10/12/2020,ENZO-W,8.00,9.00,7.00,8.00,11783300
10/12/2020,EPAC,374.00,396.00,348.00,350.00,22284500
10/12/2020,EPMT,1850.00,1900.00,1845.00,1890.00,77300
10/12/2020,ERAA,1630.00,1635.00,1605.00,1620.00,12551100
10/12/2020,ERTX,122.00,130.00,121.00,130.00,400
10/12/2020,ESIP,160.00,177.00,153.00,177.00,56778600
10/12/2020,ESIP-W,12.00,13.00,11.00,12.00,2926900
10/12/2020,ESSA,140.00,143.00,140.00,140.00,1551000
10/12/2020,ESTA,98.00,103.00,98.00,103.00,75600
10/12/2020,ESTI,53.00,54.00,51.00,52.00,355200
10/12/2020,ETWA,62.00,62.00,62.00,62.00,0
10/12/2020,EXCL,2230.00,2240.00,2190.00,2210.00,14458100
10/12/2020,FAST,950.00,950.00,935.00,935.00,17100
10/12/2020,FASW,7000.00,7000.00,7000.00,7000.00,0
10/12/2020,FILM,202.00,248.00,200.00,216.00,68370500
10/12/2020,FINN,50.00,50.00,50.00,50.00,0
10/12/2020,FIRE,266.00,268.00,252.00,266.00,16267700
10/12/2020,FISH,2730.00,2730.00,2730.00,2730.00,200
10/12/2020,FITT,60.00,64.00,60.00,60.00,37800
10/12/2020,FITT-W,18.00,18.00,17.00,17.00,1300
10/12/2020,FMII,394.00,394.00,394.00,394.00,0
10/12/2020,FOOD,113.00,116.00,113.00,114.00,661700
10/12/2020,FORU,76.00,107.00,76.00,95.00,34200
10/12/2020,FORZ,50.00,50.00,50.00,50.00,3300
10/12/2020,FPNI,121.00,126.00,121.00,123.00,4129800
10/12/2020,FREN,85.00,85.00,82.00,83.00,120748300
10/12/2020,FREN-W,39.00,39.00,38.00,39.00,1402600
10/12/2020,FUJI,107.00,107.00,107.00,107.00,300
10/12/2020,GAMA,50.00,50.00,50.00,50.00,0
10/12/2020,GDST,92.00,92.00,86.00,86.00,4198100
10/12/2020,GDYR,1400.00,1400.00,1400.00,1400.00,300
10/12/2020,GEMA,372.00,372.00,372.00,372.00,0
10/12/2020,GEMS,2550.00,2550.00,2550.00,2550.00,0
10/12/2020,GGRM,44900.00,44900.00,44500.00,44550.00,1716500
10/12/2020,GGRP,316.00,316.00,302.00,306.00,7200
10/12/2020,GHON,1605.00,1720.00,1550.00,1640.00,6600
10/12/2020,GIAA,236.00,240.00,230.00,230.00,20771400
10/12/2020,GJTL,462.00,468.00,456.00,460.00,2641000
10/12/2020,GLOB,132.00,132.00,123.00,123.00,9600
10/12/2020,GLVA,314.00,316.00,304.00,316.00,18600
10/12/2020,GMFI,79.00,81.00,78.00,79.00,3875900
10/12/2020,GMTD,17800.00,17800.00,17800.00,17800.00,0
10/12/2020,GOLD,206.00,208.00,206.00,206.00,1300
10/12/2020,GOLL,50.00,50.00,50.00,50.00,0
10/12/2020,GOOD,1255.00,1255.00,1245.00,1245.00,290600
10/12/2020,GPRA,50.00,51.00,50.00,50.00,2097500
10/12/2020,GREN,328.00,328.00,328.00,328.00,0
10/12/2020,GSMF,92.00,93.00,92.00,93.00,1000
10/12/2020,GTBO,75.00,75.00,75.00,75.00,0
10/12/2020,GWSA,92.00,96.00,92.00,92.00,165300
10/12/2020,GZCO,50.00,50.00,50.00,50.00,200
10/12/2020,HADE,50.00,50.00,50.00,50.00,100
10/12/2020,HDFA,150.00,150.00,150.00,150.00,0
10/12/2020,HDIT,402.00,402.00,402.00,402.00,100
10/12/2020,HDTX,120.00,120.00,120.00,120.00,0
10/12/2020,HEAL,3250.00,3290.00,3170.00,3230.00,201800
10/12/2020,HELI,186.00,199.00,186.00,198.00,5900
10/12/2020,HELI-W,7.00,8.00,6.00,7.00,203200
10/12/2020,HERO,815.00,815.00,795.00,810.00,21400
10/12/2020,HEXA,3080.00,3150.00,3070.00,3150.00,348800
10/12/2020,HITS,535.00,535.00,498.00,500.00,4700
10/12/2020,HKMU,75.00,75.00,73.00,74.00,13323800
10/12/2020,HMSP,1560.00,1570.00,1550.00,1560.00,10860800
10/12/2020,HOKI,805.00,815.00,780.00,800.00,17118600
10/12/2020,HOKI-W,635.00,635.00,635.00,635.00,0
10/12/2020,HOME,50.00,50.00,50.00,50.00,0
10/12/2020,HOMI,1040.00,1040.00,980.00,1035.00,1362200
10/12/2020,HOTL,50.00,50.00,50.00,50.00,2400
10/12/2020,HRME,50.00,50.00,50.00,50.00,261000
10/12/2020,HRTA,192.00,204.00,192.00,196.00,8407600
10/12/2020,HRUM,1600.00,1610.00,1590.00,1595.00,1338600
10/12/2020,IATA,50.00,50.00,50.00,50.00,0
10/12/2020,IBFN,280.00,296.00,280.00,296.00,20100
10/12/2020,IBFN-W,5.00,6.00,5.00,6.00,800
10/12/2020,IBST,8000.00,8000.00,8000.00,8000.00,0
10/12/2020,ICBP,10050.00,10075.00,9950.00,9950.00,6518600
10/12/2020,ICON,54.00,55.00,53.00,54.00,326100
10/12/2020,IDPR,160.00,160.00,160.00,160.00,7000
10/12/2020,IFII,119.00,127.00,119.00,125.00,273900
10/12/2020,IFSH,350.00,380.00,350.00,370.00,11000
10/12/2020,IGAR,320.00,328.00,318.00,318.00,82000
10/12/2020,IIKP,50.00,50.00,50.00,50.00,0
10/12/2020,IKAI,50.00,50.00,50.00,50.00,860800
10/12/2020,IKAN,220.00,234.00,208.00,208.00,29540800
10/12/2020,IKBI,208.00,216.00,208.00,214.00,23400
10/12/2020,IMAS,705.00,740.00,705.00,710.00,11488700
10/12/2020,IMJS,240.00,256.00,240.00,246.00,6017600
10/12/2020,IMPC,1265.00,1265.00,1250.00,1250.00,915600
10/12/2020,INAF,3120.00,3340.00,3110.00,3250.00,15114000
10/12/2020,INAI,338.00,342.00,326.00,332.00,2000
10/12/2020,INCF,59.00,63.00,57.00,60.00,7123100
10/12/2020,INCI,615.00,615.00,610.00,615.00,38400
10/12/2020,INCO,3750.00,3950.00,3750.00,3940.00,25151000
10/12/2020,INDF,7300.00,7325.00,7200.00,7200.00,5120500
10/12/2020,INDO,107.00,110.00,106.00,110.00,54000
10/12/2020,INDO-W,22.00,23.00,20.00,20.00,56100
10/12/2020,INDR,2210.00,2300.00,2210.00,2290.00,5400
10/12/2020,INDS,1940.00,1940.00,1940.00,1940.00,0
10/12/2020,INDX,50.00,58.00,50.00,58.00,13000
10/12/2020,INDY,930.00,935.00,915.00,915.00,14966900
10/12/2020,INKP,8875.00,8925.00,8775.00,8775.00,3361800
10/12/2020,INOV,167.00,167.00,163.00,167.00,96500
10/12/2020,INPC,50.00,55.00,50.00,51.00,7329000
10/12/2020,INPC-W,4.00,4.00,3.00,4.00,1194800
10/12/2020,INPP,695.00,695.00,695.00,695.00,200
10/12/2020,INPS,1390.00,1390.00,1360.00,1385.00,733300
10/12/2020,INRU,980.00,980.00,980.00,980.00,7500
10/12/2020,INTA,210.00,228.00,210.00,216.00,33400
10/12/2020,INTD,165.00,165.00,161.00,163.00,43400
10/12/2020,INTP,10875.00,10950.00,10825.00,10875.00,1760900
10/12/2020,IPCC,386.00,394.00,386.00,392.00,862100
10/12/2020,IPCM,226.00,226.00,222.00,224.00,107100
10/12/2020,IPOL,87.00,87.00,85.00,86.00,75100
10/12/2020,IPTV,292.00,298.00,290.00,292.00,11389000
10/12/2020,IPTV-W,29.00,30.00,26.00,30.00,24100
10/12/2020,IRRA,815.00,825.00,785.00,810.00,34267800
10/12/2020,ISAT,2080.00,2110.00,2050.00,2060.00,2158000
10/12/2020,ISSP,123.00,128.00,123.00,124.00,8201600
10/12/2020,ITIC,690.00,785.00,690.00,735.00,1383100
10/12/2020,ITMA,498.00,498.00,472.00,480.00,4589200
10/12/2020,ITMA-W,59.00,59.00,46.00,46.00,21100
10/12/2020,ITMG,8100.00,8200.00,8100.00,8200.00,1042200
10/12/2020,JAST,115.00,122.00,114.00,116.00,42258400
10/12/2020,JAWA,60.00,61.00,56.00,56.00,90200
10/12/2020,JAYA,74.00,81.00,74.00,79.00,1065000
10/12/2020,JAYA-W,11.00,12.00,10.00,11.00,513800
10/12/2020,JECC,6200.00,6200.00,6200.00,6200.00,0
10/12/2020,JGLE,50.00,50.00,50.00,50.00,0
10/12/2020,JIHD,448.00,498.00,440.00,442.00,12500
10/12/2020,JKON,340.00,340.00,340.00,340.00,25000
10/12/2020,JKSW,60.00,60.00,60.00,60.00,0
10/12/2020,JMAS,145.00,145.00,132.00,142.00,98300
10/12/2020,JPFA,1145.00,1155.00,1130.00,1135.00,15095800
10/12/2020,JRPT,420.00,424.00,418.00,420.00,806400
10/12/2020,JSKY,272.00,280.00,254.00,260.00,49003900
10/12/2020,JSMR,3810.00,3840.00,3760.00,3800.00,5781900
10/12/2020,JSPT,920.00,920.00,920.00,920.00,4000
10/12/2020,JTPE,890.00,905.00,890.00,890.00,1764400
10/12/2020,KAEF,3100.00,3340.00,3080.00,3270.00,62582000
10/12/2020,KARW,80.00,81.00,75.00,75.00,724600
10/12/2020,KAYU,77.00,77.00,77.00,77.00,508700
10/12/2020,KBAG,55.00,62.00,55.00,60.00,314165000
10/12/2020,KBAG-W,5.00,6.00,4.00,5.00,130960900
10/12/2020,KBLI,314.00,318.00,314.00,316.00,853100
10/12/2020,KBLM,192.00,197.00,192.00,197.00,99700
10/12/2020,KBLV,404.00,505.00,404.00,444.00,507900
10/12/2020,KBRI,50.00,50.00,50.00,50.00,0
10/12/2020,KDSI,720.00,720.00,720.00,720.00,4700
10/12/2020,KEEN,304.00,308.00,302.00,306.00,2074200
10/12/2020,KEJU,1210.00,1260.00,1165.00,1180.00,1480700
10/12/2020,KIAS,50.00,50.00,50.00,50.00,230000
10/12/2020,KICI,266.00,266.00,234.00,254.00,300
10/12/2020,KIJA,206.00,208.00,202.00,206.00,10521000
10/12/2020,KINO,2980.00,3100.00,2980.00,3080.00,32100
10/12/2020,KIOS,150.00,160.00,150.00,160.00,3600
10/12/2020,KJEN,1375.00,1375.00,1375.00,1375.00,0
10/12/2020,KKGI,200.00,206.00,190.00,204.00,55100
10/12/2020,KLBF,1585.00,1595.00,1565.00,1580.00,18457000
10/12/2020,KMDS,585.00,585.00,550.00,580.00,33700
10/12/2020,KMTR,306.00,314.00,300.00,310.00,5900
10/12/2020,KOBX,102.00,112.00,100.00,103.00,8667800
10/12/2020,KOIN,99.00,99.00,99.00,99.00,100
10/12/2020,KONI,480.00,480.00,480.00,480.00,0
10/12/2020,KOPI,460.00,460.00,456.00,456.00,600
10/12/2020,KOTA,500.00,500.00,464.00,500.00,303600
10/12/2020,KOTA-W,200.00,200.00,200.00,200.00,0
10/12/2020,KPAL,53.00,60.00,53.00,53.00,12459300
10/12/2020,KPAS,83.00,86.00,83.00,83.00,5381100
10/12/2020,KPAS-W,22.00,26.00,21.00,23.00,88500
10/12/2020,KPIG,105.00,105.00,103.00,104.00,447300
10/12/2020,KRAH,436.00,436.00,436.00,436.00,0
10/12/2020,KRAS,334.00,340.00,332.00,332.00,20788600
10/12/2020,KREN,105.00,110.00,100.00,104.00,15382000
10/12/2020,LAND,180.00,190.00,176.00,182.00,200100
10/12/2020,LAPD,50.00,50.00,50.00,50.00,0
10/12/2020,LCGP,114.00,114.00,114.00,114.00,0
10/12/2020,LCKM,360.00,360.00,360.00,360.00,300
10/12/2020,LEAD,50.00,50.00,50.00,50.00,400
10/12/2020,LIFE,5025.00,5900.00,4960.00,5700.00,5100
10/12/2020,LINK,2120.00,2220.00,2110.00,2130.00,12859700
10/12/2020,LION,236.00,236.00,236.00,236.00,3100
10/12/2020,LMAS,50.00,50.00,50.00,50.00,1112400
10/12/2020,LMPI,80.00,80.00,78.00,78.00,7000
10/12/2020,LMSH,258.00,258.00,258.00,258.00,0
10/12/2020,LPCK,775.00,810.00,775.00,795.00,684600
10/12/2020,LPGI,3300.00,3400.00,3300.00,3300.00,6400
10/12/2020,LPIN,210.00,224.00,208.00,222.00,5200
10/12/2020,LPKR,135.00,137.00,128.00,129.00,86183900
10/12/2020,LPLI,90.00,90.00,80.00,84.00,5600
10/12/2020,LPPF,980.00,1010.00,965.00,995.00,76045800
10/12/2020,LPPS,82.00,82.00,82.00,82.00,7200
10/12/2020,LRNA,121.00,121.00,121.00,121.00,100
10/12/2020,LSIP,945.00,965.00,940.00,955.00,34485300
10/12/2020,LTLS,426.00,436.00,426.00,432.00,24100
10/12/2020,LUCK,175.00,190.00,175.00,180.00,6305100
10/12/2020,MABA,50.00,50.00,50.00,50.00,0
10/12/2020,MAGP,50.00,50.00,50.00,50.00,300
10/12/2020,MAIN,560.00,565.00,545.00,545.00,5725300
10/12/2020,MAMI,50.00,50.00,50.00,50.00,20300
10/12/2020,MAMI-W,5.00,6.00,4.00,5.00,108800
10/12/2020,MAMIP,600.00,600.00,600.00,600.00,0
10/12/2020,MAPA,2050.00,2140.00,2050.00,2130.00,1053900
10/12/2020,MAPB,1350.00,1350.00,1350.00,1350.00,10600
10/12/2020,MAPI,650.00,670.00,620.00,645.00,35513600
10/12/2020,MARI,50.00,50.00,50.00,50.00,10200
10/12/2020,MARK,855.00,890.00,845.00,890.00,10421300
10/12/2020,MASA,565.00,625.00,565.00,575.00,31000
10/12/2020,MAYA,5900.00,5900.00,5900.00,5900.00,0
10/12/2020,MBAP,2160.00,2190.00,2150.00,2150.00,157400
10/12/2020,MBSS,376.00,380.00,374.00,378.00,3522900
10/12/2020,MBTO,79.00,79.00,79.00,79.00,100
10/12/2020,MCAS,2010.00,2100.00,2000.00,2100.00,7864900
10/12/2020,MCOR,114.00,128.00,113.00,121.00,38189200
10/12/2020,MDIA,50.00,50.00,50.00,50.00,0
10/12/2020,MDKA,1800.00,1810.00,1775.00,1790.00,116272000
10/12/2020,MDKI,157.00,157.00,154.00,155.00,150600
10/12/2020,MDLN,51.00,51.00,51.00,51.00,0
10/12/2020,MDRN,50.00,50.00,50.00,50.00,200
10/12/2020,MEDC,358.00,360.00,352.00,354.00,48120400
10/12/2020,MEDC-W,26.00,26.00,26.00,26.00,0
10/12/2020,MEGA,7150.00,7175.00,7150.00,7175.00,2000
10/12/2020,MERK,3200.00,3200.00,3170.00,3180.00,19500
10/12/2020,META,105.00,107.00,105.00,105.00,309700
10/12/2020,MFIN,1140.00,1140.00,1140.00,1140.00,0
10/12/2020,MFMI,510.00,515.00,505.00,505.00,4700
10/12/2020,MGNA,50.00,50.00,50.00,50.00,0
10/12/2020,MGRO,800.00,810.00,795.00,800.00,2381300
10/12/2020,MICE,292.00,292.00,290.00,290.00,8700
10/12/2020,MIDI,1290.00,1290.00,1290.00,1290.00,5200
10/12/2020,MIKA,2530.00,2540.00,2500.00,2510.00,21140300
10/12/2020,MINA,50.00,50.00,50.00,50.00,100
10/12/2020,MIRA,50.00,50.00,50.00,50.00,100
10/12/2020,MITI,51.00,51.00,51.00,51.00,0
10/12/2020,MKNT,50.00,50.00,50.00,50.00,200
10/12/2020,MKPI,21000.00,21000.00,20725.00,20725.00,400
10/12/2020,MLBI,9000.00,9400.00,8900.00,9250.00,97000
10/12/2020,MLIA,432.00,438.00,416.00,428.00,6294600
10/12/2020,MLPL,50.00,50.00,50.00,50.00,818300
10/12/2020,MLPT,610.00,610.00,590.00,600.00,100000
10/12/2020,MMLP,274.00,278.00,270.00,270.00,6790500
10/12/2020,MNCN,795.00,805.00,790.00,800.00,96946100
10/12/2020,MOLI,895.00,895.00,895.00,895.00,0
10/12/2020,MPMX,382.00,384.00,378.00,380.00,8666900
10/12/2020,MPOW,74.00,93.00,71.00,73.00,10457400
10/12/2020,MPPA,100.00,102.00,97.00,97.00,2461800
10/12/2020,MPRO,910.00,1005.00,770.00,770.00,4300
10/12/2020,MRAT,137.00,137.00,133.00,136.00,17700
10/12/2020,MREI,4700.00,4700.00,4700.00,4700.00,0
10/12/2020,MSIN,300.00,300.00,294.00,300.00,271100
10/12/2020,MSKY,825.00,850.00,825.00,850.00,11600
10/12/2020,MTDL,1620.00,1620.00,1605.00,1605.00,501400
10/12/2020,MTFN,50.00,50.00,50.00,50.00,100
10/12/2020,MTLA,420.00,420.00,420.00,420.00,0
10/12/2020,MTPS,358.00,358.00,354.00,354.00,20600
10/12/2020,MTRA,244.00,244.00,244.00,244.00,0
10/12/2020,MTSM,222.00,222.00,218.00,218.00,200
10/12/2020,MTWI,55.00,62.00,54.00,58.00,1207800
10/12/2020,MYOH,1115.00,1115.00,1115.00,1115.00,31800
10/12/2020,MYOR,2430.00,2440.00,2400.00,2400.00,1659300
10/12/2020,MYRX,50.00,50.00,50.00,50.00,0
10/12/2020,MYRXP,50.00,50.00,50.00,50.00,0
10/12/2020,MYTX,53.00,53.00,52.00,52.00,5000
10/12/2020,NASA,104.00,104.00,104.00,104.00,0
10/12/2020,NATO,472.00,490.00,470.00,486.00,149062300
10/12/2020,NATO-W,150.00,150.00,150.00,150.00,0
10/12/2020,NELY,154.00,155.00,147.00,147.00,41100
10/12/2020,NFCX,1800.00,1850.00,1800.00,1800.00,12300
10/12/2020,NICK,328.00,328.00,288.00,304.00,400
10/12/2020,NIKL,725.00,750.00,725.00,735.00,4242200
10/12/2020,NIPS,282.00,282.00,282.00,282.00,0
10/12/2020,NIRO,155.00,155.00,147.00,150.00,2100
10/12/2020,NISP,735.00,755.00,730.00,735.00,674800
10/12/2020,NOBU,845.00,845.00,840.00,840.00,800
10/12/2020,NRCA,302.00,304.00,302.00,304.00,7900
10/12/2020,NUSA,50.00,50.00,50.00,50.00,0
10/12/2020,NZIA,240.00,314.00,236.00,280.00,760400
10/12/2020,OASA,358.00,358.00,358.00,358.00,0
10/12/2020,OCAP,159.00,159.00,159.00,159.00,0
10/12/2020,OKAS,152.00,167.00,146.00,153.00,11198500
10/12/2020,OMRE,316.00,316.00,316.00,316.00,0
10/12/2020,OPMS,173.00,176.00,170.00,176.00,3777700
10/12/2020,PADI,50.00,50.00,50.00,50.00,200
10/12/2020,PALM,276.00,276.00,264.00,264.00,6500
10/12/2020,PAMG,93.00,100.00,93.00,97.00,8136500
10/12/2020,PANI,108.00,108.00,102.00,102.00,1400
10/12/2020,PANR,84.00,88.00,84.00,86.00,2650700
10/12/2020,PANS,805.00,810.00,790.00,800.00,117000
10/12/2020,PBID,890.00,890.00,870.00,875.00,159400
10/12/2020,PBRX,226.00,236.00,226.00,230.00,206500
10/12/2020,PBSA,595.00,600.00,570.00,600.00,500
10/12/2020,PCAR,312.00,312.00,292.00,292.00,1500
10/12/2020,PDES,200.00,200.00,200.00,200.00,100
10/12/2020,PEGE,116.00,120.00,116.00,118.00,7600
10/12/2020,PEHA,1525.00,1630.00,1450.00,1580.00,1701500
10/12/2020,PGAS,995.00,1005.00,985.00,1000.00,153562000
10/12/2020,PGJO,38.00,38.00,35.00,35.00,119200
10/12/2020,PGLI,154.00,154.00,154.00,154.00,0
10/12/2020,PGUN,260.00,262.00,260.00,260.00,19900
10/12/2020,PICO,162.00,171.00,154.00,156.00,10370900
10/12/2020,PJAA,500.00,525.00,500.00,500.00,264000
10/12/2020,PKPK,52.00,52.00,50.00,51.00,1785900
10/12/2020,PLAN,250.00,250.00,238.00,240.00,8250700
10/12/2020,PLAN-W,7.00,8.00,6.00,6.00,77265500
10/12/2020,PLAS,50.00,50.00,50.00,50.00,0
10/12/2020,PLIN,2600.00,2600.00,2600.00,2600.00,1000
10/12/2020,PMJS,126.00,126.00,126.00,126.00,300
10/12/2020,PNBN,810.00,810.00,790.00,795.00,3870400
10/12/2020,PNBS,50.00,50.00,50.00,50.00,150900
10/12/2020,PNGO,660.00,660.00,570.00,610.00,3100
10/12/2020,PNIN,700.00,710.00,700.00,705.00,54100
10/12/2020,PNLF,191.00,192.00,187.00,189.00,34586600
10/12/2020,PNSE,735.00,735.00,735.00,735.00,0
10/12/2020,POLA,52.00,56.00,52.00,53.00,167600
10/12/2020,POLA-W,9.00,9.00,9.00,9.00,0
10/12/2020,POLI,1020.00,1020.00,995.00,1000.00,8200
10/12/2020,POLL,7075.00,7100.00,6775.00,6775.00,1849600
10/12/2020,POLU,1010.00,1120.00,1000.00,1010.00,4500
10/12/2020,POLY,50.00,50.00,50.00,50.00,92300
10/12/2020,POOL,50.00,50.00,50.00,50.00,0
10/12/2020,PORT,464.00,575.00,464.00,464.00,14400
10/12/2020,POSA,50.00,50.00,50.00,50.00,500
10/12/2020,POSA-W,3.00,3.00,2.00,2.00,2403400
10/12/2020,POWR,600.00,610.00,600.00,600.00,7429800
10/12/2020,PPGL,290.00,312.00,290.00,310.00,9125000
10/12/2020,PPGL-W,15.00,17.00,15.00,17.00,8322300
10/12/2020,PPRE,196.00,208.00,181.00,181.00,131772300
10/12/2020,PPRO,50.00,50.00,50.00,50.00,4869900
10/12/2020,PRAS,114.00,119.00,114.00,115.00,3000
10/12/2020,PRDA,2870.00,2940.00,2820.00,2830.00,95700
10/12/2020,PRIM,252.00,260.00,236.00,248.00,193000
10/12/2020,PRIM-W,7.00,7.00,6.00,6.00,207100
10/12/2020,PSAB,230.00,236.00,226.00,228.00,50322700
10/12/2020,PSDN,102.00,132.00,102.00,132.00,1617500
10/12/2020,PSGO,104.00,111.00,103.00,109.00,215100
10/12/2020,PSKT,50.00,50.00,50.00,50.00,100
10/12/2020,PSSI,166.00,169.00,164.00,168.00,413700
10/12/2020,PTBA,1985.00,2020.00,1980.00,2020.00,15389500
10/12/2020,PTIS,140.00,161.00,140.00,153.00,51600
10/12/2020,PTPP,900.00,935.00,900.00,905.00,51967100
10/12/2020,PTPW,1400.00,1415.00,1390.00,1400.00,962600
10/12/2020,PTRO,1745.00,1745.00,1700.00,1710.00,262900
10/12/2020,PTSN,204.00,222.00,204.00,216.00,1118000
10/12/2020,PTSP,4680.00,4680.00,4680.00,4680.00,0
10/12/2020,PUDP,192.00,192.00,192.00,192.00,0
10/12/2020,PURA,123.00,126.00,122.00,126.00,131752900
10/12/2020,PURA-W,18.00,18.00,17.00,18.00,21751400
10/12/2020,PURE,320.00,326.00,302.00,308.00,17187600
10/12/2020,PURE-W,26.00,29.00,26.00,28.00,10349400
10/12/2020,PURI,352.00,352.00,344.00,348.00,75700
10/12/2020,PWON,390.00,402.00,388.00,396.00,187862300
10/12/2020,PYFA,835.00,870.00,810.00,860.00,8797700
10/12/2020,PZZA,605.00,650.00,600.00,600.00,5702700
10/12/2020,R-ABFII,28600.00,28600.00,28600.00,28600.00,0
10/12/2020,R-LQ45X,811.00,817.00,811.00,811.00,12300
10/12/2020,RAJA,125.00,126.00,121.00,122.00,15965600
10/12/2020,RALS,575.00,590.00,570.00,575.00,32410300
10/12/2020,RANC,414.00,418.00,408.00,408.00,1617700
10/12/2020,RBMS,51.00,54.00,50.00,50.00,3275900
10/12/2020,RDTX,5900.00,5900.00,5900.00,5900.00,1600
10/12/2020,REAL,50.00,50.00,50.00,50.00,140500
10/12/2020,REAL-W,2.00,3.00,2.00,3.00,1130800
10/12/2020,RELI,346.00,346.00,336.00,336.00,1900
10/12/2020,RICY,102.00,102.00,89.00,93.00,49400
10/12/2020,RIGS,234.00,236.00,222.00,234.00,23900
10/12/2020,RIMO,50.00,50.00,50.00,50.00,0
10/12/2020,RISE,444.00,448.00,444.00,446.00,402400
10/12/2020,RMBA,350.00,350.00,342.00,350.00,118000
10/12/2020,ROCK,1200.00,1240.00,1155.00,1155.00,142500
10/12/2020,RODA,52.00,55.00,52.00,53.00,33800
10/12/2020,RONY,334.00,392.00,322.00,376.00,4054700
10/12/2020,ROTI,1230.00,1245.00,1220.00,1230.00,31720700
10/12/2020,RUIS,228.00,230.00,228.00,230.00,9300
10/12/2020,SAFE,181.00,183.00,180.00,180.00,253300
10/12/2020,SAME,121.00,129.00,118.00,129.00,42399800
10/12/2020,SAMF,400.00,400.00,382.00,384.00,2200
10/12/2020,SAPX,2150.00,2150.00,2150.00,2150.00,600
10/12/2020,SATU,50.00,50.00,50.00,50.00,111300
10/12/2020,SBAT,125.00,144.00,125.00,125.00,18563400
10/12/2020,SBAT-W,10.00,11.00,9.00,10.00,25999400
10/12/2020,SCCO,10200.00,10200.00,10075.00,10125.00,1500
10/12/2020,SCMA,1265.00,1265.00,1235.00,1240.00,4927600
10/12/2020,SCNP,228.00,230.00,220.00,226.00,122300
10/12/2020,SCPI,29000.00,29000.00,29000.00,29000.00,0
10/12/2020,SDMU,50.00,50.00,50.00,50.00,3000
10/12/2020,SDPC,93.00,110.00,93.00,104.00,306300
10/12/2020,SDRA,810.00,810.00,810.00,810.00,2600
10/12/2020,SFAN,980.00,995.00,980.00,990.00,1024500
10/12/2020,SGER,410.00,430.00,390.00,422.00,13466300
10/12/2020,SGER-W,189.00,200.00,150.00,174.00,419300
10/12/2020,SGRO,1500.00,1510.00,1485.00,1495.00,254500
10/12/2020,SHID,3500.00,3500.00,3500.00,3500.00,0
10/12/2020,SHIP,570.00,580.00,570.00,575.00,512900
10/12/2020,SIDO,800.00,835.00,785.00,795.00,19369600
10/12/2020,SILO,4920.00,4940.00,4880.00,4930.00,31100
10/12/2020,SIMA,50.00,50.00,50.00,50.00,0
10/12/2020,SIMP,316.00,322.00,314.00,316.00,13895200
10/12/2020,SINI,496.00,496.00,446.00,472.00,3900
10/12/2020,SINI-W,200.00,288.00,200.00,252.00,8600
10/12/2020,SIPD,1200.00,1200.00,1190.00,1195.00,3800
10/12/2020,SKBM,342.00,380.00,342.00,374.00,1300
10/12/2020,SKLT,1370.00,1370.00,1370.00,1370.00,400
10/12/2020,SKRN,635.00,650.00,625.00,625.00,41600
10/12/2020,SKYB,51.00,51.00,51.00,51.00,0
10/12/2020,SLIS,4870.00,4990.00,4840.00,4920.00,115400
10/12/2020,SMAR,2840.00,2950.00,2830.00,2910.00,3300
10/12/2020,SMBR,490.00,510.00,486.00,505.00,38670700
10/12/2020,SMCB,1000.00,1095.00,1000.00,1095.00,67700
10/12/2020,SMDM,93.00,96.00,93.00,96.00,10100
10/12/2020,SMDR,262.00,280.00,262.00,272.00,4144000
10/12/2020,SMGR,9375.00,9450.00,9250.00,9400.00,5312400
10/12/2020,SMKL,178.00,178.00,178.00,178.00,50000
10/12/2020,SMKL-W,22.00,22.00,22.00,22.00,0
10/12/2020,SMMA,16900.00,16900.00,16900.00,16900.00,0
10/12/2020,SMMT,90.00,90.00,86.00,89.00,26000
10/12/2020,SMRA,605.00,625.00,595.00,625.00,85898600
10/12/2020,SMRU,50.00,50.00,50.00,50.00,0
10/12/2020,SMSM,1295.00,1325.00,1290.00,1325.00,2894100
10/12/2020,SOCI,122.00,122.00,120.00,122.00,6159500
10/12/2020,SOFA,100.00,101.00,100.00,100.00,278600
10/12/2020,SOFA-W,5.00,6.00,5.00,6.00,3132000
10/12/2020,SOHO,6025.00,6125.00,5650.00,5775.00,96600
10/12/2020,SONA,5825.00,5825.00,5825.00,5825.00,0
10/12/2020,SOSS,430.00,430.00,400.00,402.00,23600
10/12/2020,SOSS-W,58.00,58.00,58.00,58.00,0
10/12/2020,SOTS,222.00,222.00,222.00,222.00,100
10/12/2020,SOTS-W,30.00,30.00,29.00,30.00,9100
10/12/2020,SPMA,286.00,286.00,280.00,280.00,52800
10/12/2020,SPTO,400.00,408.00,398.00,400.00,1095100
10/12/2020,SQMI,171.00,174.00,165.00,165.00,12205500
10/12/2020,SRAJ,133.00,133.00,132.00,132.00,1500
10/12/2020,SRIL,202.00,208.00,202.00,208.00,23628700
10/12/2020,SRSN,57.00,58.00,55.00,57.00,9116100
10/12/2020,SRTG,3310.00,3340.00,3290.00,3300.00,80000
10/12/2020,SSIA,448.00,456.00,442.00,444.00,29029400
10/12/2020,SSMS,810.00,815.00,800.00,805.00,49900
10/12/2020,SSTM,438.00,448.00,436.00,448.00,55500
10/12/2020,STAR,133.00,133.00,119.00,124.00,211400
10/12/2020,STTP,6625.00,6625.00,6625.00,6625.00,0
10/12/2020,SUGI,50.00,50.00,50.00,50.00,0
10/12/2020,SULI,50.00,50.00,50.00,50.00,200
10/12/2020,SUPR,3550.00,3550.00,3550.00,3550.00,0
10/12/2020,SURE,2880.00,2880.00,2880.00,2880.00,0
10/12/2020,SWAT,100.00,102.00,100.00,102.00,282400
10/12/2020,TALF,280.00,280.00,280.00,280.00,0
10/12/2020,TAMA,150.00,150.00,150.00,150.00,0
10/12/2020,TAMA-W,6.00,7.00,5.00,6.00,3894000
10/12/2020,TAMU,53.00,56.00,51.00,54.00,9672800
10/12/2020,TARA,50.00,50.00,50.00,50.00,600
10/12/2020,TAXI,50.00,50.00,50.00,50.00,0
10/12/2020,TBIG,1340.00,1365.00,1325.00,1360.00,89169300
10/12/2020,TBLA,760.00,780.00,760.00,770.00,2164200
10/12/2020,TBMS,700.00,760.00,670.00,700.00,60000
10/12/2020,TCID,6400.00,6750.00,6400.00,6400.00,4700
10/12/2020,TCPI,5575.00,5625.00,5525.00,5575.00,8973000
10/12/2020,TDPM,145.00,145.00,142.00,143.00,3755900
10/12/2020,TEBE,1400.00,1400.00,1400.00,1400.00,0
10/12/2020,TECH,170.00,174.00,166.00,168.00,1453000
10/12/2020,TELE,121.00,121.00,121.00,121.00,0
10/12/2020,TFAS,175.00,179.00,174.00,174.00,93600
10/12/2020,TFCO,510.00,510.00,510.00,510.00,0
10/12/2020,TGKA,8100.00,8400.00,8100.00,8400.00,400
10/12/2020,TGRA,107.00,114.00,106.00,107.00,23599200
10/12/2020,TIFA,515.00,515.00,510.00,515.00,389600
10/12/2020,TINS,750.00,755.00,735.00,745.00,18136300
10/12/2020,TIRA,260.00,260.00,258.00,258.00,200
10/12/2020,TIRT,51.00,51.00,51.00,51.00,0
10/12/2020,TKIM,6125.00,6200.00,6075.00,6200.00,3300100
10/12/2020,TLKM,2750.00,2760.00,2710.00,2730.00,77479100
10/12/2020,TMAS,108.00,116.00,105.00,108.00,12054300
10/12/2020,TMPO,107.00,109.00,107.00,109.00,900
10/12/2020,TNCA,206.00,236.00,206.00,230.00,258800
10/12/2020,TOBA,396.00,400.00,374.00,396.00,106200
10/12/2020,TOPS,50.00,50.00,50.00,50.00,200
10/12/2020,TOTL,292.00,296.00,286.00,290.00,2608000
10/12/2020,TOTO,216.00,216.00,206.00,208.00,7100
10/12/2020,TOWR,1030.00,1040.00,1025.00,1030.00,114662700
10/12/2020,TOYS,560.00,570.00,560.00,565.00,1932900
10/12/2020,TOYS-W,12.00,13.00,12.00,12.00,625600
10/12/2020,TPIA,7775.00,7875.00,7750.00,7850.00,3288300
10/12/2020,TPMA,360.00,364.00,350.00,364.00,2700
10/12/2020,TRAM,50.00,50.00,50.00,50.00,0
10/12/2020,TRAM-W,11.00,11.00,11.00,11.00,0
10/12/2020,TRIL,50.00,50.00,50.00,50.00,0
10/12/2020,TRIM,109.00,109.00,109.00,109.00,1700
10/12/2020,TRIN,224.00,234.00,222.00,228.00,5115600
10/12/2020,TRIN-W,9.00,9.00,8.00,9.00,5106900
10/12/2020,TRIO,426.00,426.00,426.00,426.00,0
10/12/2020,TRIS,206.00,216.00,206.00,208.00,54200
10/12/2020,TRIS-W,50.00,50.00,50.00,50.00,0
10/12/2020,TRJA,169.00,180.00,166.00,172.00,8170100
10/12/2020,TRST,396.00,396.00,396.00,396.00,0
10/12/2020,TRUK,157.00,157.00,150.00,156.00,3129700
10/12/2020,TRUS,348.00,348.00,338.00,348.00,500
10/12/2020,TSPC,1270.00,1280.00,1265.00,1270.00,406200
10/12/2020,TUGU,1370.00,1440.00,1370.00,1380.00,85000
10/12/2020,TURI,1265.00,1290.00,1265.00,1290.00,100100
10/12/2020,UANG,214.00,214.00,198.00,200.00,9400
10/12/2020,UCID,1470.00,1505.00,1465.00,1490.00,54700
10/12/2020,ULTJ,1740.00,1760.00,1735.00,1735.00,526800
10/12/2020,UNIC,4090.00,4090.00,4090.00,4090.00,100
10/12/2020,UNIT,151.00,156.00,150.00,150.00,900
10/12/2020,UNSP,75.00,81.00,75.00,79.00,1958500
10/12/2020,UNTR,22500.00,22700.00,22150.00,22500.00,4369600
10/12/2020,UNVR,8100.00,8100.00,7950.00,7950.00,6704300
10/12/2020,URBN,1300.00,1300.00,1295.00,1300.00,400
10/12/2020,URBN-W,17.00,18.00,16.00,17.00,108200
10/12/2020,VICO,88.00,88.00,82.00,82.00,1352800
10/12/2020,VINS,92.00,96.00,88.00,93.00,101800
10/12/2020,VIVA,50.00,50.00,50.00,50.00,200
10/12/2020,VOKS,194.00,194.00,194.00,194.00,2600
10/12/2020,VRNA,100.00,100.00,100.00,100.00,100
10/12/2020,WAPO,77.00,79.00,77.00,79.00,229500
10/12/2020,WEGE,183.00,185.00,178.00,180.00,35055500
10/12/2020,WEHA,59.00,59.00,55.00,55.00,959500
10/12/2020,WICO,560.00,560.00,560.00,560.00,0
10/12/2020,WIIM,350.00,354.00,348.00,350.00,10691400
10/12/2020,WIKA,1230.00,1245.00,1215.00,1215.00,28359000
10/12/2020,WINS,94.00,96.00,94.00,96.00,89500
10/12/2020,WOMF,216.00,220.00,216.00,218.00,179200
10/12/2020,WOOD,398.00,404.00,396.00,402.00,23246700
10/12/2020,WOWS,75.00,80.00,75.00,76.00,35479800
10/12/2020,WSBP,164.00,168.00,158.00,163.00,152111100
10/12/2020,WSKT,595.00,655.00,575.00,650.00,133187900
10/12/2020,WTON,250.00,254.00,244.00,250.00,19966100
10/12/2020,XAFA,1052.00,1052.00,1052.00,1052.00,100
10/12/2020,XAQA,755.00,755.00,755.00,755.00,0
10/12/2020,XASG,87.00,87.00,87.00,87.00,0
10/12/2020,XBES,789.00,789.00,789.00,789.00,0
10/12/2020,XBID,434.00,434.00,434.00,434.00,0
10/12/2020,XBIN,429.00,429.00,429.00,429.00,300
10/12/2020,XBLQ,383.00,383.00,383.00,383.00,0
10/12/2020,XBNI,868.00,868.00,868.00,868.00,200
10/12/2020,XBSK,316.00,316.00,316.00,316.00,0
10/12/2020,XCID,74.00,74.00,74.00,74.00,100
10/12/2020,XCIS,105.00,105.00,105.00,105.00,0
10/12/2020,XCLQ,79.00,84.00,79.00,84.00,500
10/12/2020,XDIF,370.00,370.00,370.00,370.00,0
10/12/2020,XIHD,392.00,392.00,392.00,392.00,4200
10/12/2020,XIIC,893.00,893.00,893.00,893.00,1000
10/12/2020,XIID,429.00,429.00,429.00,429.00,1000
10/12/2020,XIIF,445.00,445.00,445.00,445.00,1000
10/12/2020,XIIT,439.00,440.00,439.00,440.00,22500
10/12/2020,XIJI,544.00,544.00,544.00,544.00,0
10/12/2020,XILV,98.00,98.00,96.00,98.00,2500
10/12/2020,XIML,233.00,233.00,233.00,233.00,400
10/12/2020,XIPI,141.00,141.00,141.00,141.00,0
10/12/2020,XISB,398.00,398.00,398.00,398.00,0
10/12/2020,XISC,481.00,481.00,481.00,481.00,0
10/12/2020,XISI,254.00,254.00,254.00,254.00,100
10/12/2020,XISR,325.00,325.00,325.00,325.00,4300
10/12/2020,XKIV,374.00,374.00,374.00,374.00,2000
10/12/2020,XMIG,133.00,133.00,133.00,133.00,0
10/12/2020,XMJM,1001.00,1001.00,1001.00,1001.00,0
10/12/2020,XMTS,411.00,411.00,411.00,411.00,0
10/12/2020,XNVE,115.00,115.00,115.00,115.00,0
10/12/2020,XPCR,735.00,735.00,735.00,735.00,0
10/12/2020,XPDV,415.00,415.00,415.00,415.00,0
10/12/2020,XPES,346.00,346.00,346.00,346.00,100
10/12/2020,XPFT,620.00,620.00,620.00,620.00,0
10/12/2020,XPID,439.00,439.00,439.00,439.00,0
10/12/2020,XPLC,397.00,397.00,397.00,397.00,0
10/12/2020,XPLQ,418.00,418.00,418.00,418.00,0
10/12/2020,XPMI,750.00,750.00,750.00,750.00,0
10/12/2020,XPSG,374.00,374.00,374.00,374.00,0
10/12/2020,XPTD,406.00,406.00,406.00,406.00,0
10/12/2020,XSBC,87.00,87.00,86.00,86.00,3400
10/12/2020,XSMU,103.00,103.00,103.00,103.00,0
10/12/2020,XSPI,750.00,750.00,750.00,750.00,0
10/12/2020,XSRI,152.00,152.00,152.00,152.00,0
10/12/2020,XSSI,75.00,75.00,75.00,75.00,2900
10/12/2020,XSSK,547.00,547.00,547.00,547.00,0
10/12/2020,YELO,52.00,54.00,52.00,52.00,5146400
10/12/2020,YELO-W,9.00,9.00,7.00,7.00,3919200
10/12/2020,YPAS,362.00,362.00,362.00,362.00,0
10/12/2020,YULE,250.00,250.00,250.00,250.00,0
10/12/2020,ZBRA,50.00,50.00,50.00,50.00,0
10/12/2020,ZINC,122.00,125.00,121.00,123.00,466854600
10/12/2020,ZONE,382.00,384.00,376.00,382.00,180600
