<date>,<ticker>,<open>,<high>,<low>,<close>,<volume>
11/04/2020,AALI,10900.00,10900.00,10525.00,10550.00,1084700
11/04/2020,ABBA,50.00,50.00,50.00,50.00,9200
11/04/2020,ABDA,6450.00,6450.00,6450.00,6450.00,0
11/04/2020,ABMM,840.00,840.00,795.00,795.00,13000
11/04/2020,ACES,1565.00,1595.00,1550.00,1575.00,7001700
11/04/2020,ACST,194.00,197.00,189.00,190.00,28771100
11/04/2020,ADES,1180.00,1200.00,1160.00,1170.00,29900
11/04/2020,ADHI,585.00,595.00,575.00,580.00,8626800
11/04/2020,ADMF,7650.00,7825.00,7625.00,7700.00,142300
11/04/2020,ADMG,141.00,150.00,137.00,150.00,6471000
11/04/2020,ADRO,1150.00,1160.00,1105.00,1110.00,66743200
11/04/2020,AGAR,500.00,500.00,500.00,500.00,100
11/04/2020,AGII,760.00,795.00,730.00,730.00,5010200
11/04/2020,AGRO,370.00,390.00,356.00,368.00,124973800
11/04/2020,AGRS,160.00,162.00,159.00,159.00,222100
11/04/2020,AHAP,56.00,59.00,55.00,57.00,179900
11/04/2020,AIMS,113.00,113.00,113.00,113.00,100
11/04/2020,AISA,220.00,226.00,214.00,214.00,66219300
11/04/2020,AKKU,50.00,50.00,50.00,50.00,600
11/04/2020,AKPI,286.00,288.00,286.00,288.00,400
11/04/2020,AKRA,2590.00,2610.00,2570.00,2570.00,14001800
11/04/2020,AKSI,396.00,396.00,396.00,396.00,800
11/04/2020,ALDO,420.00,428.00,420.00,428.00,2400
11/04/2020,ALKA,218.00,284.00,218.00,252.00,24900
11/04/2020,ALMI,250.00,250.00,236.00,236.00,4500
11/04/2020,ALTO,308.00,308.00,308.00,308.00,0
11/04/2020,AMAG,200.00,200.00,200.00,200.00,1500
11/04/2020,AMAN,280.00,284.00,262.00,262.00,1427700
11/04/2020,AMAR,300.00,306.00,294.00,300.00,116300
11/04/2020,AMFG,2530.00,2560.00,2530.00,2550.00,56100
11/04/2020,AMIN,264.00,280.00,264.00,280.00,1700
11/04/2020,AMOR,2280.00,2290.00,2280.00,2280.00,201800
11/04/2020,AMRT,690.00,710.00,690.00,700.00,377000
11/04/2020,ANDI,50.00,50.00,50.00,50.00,19600
11/04/2020,ANJT,690.00,690.00,525.00,580.00,10700
11/04/2020,ANTM,1125.00,1145.00,1100.00,1105.00,410216500
11/04/2020,APEX,149.00,153.00,149.00,153.00,531600
11/04/2020,APIC,885.00,895.00,870.00,875.00,10136100
11/04/2020,APII,147.00,158.00,147.00,157.00,9400
11/04/2020,APLI,135.00,135.00,118.00,118.00,11600
11/04/2020,APLN,112.00,112.00,106.00,106.00,33221200
11/04/2020,ARGO,1525.00,1530.00,1525.00,1530.00,600
11/04/2020,ARII,446.00,446.00,446.00,446.00,0
11/04/2020,ARKA,72.00,77.00,69.00,73.00,5177000
11/04/2020,ARMY,50.00,50.00,50.00,50.00,0
11/04/2020,ARNA,496.00,520.00,496.00,510.00,2853200
11/04/2020,ARTA,270.00,298.00,270.00,272.00,1000
11/04/2020,ARTI,50.00,50.00,50.00,50.00,5200
11/04/2020,ARTO,2900.00,2960.00,2900.00,2950.00,254300
11/04/2020,ASBI,312.00,312.00,312.00,312.00,6000
11/04/2020,ASDM,925.00,925.00,915.00,915.00,600
11/04/2020,ASGR,685.00,685.00,675.00,680.00,743000
11/04/2020,ASII,5475.00,5500.00,5350.00,5400.00,22433700
11/04/2020,ASJT,115.00,121.00,115.00,120.00,1700
11/04/2020,ASMI,1065.00,1070.00,1065.00,1070.00,9000
11/04/2020,ASPI,93.00,94.00,91.00,92.00,155500
11/04/2020,ASPI-W,13.00,13.00,12.00,13.00,4378800
11/04/2020,ASRI,158.00,159.00,148.00,149.00,165263300
11/04/2020,ASRM,1725.00,1725.00,1725.00,1725.00,0
11/04/2020,ASSA,505.00,505.00,490.00,494.00,9892900
11/04/2020,ATIC,615.00,715.00,615.00,695.00,2000
11/04/2020,AUTO,870.00,880.00,860.00,865.00,535900
11/04/2020,AYLS,50.00,50.00,50.00,50.00,12700
11/04/2020,AYLS-W,4.00,5.00,4.00,4.00,504600
11/04/2020,BABP,50.00,67.00,50.00,55.00,770790700
11/04/2020,BABP-W3,35.00,35.00,17.00,18.00,89200
11/04/2020,BABP-W4,9.00,19.00,8.00,11.00,42797700
11/04/2020,BACA,398.00,398.00,396.00,396.00,36100
11/04/2020,BACA-W2,100.00,100.00,100.00,100.00,0
11/04/2020,BAJA,97.00,109.00,93.00,99.00,15095300
11/04/2020,BALI,995.00,995.00,930.00,930.00,23500
11/04/2020,BAPA,50.00,50.00,50.00,50.00,0
11/04/2020,BAPI,50.00,50.00,50.00,50.00,63900
11/04/2020,BAPI-W,3.00,3.00,2.00,3.00,656900
11/04/2020,BATA,615.00,620.00,615.00,620.00,36200
11/04/2020,BAYU,1160.00,1160.00,1160.00,1160.00,0
11/04/2020,BBCA,29500.00,29700.00,28925.00,29100.00,15725200
11/04/2020,BBHI,262.00,276.00,262.00,276.00,4311400
11/04/2020,BBKP,242.00,248.00,238.00,238.00,126468500
11/04/2020,BBLD,368.00,378.00,368.00,370.00,6600
11/04/2020,BBMD,1585.00,1585.00,1585.00,1585.00,0
11/04/2020,BBNI,4700.00,4720.00,4600.00,4620.00,35401100
11/04/2020,BBRI,3420.00,3420.00,3290.00,3290.00,138230100
11/04/2020,BBRM,50.00,50.00,50.00,50.00,0
11/04/2020,BBSI,750.00,770.00,730.00,740.00,109300
11/04/2020,BBSS,118.00,119.00,117.00,119.00,693500
11/04/2020,BBSS-W,6.00,6.00,5.00,6.00,4533300
11/04/2020,BBTN,1410.00,1425.00,1370.00,1370.00,44810900
11/04/2020,BBYB,348.00,356.00,340.00,350.00,28700
11/04/2020,BCAP,115.00,116.00,112.00,114.00,726800
11/04/2020,BCIC,700.00,700.00,700.00,700.00,0
11/04/2020,BCIP,50.00,51.00,50.00,50.00,1438000
11/04/2020,BDMN,2460.00,2550.00,2410.00,2410.00,2302400
11/04/2020,BEEF,143.00,145.00,139.00,140.00,1906700
11/04/2020,BEEF-W,11.00,12.00,10.00,10.00,1990800
11/04/2020,BEKS,50.00,50.00,50.00,50.00,130000
11/04/2020,BELL,154.00,156.00,153.00,154.00,4127900
11/04/2020,BESS,199.00,200.00,194.00,200.00,66200
11/04/2020,BESS-W,51.00,73.00,51.00,72.00,8300
11/04/2020,BEST,180.00,180.00,166.00,167.00,310461800
11/04/2020,BFIN,396.00,396.00,380.00,380.00,11427700
11/04/2020,BGTG,68.00,80.00,64.00,64.00,324259900
11/04/2020,BHAT,590.00,595.00,575.00,575.00,132459000
11/04/2020,BHIT,58.00,72.00,58.00,72.00,203073200
11/04/2020,BIKA,144.00,150.00,144.00,145.00,500
11/04/2020,BIMA,50.00,50.00,50.00,50.00,0
11/04/2020,BINA,710.00,710.00,700.00,700.00,53800
11/04/2020,BIPI,50.00,50.00,50.00,50.00,42200
11/04/2020,BIPI-W,7.00,8.00,7.00,8.00,300000
11/04/2020,BIPP,53.00,53.00,51.00,51.00,439400
11/04/2020,BIRD,815.00,825.00,810.00,815.00,1726200
11/04/2020,BISI,910.00,915.00,890.00,905.00,424100
11/04/2020,BJBR,1135.00,1135.00,1080.00,1090.00,11153200
11/04/2020,BJTM,565.00,570.00,555.00,555.00,11705600
11/04/2020,BKDP,51.00,53.00,51.00,52.00,7400
11/04/2020,BKSL,50.00,50.00,50.00,50.00,98000
11/04/2020,BKSW,124.00,124.00,120.00,120.00,96100
11/04/2020,BLTA,50.00,50.00,50.00,50.00,50000
11/04/2020,BLTZ,3120.00,3120.00,3120.00,3120.00,0
11/04/2020,BLUE,640.00,655.00,640.00,645.00,115200
11/04/2020,BMAS,272.00,272.00,272.00,272.00,100
11/04/2020,BMRI,5950.00,6025.00,5700.00,5700.00,76408700
11/04/2020,BMSR,62.00,63.00,61.00,61.00,80000
11/04/2020,BMTR,230.00,242.00,226.00,230.00,232199600
11/04/2020,BNBA,356.00,356.00,354.00,354.00,86800
11/04/2020,BNBR,50.00,50.00,50.00,50.00,11100
11/04/2020,BNGA,755.00,765.00,745.00,745.00,4541900
11/04/2020,BNII,224.00,226.00,220.00,220.00,2100300
11/04/2020,BNLI,2130.00,2170.00,2050.00,2050.00,1470100
11/04/2020,BOGA,1370.00,1390.00,1370.00,1370.00,110661000
11/04/2020,BOLA,152.00,152.00,149.00,151.00,23100
11/04/2020,BOLT,560.00,560.00,530.00,535.00,1000
11/04/2020,BOSS,107.00,114.00,106.00,106.00,12819500
11/04/2020,BPFI,1150.00,1150.00,1150.00,1150.00,0
11/04/2020,BPII,10000.00,10000.00,10000.00,10000.00,0
11/04/2020,BPTR,89.00,89.00,83.00,88.00,900
11/04/2020,BRAM,5250.00,5250.00,5250.00,5250.00,0
11/04/2020,BRIS,1190.00,1220.00,1150.00,1170.00,155562700
11/04/2020,BRMS,59.00,60.00,54.00,56.00,155915800
11/04/2020,BRNA,1080.00,1125.00,1080.00,1125.00,10300
11/04/2020,BRPT,910.00,915.00,875.00,875.00,38884100
11/04/2020,BRPT-W,500.00,500.00,500.00,500.00,0
11/04/2020,BSDE,920.00,940.00,865.00,870.00,58559900
11/04/2020,BSIM,498.00,498.00,470.00,480.00,1300
11/04/2020,BSIM-W3,19.00,19.00,19.00,19.00,0
11/04/2020,BSSR,1355.00,1390.00,1330.00,1350.00,17900
11/04/2020,BSWD,1750.00,1750.00,1750.00,1750.00,0
11/04/2020,BTEK,50.00,50.00,50.00,50.00,300
11/04/2020,BTEL,50.00,50.00,50.00,50.00,0
11/04/2020,BTON,196.00,196.00,196.00,196.00,100
11/04/2020,BTPN,2250.00,2270.00,2250.00,2250.00,19200
11/04/2020,BTPS,3830.00,3860.00,3680.00,3710.00,10699700
11/04/2020,BUDI,99.00,100.00,98.00,98.00,1314200
11/04/2020,BUKK,720.00,725.00,720.00,725.00,37300
11/04/2020,BULL,326.00,332.00,320.00,326.00,291979900
11/04/2020,BULL-W2,118.00,120.00,105.00,105.00,387400
11/04/2020,BUMI,52.00,53.00,50.00,50.00,300380700
11/04/2020,BUVA,54.00,54.00,53.00,53.00,5700
11/04/2020,BVIC,100.00,104.00,100.00,101.00,2494600
11/04/2020,BWPT,97.00,97.00,94.00,94.00,17330300
11/04/2020,BYAN,12800.00,13000.00,12800.00,12950.00,1500
11/04/2020,CAKK,52.00,52.00,50.00,50.00,1848400
11/04/2020,CAMP,252.00,262.00,252.00,254.00,731600
11/04/2020,CANI,107.00,115.00,107.00,113.00,400
11/04/2020,CARE,344.00,354.00,344.00,354.00,220269300
11/04/2020,CARS,50.00,50.00,50.00,50.00,2700
11/04/2020,CASA,386.00,386.00,386.00,386.00,173000
11/04/2020,CASA-W,113.00,113.00,113.00,113.00,0
11/04/2020,CASH,565.00,570.00,550.00,560.00,1074000
11/04/2020,CASH-W,31.00,31.00,28.00,29.00,2294300
11/04/2020,CASS,190.00,202.00,190.00,200.00,680500
11/04/2020,CBMF,400.00,470.00,378.00,470.00,3180100
11/04/2020,CCSI,226.00,238.00,226.00,226.00,118300
11/04/2020,CEKA,1740.00,1750.00,1735.00,1735.00,10700
11/04/2020,CENT,130.00,130.00,126.00,126.00,944600
11/04/2020,CFIN,193.00,196.00,189.00,190.00,3978000
11/04/2020,CINT,260.00,260.00,258.00,258.00,300
11/04/2020,CITA,2300.00,2400.00,2260.00,2390.00,5400
11/04/2020,CITY,103.00,103.00,93.00,97.00,2600
11/04/2020,CITY-W,16.00,16.00,16.00,16.00,0
11/04/2020,CLAY,1855.00,1855.00,1855.00,1855.00,0
11/04/2020,CLEO,484.00,488.00,470.00,472.00,6949000
11/04/2020,CLPI,685.00,690.00,680.00,680.00,83600
11/04/2020,CMNP,1110.00,1125.00,1085.00,1085.00,189800
11/04/2020,CMPP,184.00,184.00,184.00,184.00,0
11/04/2020,CNKO,50.00,50.00,50.00,50.00,0
11/04/2020,CNTB,250.00,250.00,250.00,250.00,0
11/04/2020,CNTX,246.00,246.00,212.00,226.00,1100
11/04/2020,COCO,925.00,925.00,925.00,925.00,500
11/04/2020,COCO-W,400.00,400.00,400.00,400.00,0
11/04/2020,COWL,50.00,50.00,50.00,50.00,0
11/04/2020,CPIN,5950.00,5975.00,5850.00,5850.00,3066100
11/04/2020,CPRI,50.00,50.00,50.00,50.00,3800
11/04/2020,CPRI-W,10.00,13.00,9.00,13.00,200100
11/04/2020,CPRO,50.00,50.00,50.00,50.00,12100
11/04/2020,CSAP,318.00,318.00,318.00,318.00,0
11/04/2020,CSIS,50.00,52.00,50.00,51.00,333100
11/04/2020,CSMI,575.00,575.00,492.00,520.00,11600
11/04/2020,CSRA,314.00,340.00,314.00,328.00,916700
11/04/2020,CTBN,3060.00,3060.00,3060.00,3060.00,0
11/04/2020,CTRA,820.00,830.00,780.00,785.00,17921900
11/04/2020,CTTH,50.00,56.00,50.00,51.00,1095900
11/04/2020,DADA,50.00,50.00,50.00,50.00,2891700
11/04/2020,DADA-W,4.00,5.00,3.00,4.00,15509700
11/04/2020,DART,210.00,238.00,208.00,238.00,2800
11/04/2020,DAYA,565.00,565.00,565.00,565.00,0
11/04/2020,DEAL,152.00,160.00,145.00,146.00,19290000
11/04/2020,DEAL-W,3.00,3.00,3.00,3.00,0
11/04/2020,DEFI,1635.00,1635.00,1635.00,1635.00,7200
11/04/2020,DEWA,50.00,50.00,50.00,50.00,200
11/04/2020,DFAM,300.00,320.00,298.00,302.00,9400
11/04/2020,DFAM-W,120.00,120.00,120.00,120.00,0
11/04/2020,DGIK,50.00,50.00,50.00,50.00,2200
11/04/2020,DIGI,1950.00,1950.00,1950.00,1950.00,200
11/04/2020,DILD,158.00,159.00,153.00,156.00,4910200
11/04/2020,DIVA,2120.00,2190.00,2110.00,2180.00,4700
11/04/2020,DKFT,157.00,171.00,151.00,152.00,281329700
11/04/2020,DLTA,4040.00,4040.00,4020.00,4040.00,11400
11/04/2020,DMAS,220.00,222.00,212.00,214.00,26532400
11/04/2020,DMMX,172.00,178.00,170.00,176.00,4791300
11/04/2020,DMND,900.00,900.00,885.00,900.00,6400
11/04/2020,DNAR,204.00,230.00,202.00,202.00,197600
11/04/2020,DNET,3450.00,3450.00,3450.00,3450.00,100
11/04/2020,DOID,234.00,240.00,232.00,232.00,10051400
11/04/2020,DPNS,246.00,248.00,232.00,232.00,43400
11/04/2020,DPUM,51.00,58.00,50.00,55.00,13882600
11/04/2020,DSFI,63.00,66.00,62.00,63.00,1009900
11/04/2020,DSNG,474.00,476.00,462.00,468.00,6468600
11/04/2020,DSSA,15650.00,15650.00,15650.00,15650.00,200
11/04/2020,DUCK,282.00,284.00,280.00,280.00,7175100
11/04/2020,DUTI,3450.00,3500.00,3400.00,3500.00,2200
11/04/2020,DVLA,2660.00,2660.00,2600.00,2610.00,31900
11/04/2020,DWGL,212.00,212.00,212.00,212.00,0
11/04/2020,DWGL-W,27.00,34.00,27.00,27.00,16900
11/04/2020,DYAN,50.00,50.00,50.00,50.00,11000
11/04/2020,EAST,56.00,56.00,54.00,54.00,567200
11/04/2020,EAST-W,6.00,7.00,5.00,6.00,4109000
11/04/2020,ECII,695.00,695.00,650.00,660.00,23400
11/04/2020,EKAD,1260.00,1260.00,1255.00,1255.00,159600
11/04/2020,ELSA,212.00,214.00,208.00,208.00,15869400
11/04/2020,ELTY,50.00,50.00,50.00,50.00,0
11/04/2020,EMDE,200.00,200.00,200.00,200.00,10000
11/04/2020,EMTK,9600.00,10600.00,9500.00,9700.00,24000
11/04/2020,ENRG,54.00,54.00,53.00,53.00,25682000
11/04/2020,ENVY,50.00,50.00,50.00,50.00,1114900
11/04/2020,ENZO,51.00,51.00,50.00,50.00,2379300
11/04/2020,ENZO-W,7.00,8.00,6.00,7.00,1191100
11/04/2020,EPAC,272.00,280.00,272.00,276.00,1250700
11/04/2020,EPMT,1860.00,1905.00,1860.00,1870.00,60300
11/04/2020,ERAA,1775.00,1800.00,1710.00,1710.00,12366700
11/04/2020,ERTX,113.00,118.00,113.00,118.00,200
11/04/2020,ESIP,99.00,104.00,94.00,95.00,70871300
11/04/2020,ESIP-W,10.00,11.00,9.00,10.00,1550000
11/04/2020,ESSA,138.00,142.00,135.00,137.00,4219300
11/04/2020,ESTA,99.00,99.00,97.00,97.00,41300
11/04/2020,ESTI,53.00,53.00,51.00,52.00,882900
11/04/2020,ETWA,62.00,62.00,62.00,62.00,0
11/04/2020,EXCL,2010.00,2040.00,1980.00,1985.00,27511600
11/04/2020,FAST,930.00,930.00,915.00,915.00,2900
11/04/2020,FASW,6500.00,6500.00,6500.00,6500.00,0
11/04/2020,FILM,196.00,204.00,196.00,198.00,1058400
11/04/2020,FINN,50.00,50.00,50.00,50.00,0
11/04/2020,FIRE,246.00,258.00,244.00,246.00,3488200
11/04/2020,FISH,2600.00,2600.00,2600.00,2600.00,200
11/04/2020,FITT,56.00,58.00,54.00,58.00,53600
11/04/2020,FITT-W,15.00,15.00,14.00,14.00,4400
11/04/2020,FMII,374.00,374.00,374.00,374.00,0
11/04/2020,FOOD,98.00,104.00,98.00,100.00,1355500
11/04/2020,FORU,85.00,95.00,81.00,81.00,7900
11/04/2020,FORZ,50.00,50.00,50.00,50.00,0
11/04/2020,FPNI,119.00,121.00,116.00,117.00,5735300
11/04/2020,FREN,68.00,70.00,66.00,67.00,124820000
11/04/2020,FREN-W,36.00,38.00,36.00,36.00,199300
11/04/2020,FUJI,110.00,110.00,105.00,110.00,50600
11/04/2020,GAMA,50.00,50.00,50.00,50.00,471200
11/04/2020,GDST,67.00,76.00,67.00,69.00,15465800
11/04/2020,GDYR,1385.00,1385.00,1385.00,1385.00,0
11/04/2020,GEMA,340.00,340.00,336.00,336.00,4200
11/04/2020,GEMS,2550.00,2550.00,2550.00,2550.00,0
11/04/2020,GGRM,40900.00,40950.00,40525.00,40575.00,880000
11/04/2020,GGRP,338.00,338.00,338.00,338.00,2300
11/04/2020,GHON,1660.00,1660.00,1610.00,1610.00,4200
11/04/2020,GIAA,242.00,248.00,238.00,238.00,19000400
11/04/2020,GJTL,456.00,500.00,456.00,482.00,36315600
11/04/2020,GLOB,120.00,120.00,114.00,114.00,700
11/04/2020,GLVA,310.00,326.00,310.00,326.00,5200
11/04/2020,GMFI,80.00,80.00,78.00,78.00,2872200
11/04/2020,GMTD,17975.00,17975.00,17975.00,17975.00,0
11/04/2020,GOLD,199.00,200.00,198.00,198.00,8300
11/04/2020,GOLL,50.00,50.00,50.00,50.00,0
11/04/2020,GOOD,1230.00,1240.00,1225.00,1235.00,230300
11/04/2020,GPRA,50.00,50.00,50.00,50.00,87100
11/04/2020,GREN,328.00,328.00,328.00,328.00,0
11/04/2020,GSMF,87.00,94.00,87.00,87.00,3000
11/04/2020,GTBO,75.00,75.00,75.00,75.00,0
11/04/2020,GWSA,95.00,101.00,95.00,96.00,518500
11/04/2020,GZCO,50.00,50.00,50.00,50.00,800
11/04/2020,HADE,50.00,50.00,50.00,50.00,5700
11/04/2020,HDFA,147.00,147.00,147.00,147.00,0
11/04/2020,HDIT,360.00,360.00,320.00,342.00,15100
11/04/2020,HDTX,120.00,120.00,120.00,120.00,0
11/04/2020,HEAL,3120.00,3200.00,3110.00,3150.00,403500
11/04/2020,HELI,216.00,222.00,202.00,204.00,5000
11/04/2020,HELI-W,7.00,8.00,6.00,6.00,125300
11/04/2020,HERO,805.00,835.00,805.00,810.00,5200
11/04/2020,HEXA,3000.00,3000.00,2970.00,2970.00,96600
11/04/2020,HITS,480.00,480.00,480.00,480.00,0
11/04/2020,HKMU,71.00,72.00,70.00,70.00,8280700
11/04/2020,HMSP,1420.00,1425.00,1405.00,1405.00,27708800
11/04/2020,HOKI,860.00,865.00,830.00,835.00,10563300
11/04/2020,HOKI-W,500.00,500.00,500.00,500.00,20100
11/04/2020,HOME,50.00,50.00,50.00,50.00,0
11/04/2020,HOMI,975.00,1005.00,975.00,995.00,1131400
11/04/2020,HOTL,50.00,50.00,50.00,50.00,38200
11/04/2020,HRME,50.00,50.00,50.00,50.00,28200
11/04/2020,HRTA,204.00,212.00,198.00,198.00,9593300
11/04/2020,HRUM,2270.00,2300.00,2120.00,2130.00,6920900
11/04/2020,IATA,50.00,50.00,50.00,50.00,12000
11/04/2020,IBFN,278.00,278.00,278.00,278.00,100
11/04/2020,IBFN-W,7.00,7.00,5.00,7.00,122000
11/04/2020,IBST,8000.00,8000.00,8000.00,8000.00,0
11/04/2020,ICBP,9750.00,9825.00,9750.00,9775.00,2680800
11/04/2020,ICON,54.00,56.00,54.00,56.00,31200
11/04/2020,IDPR,169.00,169.00,169.00,169.00,100
11/04/2020,IFII,110.00,127.00,110.00,123.00,808800
11/04/2020,IFSH,370.00,370.00,370.00,370.00,4400
11/04/2020,IGAR,320.00,326.00,318.00,318.00,72100
11/04/2020,IIKP,50.00,50.00,50.00,50.00,0
11/04/2020,IKAI,50.00,50.00,50.00,50.00,21111900
11/04/2020,IKAN,172.00,173.00,171.00,173.00,2507900
11/04/2020,IKBI,216.00,224.00,210.00,212.00,25700
11/04/2020,IMAS,730.00,740.00,695.00,695.00,24641500
11/04/2020,IMJS,234.00,240.00,224.00,224.00,3010000
11/04/2020,IMPC,1320.00,1355.00,1310.00,1355.00,1698000
11/04/2020,INAF,3170.00,3190.00,3100.00,3100.00,961300
11/04/2020,INAI,334.00,334.00,334.00,334.00,800
11/04/2020,INCF,57.00,59.00,54.00,54.00,439600
11/04/2020,INCI,660.00,670.00,645.00,655.00,120900
11/04/2020,INCO,4270.00,4290.00,4060.00,4090.00,23276600
11/04/2020,INDF,7050.00,7075.00,6950.00,6950.00,7124700
11/04/2020,INDO,102.00,107.00,102.00,105.00,23700
11/04/2020,INDO-W,16.00,20.00,16.00,19.00,209800
11/04/2020,INDR,2200.00,2260.00,2200.00,2260.00,200
11/04/2020,INDS,1925.00,1925.00,1885.00,1885.00,1500
11/04/2020,INDX,50.00,51.00,50.00,50.00,4500
11/04/2020,INDY,940.00,950.00,910.00,920.00,10519500
11/04/2020,INKP,9350.00,9350.00,8875.00,8900.00,5772800
11/04/2020,INOV,153.00,153.00,140.00,144.00,33500
11/04/2020,INPC,60.00,63.00,57.00,63.00,4205800
11/04/2020,INPC-W,4.00,4.00,4.00,4.00,1600200
11/04/2020,INPP,760.00,760.00,760.00,760.00,0
11/04/2020,INPS,1475.00,1475.00,1460.00,1465.00,578800
11/04/2020,INRU,920.00,920.00,920.00,920.00,0
11/04/2020,INTA,196.00,216.00,196.00,216.00,300
11/04/2020,INTD,156.00,156.00,146.00,146.00,600
11/04/2020,INTP,12300.00,12325.00,11850.00,12000.00,1787400
11/04/2020,IPCC,378.00,384.00,376.00,380.00,846000
11/04/2020,IPCM,228.00,228.00,220.00,220.00,7300
11/04/2020,IPOL,89.00,89.00,87.00,87.00,99300
11/04/2020,IPTV,292.00,292.00,288.00,292.00,11921800
11/04/2020,IPTV-W,27.00,28.00,26.00,26.00,140000
11/04/2020,IRRA,890.00,890.00,855.00,855.00,14355900
11/04/2020,ISAT,2040.00,2050.00,1990.00,1995.00,4331100
11/04/2020,ISSP,129.00,129.00,122.00,122.00,20544200
11/04/2020,ITIC,810.00,840.00,785.00,790.00,1339000
11/04/2020,ITMA,454.00,488.00,454.00,460.00,51800
11/04/2020,ITMA-W,49.00,50.00,49.00,50.00,200
11/04/2020,ITMG,8350.00,8375.00,8225.00,8275.00,1830300
11/04/2020,JAST,103.00,105.00,99.00,99.00,10736500
11/04/2020,JAWA,93.00,94.00,87.00,87.00,683900
11/04/2020,JAYA,113.00,117.00,112.00,112.00,1117300
11/04/2020,JAYA-W,11.00,13.00,11.00,11.00,1650900
11/04/2020,JECC,6500.00,6500.00,6500.00,6500.00,100
11/04/2020,JGLE,50.00,50.00,50.00,50.00,0
11/04/2020,JIHD,430.00,430.00,430.00,430.00,0
11/04/2020,JKON,340.00,340.00,340.00,340.00,50600
11/04/2020,JKSW,60.00,60.00,60.00,60.00,0
11/04/2020,JMAS,145.00,145.00,139.00,139.00,24000
11/04/2020,JPFA,1070.00,1080.00,1055.00,1065.00,11915000
11/04/2020,JRPT,416.00,420.00,412.00,414.00,2790100
11/04/2020,JSKY,222.00,236.00,214.00,218.00,118997100
11/04/2020,JSMR,3840.00,3860.00,3690.00,3700.00,14893300
11/04/2020,JSPT,935.00,935.00,930.00,930.00,3900
11/04/2020,JTPE,890.00,895.00,890.00,895.00,133900
11/04/2020,KAEF,3170.00,3200.00,3100.00,3110.00,3230700
11/04/2020,KARW,75.00,86.00,73.00,86.00,23469600
11/04/2020,KAYU,51.00,54.00,50.00,51.00,2789000
11/04/2020,KBAG,54.00,54.00,51.00,51.00,595006300
11/04/2020,KBAG-W,4.00,5.00,3.00,4.00,154088900
11/04/2020,KBLI,310.00,314.00,308.00,310.00,1026400
11/04/2020,KBLM,199.00,199.00,194.00,194.00,43400
11/04/2020,KBLV,378.00,380.00,378.00,380.00,20700
11/04/2020,KBRI,50.00,50.00,50.00,50.00,0
11/04/2020,KDSI,765.00,765.00,720.00,765.00,900
11/04/2020,KEEN,298.00,300.00,296.00,300.00,2167900
11/04/2020,KEJU,1150.00,1160.00,1140.00,1140.00,156600
11/04/2020,KIAS,50.00,50.00,50.00,50.00,0
11/04/2020,KICI,179.00,179.00,179.00,179.00,0
11/04/2020,KIJA,204.00,204.00,192.00,193.00,35112600
11/04/2020,KINO,2990.00,3000.00,2960.00,2970.00,18200
11/04/2020,KIOS,178.00,178.00,166.00,166.00,600
11/04/2020,KJEN,1315.00,1315.00,1315.00,1315.00,0
11/04/2020,KKGI,198.00,198.00,190.00,198.00,14600
11/04/2020,KLBF,1475.00,1490.00,1455.00,1455.00,38146400
11/04/2020,KMDS,635.00,635.00,565.00,575.00,21700
11/04/2020,KMTR,330.00,334.00,320.00,334.00,3400
11/04/2020,KOBX,102.00,103.00,101.00,103.00,520000
11/04/2020,KOIN,100.00,100.00,100.00,100.00,100
11/04/2020,KONI,398.00,418.00,398.00,418.00,500
11/04/2020,KOPI,446.00,446.00,446.00,446.00,0
11/04/2020,KOTA,284.00,284.00,282.00,282.00,35400
11/04/2020,KOTA-W,35.00,67.00,35.00,67.00,2100
11/04/2020,KPAL,50.00,51.00,50.00,50.00,4635200
11/04/2020,KPAS,56.00,65.00,56.00,60.00,12861300
11/04/2020,KPAS-W,21.00,23.00,20.00,20.00,208300
11/04/2020,KPIG,106.00,110.00,103.00,107.00,5264300
11/04/2020,KRAH,436.00,436.00,436.00,436.00,0
11/04/2020,KRAS,374.00,374.00,362.00,364.00,15885300
11/04/2020,KREN,88.00,90.00,86.00,87.00,7921600
11/04/2020,LAND,171.00,190.00,171.00,181.00,111600
11/04/2020,LAPD,50.00,50.00,50.00,50.00,0
11/04/2020,LCGP,114.00,114.00,114.00,114.00,0
11/04/2020,LCKM,332.00,346.00,332.00,338.00,23100
11/04/2020,LEAD,50.00,50.00,50.00,50.00,78500
11/04/2020,LIFE,5325.00,5325.00,5000.00,5000.00,2200
11/04/2020,LINK,2150.00,2170.00,2080.00,2080.00,4042300
11/04/2020,LION,226.00,226.00,226.00,226.00,100
11/04/2020,LMAS,50.00,50.00,50.00,50.00,12800
11/04/2020,LMPI,79.00,79.00,75.00,75.00,33300
11/04/2020,LMSH,262.00,268.00,262.00,268.00,1000
11/04/2020,LPCK,915.00,935.00,885.00,885.00,2918700
11/04/2020,LPGI,3300.00,3300.00,3300.00,3300.00,400
11/04/2020,LPIN,220.00,228.00,212.00,212.00,15800
11/04/2020,LPKR,140.00,141.00,133.00,133.00,36603800
11/04/2020,LPLI,77.00,78.00,77.00,77.00,22700
11/04/2020,LPPF,950.00,965.00,920.00,925.00,17684100
11/04/2020,LPPS,80.00,84.00,80.00,80.00,500
11/04/2020,LRNA,120.00,120.00,113.00,119.00,600
11/04/2020,LSIP,995.00,995.00,950.00,955.00,25679700
11/04/2020,LTLS,440.00,440.00,430.00,430.00,4600
11/04/2020,LUCK,170.00,170.00,160.00,161.00,2772200
11/04/2020,MABA,50.00,50.00,50.00,50.00,0
11/04/2020,MAGP,50.00,50.00,50.00,50.00,1200
11/04/2020,MAIN,565.00,575.00,555.00,555.00,1954500
11/04/2020,MAMI,50.00,50.00,50.00,50.00,129300
11/04/2020,MAMI-W,6.00,6.00,5.00,5.00,233400
11/04/2020,MAMIP,600.00,600.00,600.00,600.00,0
11/04/2020,MAPA,1970.00,2000.00,1970.00,1975.00,101100
11/04/2020,MAPB,1250.00,1250.00,1250.00,1250.00,6100
11/04/2020,MAPI,645.00,645.00,620.00,630.00,7021900
11/04/2020,MARI,50.00,50.00,50.00,50.00,2400
11/04/2020,MARK,870.00,890.00,860.00,865.00,3759100
11/04/2020,MASA,670.00,670.00,625.00,625.00,1400
11/04/2020,MAYA,7250.00,7500.00,7250.00,7500.00,1800
11/04/2020,MBAP,2230.00,2260.00,2220.00,2230.00,125600
11/04/2020,MBSS,376.00,376.00,372.00,374.00,152400
11/04/2020,MBTO,84.00,84.00,80.00,80.00,2000
11/04/2020,MCAS,2040.00,2070.00,1995.00,1995.00,1347900
11/04/2020,MCOR,118.00,120.00,117.00,119.00,3597400
11/04/2020,MDIA,50.00,50.00,50.00,50.00,300
11/04/2020,MDKA,1885.00,1890.00,1850.00,1860.00,55645400
11/04/2020,MDKI,162.00,164.00,158.00,160.00,113300
11/04/2020,MDLN,51.00,51.00,51.00,51.00,0
11/04/2020,MDRN,50.00,50.00,50.00,50.00,100
11/04/2020,MEDC,378.00,382.00,368.00,368.00,51241400
11/04/2020,MEDC-W,9.00,10.00,6.00,7.00,65367500
11/04/2020,MEGA,7100.00,7100.00,7100.00,7100.00,500
11/04/2020,MERK,3070.00,3150.00,3040.00,3060.00,24800
11/04/2020,META,109.00,111.00,109.00,110.00,411900
11/04/2020,MFIN,1145.00,1145.00,1120.00,1120.00,20500
11/04/2020,MFMI,535.00,535.00,515.00,520.00,8100
11/04/2020,MGNA,50.00,50.00,50.00,50.00,0
11/04/2020,MGRO,785.00,800.00,765.00,770.00,1575800
11/04/2020,MICE,302.00,302.00,294.00,294.00,2300
11/04/2020,MIDI,1500.00,1500.00,1500.00,1500.00,0
11/04/2020,MIKA,2500.00,2530.00,2400.00,2430.00,26311000
11/04/2020,MINA,50.00,50.00,50.00,50.00,0
11/04/2020,MIRA,50.00,50.00,50.00,50.00,0
11/04/2020,MITI,51.00,51.00,51.00,51.00,0
11/04/2020,MKNT,50.00,50.00,50.00,50.00,278600
11/04/2020,MKPI,23900.00,23900.00,23900.00,23900.00,100
11/04/2020,MLBI,9400.00,9400.00,9150.00,9300.00,17900
11/04/2020,MLIA,454.00,484.00,454.00,484.00,8261900
11/04/2020,MLPL,50.00,51.00,50.00,50.00,4866200
11/04/2020,MLPT,590.00,590.00,585.00,585.00,7100
11/04/2020,MMLP,270.00,270.00,260.00,262.00,3490600
11/04/2020,MNCN,820.00,845.00,810.00,815.00,80810900
11/04/2020,MOLI,850.00,850.00,850.00,850.00,1000
11/04/2020,MPMX,392.00,396.00,364.00,368.00,40052500
11/04/2020,MPOW,58.00,72.00,58.00,62.00,4765400
11/04/2020,MPPA,93.00,94.00,92.00,92.00,434800
11/04/2020,MPRO,1190.00,1335.00,1190.00,1300.00,7000
11/04/2020,MRAT,134.00,135.00,131.00,135.00,14800
11/04/2020,MREI,4780.00,4780.00,4780.00,4780.00,0
11/04/2020,MSIN,302.00,302.00,294.00,298.00,286700
11/04/2020,MSKY,700.00,710.00,700.00,710.00,30500
11/04/2020,MTDL,1610.00,1615.00,1580.00,1580.00,2512100
11/04/2020,MTFN,50.00,50.00,50.00,50.00,800
11/04/2020,MTLA,446.00,446.00,446.00,446.00,5100
11/04/2020,MTPS,300.00,370.00,290.00,330.00,138200
11/04/2020,MTRA,244.00,244.00,244.00,244.00,0
11/04/2020,MTSM,216.00,216.00,216.00,216.00,0
11/04/2020,MTWI,57.00,70.00,54.00,55.00,8771900
11/04/2020,MYOH,1110.00,1145.00,1110.00,1140.00,20800
11/04/2020,MYOR,2370.00,2370.00,2300.00,2330.00,3220700
11/04/2020,MYRX,50.00,50.00,50.00,50.00,0
11/04/2020,MYRXP,50.00,50.00,50.00,50.00,0
11/04/2020,MYTX,52.00,52.00,50.00,52.00,31200
11/04/2020,NASA,104.00,104.00,104.00,104.00,0
11/04/2020,NATO,520.00,525.00,505.00,515.00,206698600
11/04/2020,NATO-W,250.00,250.00,250.00,250.00,100
11/04/2020,NELY,135.00,147.00,134.00,134.00,44600
11/04/2020,NFCX,2000.00,2000.00,1850.00,1850.00,1600
11/04/2020,NICK,296.00,298.00,292.00,298.00,600
11/04/2020,NIKL,770.00,800.00,750.00,755.00,929800
11/04/2020,NIPS,282.00,282.00,282.00,282.00,0
11/04/2020,NIRO,147.00,147.00,147.00,147.00,100
11/04/2020,NISP,730.00,730.00,715.00,715.00,366800
11/04/2020,NOBU,820.00,820.00,815.00,815.00,700
11/04/2020,NRCA,304.00,304.00,304.00,304.00,30100
11/04/2020,NUSA,50.00,50.00,50.00,50.00,0
11/04/2020,NZIA,175.00,212.00,175.00,175.00,235800
11/04/2020,OASA,430.00,430.00,430.00,430.00,100
11/04/2020,OCAP,159.00,159.00,159.00,159.00,0
11/04/2020,OKAS,96.00,132.00,96.00,115.00,98474200
11/04/2020,OMRE,340.00,340.00,340.00,340.00,0
11/04/2020,OPMS,164.00,165.00,163.00,163.00,233800
11/04/2020,PADI,50.00,50.00,50.00,50.00,100
11/04/2020,PALM,342.00,342.00,326.00,326.00,566900
11/04/2020,PAMG,99.00,104.00,97.00,99.00,49280400
11/04/2020,PANI,100.00,106.00,99.00,106.00,1102100
11/04/2020,PANR,88.00,91.00,87.00,89.00,1006400
11/04/2020,PANS,810.00,810.00,795.00,795.00,50600
11/04/2020,PBID,1100.00,1135.00,1085.00,1090.00,519500
11/04/2020,PBRX,226.00,248.00,226.00,228.00,407800
11/04/2020,PBSA,620.00,620.00,620.00,620.00,100
11/04/2020,PCAR,290.00,362.00,270.00,354.00,10000
11/04/2020,PDES,220.00,272.00,206.00,222.00,22600
11/04/2020,PEGE,117.00,117.00,117.00,117.00,10500
11/04/2020,PEHA,1530.00,1550.00,1485.00,1490.00,174400
11/04/2020,PGAS,1085.00,1090.00,1050.00,1050.00,71755300
11/04/2020,PGJO,36.00,36.00,32.00,34.00,66600
11/04/2020,PGLI,163.00,198.00,163.00,198.00,8000
11/04/2020,PGUN,236.00,236.00,226.00,226.00,20300
11/04/2020,PICO,138.00,150.00,138.00,139.00,2296900
11/04/2020,PJAA,494.00,510.00,494.00,500.00,96500
11/04/2020,PKPK,50.00,52.00,50.00,50.00,663600
11/04/2020,PLAN,242.00,250.00,218.00,224.00,12385600
11/04/2020,PLAN-W,6.00,6.00,5.00,6.00,2542800
11/04/2020,PLAS,50.00,50.00,50.00,50.00,0
11/04/2020,PLIN,2490.00,2590.00,2490.00,2590.00,2500
11/04/2020,PMJS,129.00,129.00,129.00,129.00,100
11/04/2020,PNBN,805.00,810.00,785.00,785.00,4630300
11/04/2020,PNBS,75.00,88.00,71.00,83.00,873805900
11/04/2020,PNGO,640.00,640.00,580.00,605.00,3400
11/04/2020,PNIN,700.00,720.00,695.00,700.00,92400
11/04/2020,PNLF,196.00,198.00,192.00,192.00,32577800
11/04/2020,PNSE,600.00,800.00,600.00,800.00,2800
11/04/2020,POLA,54.00,54.00,54.00,54.00,200
11/04/2020,POLA-W,49.00,49.00,49.00,49.00,0
11/04/2020,POLI,1055.00,1055.00,975.00,1000.00,6100
11/04/2020,POLL,5025.00,6175.00,4890.00,4980.00,130400
11/04/2020,POLU,1035.00,1035.00,1035.00,1035.00,0
11/04/2020,POLY,50.00,50.00,50.00,50.00,15100
11/04/2020,POOL,50.00,50.00,50.00,50.00,0
11/04/2020,PORT,478.00,478.00,478.00,478.00,0
11/04/2020,POSA,50.00,50.00,50.00,50.00,5300
11/04/2020,POSA-W,2.00,2.00,1.00,2.00,1824800
11/04/2020,POWR,610.00,615.00,595.00,595.00,4906100
11/04/2020,PPGL,312.00,316.00,300.00,300.00,4081200
11/04/2020,PPGL-W,14.00,14.00,12.00,13.00,3509100
11/04/2020,PPRE,187.00,192.00,178.00,178.00,46185800
11/04/2020,PPRO,50.00,50.00,50.00,50.00,10885200
11/04/2020,PRAS,106.00,112.00,106.00,112.00,1200
11/04/2020,PRDA,2910.00,2910.00,2850.00,2900.00,102700
11/04/2020,PRIM,232.00,246.00,232.00,246.00,300
11/04/2020,PRIM-W,5.00,5.00,5.00,5.00,66600
11/04/2020,PSAB,206.00,212.00,204.00,206.00,21274400
11/04/2020,PSDN,105.00,112.00,103.00,109.00,664800
11/04/2020,PSGO,100.00,102.00,99.00,100.00,151500
11/04/2020,PSKT,50.00,50.00,50.00,50.00,0
11/04/2020,PSSI,175.00,178.00,173.00,173.00,565800
11/04/2020,PTBA,1955.00,1965.00,1935.00,1935.00,16673900
11/04/2020,PTIS,154.00,154.00,154.00,154.00,100
11/04/2020,PTPP,915.00,925.00,890.00,895.00,15645100
11/04/2020,PTPW,1150.00,1150.00,1105.00,1150.00,24000
11/04/2020,PTRO,1700.00,1710.00,1665.00,1670.00,905300
11/04/2020,PTSN,274.00,274.00,244.00,246.00,45238000
11/04/2020,PTSP,4790.00,4790.00,4790.00,4790.00,100
11/04/2020,PUDP,206.00,242.00,206.00,208.00,1100
11/04/2020,PURA,129.00,129.00,127.00,129.00,250312400
11/04/2020,PURA-W,19.00,20.00,18.00,19.00,8874700
11/04/2020,PURE,282.00,284.00,262.00,262.00,24658400
11/04/2020,PURE-W,33.00,34.00,29.00,30.00,5387400
11/04/2020,PURI,324.00,324.00,324.00,324.00,0
11/04/2020,PWON,426.00,430.00,412.00,412.00,108619800
11/04/2020,PYFA,910.00,915.00,860.00,865.00,774200
11/04/2020,PZZA,605.00,620.00,600.00,615.00,728700
11/04/2020,R-ABFII,28600.00,28600.00,28600.00,28600.00,0
11/04/2020,R-LQ45X,830.00,830.00,823.00,823.00,24600
11/04/2020,RAJA,132.00,136.00,128.00,128.00,19719400
11/04/2020,RALS,550.00,555.00,545.00,550.00,7054800
11/04/2020,RANC,404.00,408.00,398.00,398.00,613600
11/04/2020,RBMS,50.00,51.00,50.00,51.00,686100
11/04/2020,RDTX,5600.00,5600.00,5600.00,5600.00,300
11/04/2020,REAL,50.00,50.00,50.00,50.00,288700
11/04/2020,REAL-W,2.00,2.00,1.00,1.00,3952800
11/04/2020,RELI,280.00,280.00,264.00,264.00,3800
11/04/2020,RICY,91.00,92.00,91.00,92.00,117500
11/04/2020,RIGS,234.00,234.00,224.00,224.00,47100
11/04/2020,RIMO,50.00,50.00,50.00,50.00,0
11/04/2020,RISE,442.00,444.00,442.00,442.00,352500
11/04/2020,RMBA,368.00,384.00,360.00,368.00,101700
11/04/2020,ROCK,1105.00,1150.00,1030.00,1030.00,4300
11/04/2020,RODA,53.00,60.00,51.00,53.00,3523800
11/04/2020,RONY,470.00,470.00,464.00,464.00,962900
11/04/2020,ROTI,1265.00,1300.00,1265.00,1300.00,3071400
11/04/2020,RUIS,326.00,338.00,322.00,328.00,342800
11/04/2020,SAFE,189.00,190.00,185.00,190.00,265500
11/04/2020,SAME,167.00,177.00,163.00,165.00,230634300
11/04/2020,SAMF,384.00,384.00,384.00,384.00,600
11/04/2020,SAPX,2150.00,2150.00,2150.00,2150.00,100
11/04/2020,SATU,50.00,50.00,50.00,50.00,25200
11/04/2020,SBAT,80.00,89.00,78.00,81.00,27531100
11/04/2020,SBAT-W,8.00,9.00,8.00,9.00,16137400
11/04/2020,SCCO,9800.00,10350.00,9750.00,10350.00,3800
11/04/2020,SCMA,1500.00,1525.00,1460.00,1480.00,10195300
11/04/2020,SCNP,224.00,228.00,224.00,228.00,33800
11/04/2020,SCPI,29000.00,29000.00,29000.00,29000.00,0
11/04/2020,SDMU,50.00,50.00,50.00,50.00,400
11/04/2020,SDPC,103.00,103.00,99.00,102.00,55900
11/04/2020,SDRA,795.00,795.00,795.00,795.00,0
11/04/2020,SFAN,1020.00,1020.00,1015.00,1020.00,600800
11/04/2020,SGER,505.00,520.00,500.00,500.00,2657000
11/04/2020,SGER-W,230.00,230.00,195.00,220.00,34100
11/04/2020,SGRO,1300.00,1390.00,1280.00,1285.00,5841100
11/04/2020,SHID,3500.00,3500.00,3500.00,3500.00,0
11/04/2020,SHIP,575.00,585.00,555.00,560.00,450200
11/04/2020,SIDO,815.00,825.00,810.00,815.00,18617400
11/04/2020,SILO,5050.00,5050.00,4950.00,4990.00,335200
11/04/2020,SIMA,50.00,50.00,50.00,50.00,0
11/04/2020,SIMP,326.00,330.00,322.00,324.00,5090800
11/04/2020,SINI,438.00,438.00,390.00,422.00,360300
11/04/2020,SINI-W,378.00,378.00,226.00,266.00,2700
11/04/2020,SIPD,1250.00,1250.00,1230.00,1230.00,22800
11/04/2020,SKBM,326.00,400.00,320.00,376.00,3300
11/04/2020,SKLT,1370.00,1370.00,1370.00,1370.00,0
11/04/2020,SKRN,550.00,550.00,535.00,535.00,44900
11/04/2020,SKYB,51.00,51.00,51.00,51.00,0
11/04/2020,SLIS,4800.00,4920.00,4780.00,4810.00,78500
11/04/2020,SMAR,2970.00,2970.00,2920.00,2920.00,6500
11/04/2020,SMBR,505.00,510.00,492.00,494.00,8805500
11/04/2020,SMCB,1055.00,1075.00,1050.00,1065.00,34100
11/04/2020,SMDM,99.00,105.00,98.00,104.00,4900
11/04/2020,SMDR,278.00,284.00,268.00,270.00,4055500
11/04/2020,SMGR,9150.00,9625.00,9100.00,9125.00,22080400
11/04/2020,SMKL,181.00,185.00,181.00,185.00,973300
11/04/2020,SMKL-W,10.00,12.00,10.00,10.00,102900
11/04/2020,SMMA,16300.00,16300.00,16300.00,16300.00,0
11/04/2020,SMMT,85.00,85.00,83.00,83.00,36600
11/04/2020,SMRA,655.00,660.00,620.00,625.00,25185500
11/04/2020,SMRU,50.00,50.00,50.00,50.00,0
11/04/2020,SMSM,1310.00,1330.00,1305.00,1325.00,2469800
11/04/2020,SOCI,120.00,122.00,117.00,117.00,6769500
11/04/2020,SOFA,109.00,118.00,107.00,107.00,48900
11/04/2020,SOFA-W,5.00,6.00,5.00,5.00,8519400
11/04/2020,SOHO,5700.00,5850.00,5325.00,5525.00,28100
11/04/2020,SONA,6250.00,6250.00,6250.00,6250.00,0
11/04/2020,SOSS,436.00,462.00,406.00,434.00,93400
11/04/2020,SOSS-W,125.00,125.00,55.00,55.00,18200
11/04/2020,SOTS,226.00,226.00,226.00,226.00,100
11/04/2020,SOTS-W,26.00,26.00,26.00,26.00,0
11/04/2020,SPMA,282.00,282.00,282.00,282.00,173200
11/04/2020,SPTO,400.00,404.00,400.00,400.00,229700
11/04/2020,SQMI,204.00,214.00,200.00,212.00,28883200
11/04/2020,SRAJ,125.00,137.00,125.00,134.00,2900
11/04/2020,SRIL,232.00,234.00,214.00,214.00,131975800
11/04/2020,SRSN,54.00,58.00,54.00,57.00,24266400
11/04/2020,SRTG,3350.00,3350.00,3320.00,3340.00,426600
11/04/2020,SSIA,492.00,496.00,478.00,478.00,34863300
11/04/2020,SSMS,815.00,815.00,800.00,810.00,132900
11/04/2020,SSTM,550.00,565.00,530.00,565.00,29500
11/04/2020,STAR,127.00,127.00,109.00,109.00,48600
11/04/2020,STTP,6900.00,6900.00,6900.00,6900.00,200
11/04/2020,SUGI,50.00,50.00,50.00,50.00,0
11/04/2020,SULI,50.00,50.00,50.00,50.00,100
11/04/2020,SUPR,3850.00,3850.00,3850.00,3850.00,0
11/04/2020,SURE,2950.00,2950.00,2880.00,2950.00,159700
11/04/2020,SWAT,100.00,100.00,98.00,99.00,57300
11/04/2020,TALF,282.00,282.00,282.00,282.00,0
11/04/2020,TAMA,206.00,208.00,197.00,199.00,5993400
11/04/2020,TAMA-W,11.00,12.00,7.00,8.00,20239500
11/04/2020,TAMU,50.00,50.00,50.00,50.00,28300
11/04/2020,TARA,50.00,50.00,50.00,50.00,0
11/04/2020,TAXI,50.00,50.00,50.00,50.00,10300
11/04/2020,TBIG,1460.00,1460.00,1410.00,1425.00,22908000
11/04/2020,TBLA,740.00,755.00,740.00,745.00,1489100
11/04/2020,TBMS,715.00,720.00,685.00,720.00,999800
11/04/2020,TCID,6525.00,6575.00,6525.00,6575.00,700
11/04/2020,TCPI,6250.00,6275.00,6200.00,6225.00,9224100
11/04/2020,TDPM,122.00,123.00,118.00,118.00,2832900
11/04/2020,TEBE,1130.00,1130.00,1130.00,1130.00,151200
11/04/2020,TECH,153.00,153.00,146.00,146.00,357100
11/04/2020,TELE,121.00,121.00,121.00,121.00,0
11/04/2020,TFAS,170.00,171.00,163.00,163.00,2200
11/04/2020,TFCO,500.00,520.00,500.00,520.00,200
11/04/2020,TGKA,10200.00,10200.00,10200.00,10200.00,100
11/04/2020,TGRA,93.00,100.00,93.00,95.00,13744600
11/04/2020,TIFA,515.00,515.00,480.00,480.00,40400
11/04/2020,TINS,865.00,875.00,835.00,835.00,34642800
11/04/2020,TIRA,268.00,268.00,268.00,268.00,100
11/04/2020,TIRT,52.00,52.00,52.00,52.00,100
11/04/2020,TKIM,6475.00,6525.00,6150.00,6175.00,6409300
11/04/2020,TLKM,2600.00,2640.00,2580.00,2580.00,150678200
11/04/2020,TMAS,116.00,118.00,108.00,110.00,11565600
11/04/2020,TMPO,110.00,119.00,110.00,112.00,2400
11/04/2020,TNCA,288.00,296.00,288.00,296.00,164400
11/04/2020,TOBA,380.00,380.00,356.00,378.00,111700
11/04/2020,TOPS,50.00,50.00,50.00,50.00,0
11/04/2020,TOTL,282.00,288.00,282.00,282.00,750300
11/04/2020,TOTO,210.00,210.00,210.00,210.00,5100
11/04/2020,TOWR,990.00,995.00,975.00,985.00,96690500
11/04/2020,TOYS,520.00,525.00,510.00,510.00,2086400
11/04/2020,TOYS-W,12.00,12.00,11.00,11.00,1659900
11/04/2020,TPIA,7950.00,7975.00,7900.00,7950.00,2444200
11/04/2020,TPMA,320.00,320.00,318.00,318.00,800
11/04/2020,TRAM,50.00,50.00,50.00,50.00,0
11/04/2020,TRAM-W,11.00,11.00,11.00,11.00,0
11/04/2020,TRIL,50.00,50.00,50.00,50.00,0
11/04/2020,TRIM,109.00,109.00,109.00,109.00,200
11/04/2020,TRIN,360.00,398.00,328.00,370.00,110347300
11/04/2020,TRIN-W,11.00,12.00,10.00,11.00,49806600
11/04/2020,TRIO,426.00,426.00,426.00,426.00,0
11/04/2020,TRIS,218.00,218.00,218.00,218.00,0
11/04/2020,TRIS-W,50.00,50.00,50.00,50.00,0
11/04/2020,TRJA,152.00,154.00,150.00,150.00,269200
11/04/2020,TRST,390.00,390.00,390.00,390.00,0
11/04/2020,TRUK,146.00,153.00,143.00,143.00,8245700
11/04/2020,TRUS,324.00,324.00,324.00,324.00,0
11/04/2020,TSPC,1270.00,1270.00,1255.00,1255.00,261200
11/04/2020,TUGU,1300.00,1360.00,1300.00,1350.00,68700
11/04/2020,TURI,1260.00,1260.00,1255.00,1260.00,142300
11/04/2020,UANG,230.00,230.00,200.00,202.00,47800
11/04/2020,UCID,1630.00,1650.00,1620.00,1635.00,240700
11/04/2020,ULTJ,1655.00,1665.00,1635.00,1640.00,2417800
11/04/2020,UNIC,3820.00,3820.00,3820.00,3820.00,0
11/04/2020,UNIT,155.00,155.00,143.00,143.00,5400
11/04/2020,UNSP,76.00,80.00,74.00,75.00,187300
11/04/2020,UNTR,21100.00,21150.00,20525.00,20600.00,2836300
11/04/2020,UNVR,7850.00,7950.00,7800.00,7800.00,6185300
11/04/2020,URBN,1395.00,1395.00,1395.00,1395.00,0
11/04/2020,URBN-W,15.00,16.00,15.00,16.00,700
11/04/2020,VICO,80.00,80.00,78.00,78.00,2800
11/04/2020,VINS,94.00,95.00,93.00,93.00,35300
11/04/2020,VIVA,50.00,50.00,50.00,50.00,11000
11/04/2020,VOKS,195.00,199.00,195.00,199.00,36000
11/04/2020,VRNA,103.00,103.00,103.00,103.00,100
11/04/2020,WAPO,66.00,74.00,65.00,65.00,8500
11/04/2020,WEGE,180.00,182.00,175.00,175.00,10141500
11/04/2020,WEHA,54.00,56.00,54.00,56.00,595700
11/04/2020,WICO,590.00,590.00,590.00,590.00,0
11/04/2020,WIIM,480.00,505.00,462.00,462.00,64571300
11/04/2020,WIKA,1210.00,1225.00,1150.00,1165.00,12111900
11/04/2020,WINS,98.00,99.00,96.00,98.00,1593400
11/04/2020,WOMF,224.00,228.00,218.00,220.00,302900
11/04/2020,WOOD,505.00,565.00,490.00,505.00,112096700
11/04/2020,WOWS,65.00,69.00,63.00,64.00,27786900
11/04/2020,WSBP,162.00,163.00,154.00,154.00,68832000
11/04/2020,WSKT,765.00,785.00,735.00,735.00,116209400
11/04/2020,WTON,256.00,256.00,242.00,244.00,6584100
11/04/2020,XAFA,1065.00,1065.00,1065.00,1065.00,0
11/04/2020,XAQA,781.00,781.00,775.00,775.00,400
11/04/2020,XASG,87.00,87.00,87.00,87.00,0
11/04/2020,XBES,812.00,812.00,812.00,812.00,100
11/04/2020,XBID,442.00,442.00,442.00,442.00,1100
11/04/2020,XBIN,427.00,427.00,427.00,427.00,0
11/04/2020,XBLQ,383.00,383.00,383.00,383.00,0
11/04/2020,XBNI,872.00,872.00,872.00,872.00,600
11/04/2020,XBSK,330.00,330.00,330.00,330.00,0
11/04/2020,XCID,80.00,80.00,79.00,79.00,8100
11/04/2020,XCIS,105.00,105.00,105.00,105.00,0
11/04/2020,XCLQ,83.00,83.00,81.00,83.00,1100
11/04/2020,XDIF,370.00,370.00,370.00,370.00,0
11/04/2020,XIHD,396.00,396.00,396.00,396.00,1300
11/04/2020,XIIC,893.00,893.00,893.00,893.00,0
11/04/2020,XIID,430.00,430.00,430.00,430.00,100
11/04/2020,XIIF,470.00,470.00,465.00,465.00,31100
11/04/2020,XIIT,451.00,451.00,442.00,442.00,6400
11/04/2020,XIJI,554.00,554.00,554.00,554.00,0
11/04/2020,XILV,99.00,99.00,95.00,95.00,700
11/04/2020,XIML,225.00,225.00,225.00,225.00,0
11/04/2020,XIPI,141.00,141.00,141.00,141.00,100
11/04/2020,XISB,398.00,398.00,398.00,398.00,0
11/04/2020,XISC,527.00,527.00,527.00,527.00,0
11/04/2020,XISI,258.00,258.00,256.00,256.00,800
11/04/2020,XISR,330.00,330.00,326.00,326.00,7300
11/04/2020,XKIV,383.00,383.00,375.00,375.00,1500
11/04/2020,XMIG,140.00,140.00,140.00,140.00,2000
11/04/2020,XMJM,1001.00,1001.00,1001.00,1001.00,0
11/04/2020,XMTS,407.00,407.00,407.00,407.00,0
11/04/2020,XNVE,121.00,121.00,121.00,121.00,200
11/04/2020,XPCR,759.00,759.00,759.00,759.00,100
11/04/2020,XPDV,388.00,388.00,388.00,388.00,0
11/04/2020,XPES,346.00,346.00,346.00,346.00,0
11/04/2020,XPFT,605.00,605.00,605.00,605.00,100
11/04/2020,XPID,438.00,438.00,438.00,438.00,0
11/04/2020,XPLC,397.00,397.00,397.00,397.00,0
11/04/2020,XPLQ,418.00,418.00,418.00,418.00,0
11/04/2020,XPMI,785.00,785.00,785.00,785.00,0
11/04/2020,XPSG,374.00,374.00,374.00,374.00,0
11/04/2020,XPTD,422.00,422.00,422.00,422.00,0
11/04/2020,XSBC,90.00,90.00,90.00,90.00,0
11/04/2020,XSMU,106.00,106.00,106.00,106.00,0
11/04/2020,XSPI,750.00,750.00,750.00,750.00,0
11/04/2020,XSRI,152.00,152.00,152.00,152.00,0
11/04/2020,XSSI,77.00,77.00,77.00,77.00,0
11/04/2020,XSSK,559.00,559.00,559.00,559.00,100
11/04/2020,YELO,50.00,50.00,50.00,50.00,21500
11/04/2020,YELO-W,7.00,7.00,6.00,6.00,200
11/04/2020,YPAS,222.00,256.00,222.00,256.00,2400
11/04/2020,YULE,240.00,240.00,240.00,240.00,0
11/04/2020,ZBRA,50.00,50.00,50.00,50.00,20000
11/04/2020,ZINC,117.00,120.00,115.00,116.00,515169300
11/04/2020,ZONE,392.00,392.00,392.00,392.00,143500
