<date>,<ticker>,<open>,<high>,<low>,<close>,<volume>
07/03/2020,AALI,8500.00,8575.00,8475.00,8550.00,1151800
07/03/2020,ABBA,50.00,50.00,50.00,50.00,1041200
07/03/2020,ABDA,5975.00,6250.00,5975.00,6250.00,3800
07/03/2020,ABMM,1400.00,1400.00,1400.00,1400.00,200
07/03/2020,ACES,1500.00,1505.00,1470.00,1490.00,5860300
07/03/2020,ACST,276.00,286.00,266.00,266.00,1182600
07/03/2020,ADES,850.00,870.00,840.00,845.00,25200
07/03/2020,ADHI,675.00,690.00,635.00,640.00,86652000
07/03/2020,ADMF,7200.00,7200.00,7100.00,7150.00,78600
07/03/2020,ADMG,101.00,106.00,100.00,104.00,1348400
07/03/2020,ADRO,1060.00,1080.00,1035.00,1040.00,55575100
07/03/2020,AGAR,500.00,500.00,480.00,480.00,300
07/03/2020,AGII,610.00,615.00,570.00,570.00,1477600
07/03/2020,AGRO,123.00,129.00,121.00,125.00,20239500
07/03/2020,AGRS,95.00,103.00,95.00,98.00,139800
07/03/2020,AHAP,50.00,50.00,50.00,50.00,10100
07/03/2020,AIMS,180.00,180.00,180.00,180.00,0
07/03/2020,AISA,168.00,168.00,168.00,168.00,0
07/03/2020,AKKU,50.00,50.00,50.00,50.00,900
07/03/2020,AKPI,296.00,296.00,296.00,296.00,0
07/03/2020,AKRA,2480.00,2510.00,2470.00,2490.00,14219500
07/03/2020,AKSI,476.00,476.00,444.00,444.00,336500
07/03/2020,ALDO,372.00,372.00,372.00,372.00,200
07/03/2020,ALKA,430.00,430.00,430.00,430.00,0
07/03/2020,ALMI,234.00,234.00,204.00,224.00,21200
07/03/2020,ALTO,386.00,386.00,386.00,386.00,0
07/03/2020,AMAG,274.00,274.00,264.00,272.00,20300
07/03/2020,AMAN,196.00,196.00,196.00,196.00,199200
07/03/2020,AMAR,308.00,384.00,308.00,384.00,1776400
07/03/2020,AMFG,3070.00,3070.00,2860.00,2860.00,62100
07/03/2020,AMIN,264.00,264.00,264.00,264.00,1800
07/03/2020,AMOR,1985.00,2000.00,1960.00,2000.00,12500
07/03/2020,AMRT,795.00,800.00,785.00,790.00,107000
07/03/2020,ANDI,50.00,50.00,50.00,50.00,2200
07/03/2020,ANJT,520.00,520.00,520.00,520.00,400
07/03/2020,ANTM,615.00,615.00,600.00,600.00,30660200
07/03/2020,APEX,191.00,200.00,178.00,183.00,247500
07/03/2020,APIC,805.00,825.00,805.00,825.00,10771200
07/03/2020,APII,210.00,210.00,210.00,210.00,0
07/03/2020,APLI,95.00,106.00,89.00,104.00,4100
07/03/2020,APLN,115.00,118.00,112.00,113.00,13131200
07/03/2020,ARGO,820.00,820.00,820.00,820.00,0
07/03/2020,ARII,550.00,550.00,540.00,540.00,14000
07/03/2020,ARKA,360.00,360.00,346.00,346.00,55100
07/03/2020,ARMY,50.00,50.00,50.00,50.00,0
07/03/2020,ARNA,380.00,380.00,368.00,374.00,2559300
07/03/2020,ARTA,320.00,364.00,320.00,358.00,6800
07/03/2020,ARTI,50.00,50.00,50.00,50.00,0
07/03/2020,ARTO,2800.00,3400.00,2600.00,2900.00,7740700
07/03/2020,ASBI,300.00,314.00,300.00,302.00,11900
07/03/2020,ASDM,910.00,910.00,910.00,910.00,0
07/03/2020,ASGR,685.00,685.00,665.00,670.00,415800
07/03/2020,ASII,4880.00,4910.00,4840.00,4850.00,20400200
07/03/2020,ASJT,122.00,122.00,122.00,122.00,100
07/03/2020,ASMI,1200.00,1210.00,1200.00,1205.00,45600
07/03/2020,ASPI,366.00,380.00,346.00,346.00,17907000
07/03/2020,ASPI-W,47.00,48.00,45.00,46.00,2047600
07/03/2020,ASRI,133.00,135.00,127.00,128.00,72525200
07/03/2020,ASRM,1980.00,2000.00,1970.00,1985.00,3100
07/03/2020,ASSA,406.00,418.00,406.00,406.00,6803400
07/03/2020,ATIC,870.00,870.00,870.00,870.00,0
07/03/2020,AUTO,900.00,900.00,885.00,885.00,692900
07/03/2020,AYLS,50.00,50.00,50.00,50.00,3500
07/03/2020,AYLS-W,4.00,5.00,3.00,4.00,764800
07/03/2020,BABP,50.00,50.00,50.00,50.00,13000
07/03/2020,BABP-W3,31.00,31.00,31.00,31.00,0
07/03/2020,BABP-W4,8.00,8.00,7.00,8.00,276300
07/03/2020,BACA,372.00,390.00,370.00,390.00,62000
07/03/2020,BACA-W2,100.00,100.00,100.00,100.00,0
07/03/2020,BAJA,58.00,59.00,58.00,59.00,95200
07/03/2020,BALI,890.00,890.00,840.00,840.00,200
07/03/2020,BAPA,50.00,50.00,50.00,50.00,0
07/03/2020,BAPI,50.00,50.00,50.00,50.00,4200
07/03/2020,BAPI-W,2.00,3.00,2.00,2.00,889500
07/03/2020,BATA,550.00,550.00,550.00,550.00,800
07/03/2020,BAYU,1175.00,1175.00,1075.00,1075.00,1700
07/03/2020,BBCA,29350.00,29525.00,29200.00,29350.00,10443800
07/03/2020,BBHI,105.00,139.00,105.00,139.00,2437100
07/03/2020,BBKP,185.00,187.00,183.00,184.00,23808100
07/03/2020,BBLD,372.00,372.00,350.00,352.00,4500
07/03/2020,BBMD,1410.00,1495.00,1410.00,1475.00,9800
07/03/2020,BBNI,4600.00,4640.00,4550.00,4560.00,23764000
07/03/2020,BBRI,3060.00,3090.00,3040.00,3050.00,49472800
07/03/2020,BBRM,50.00,50.00,50.00,50.00,0
07/03/2020,BBSS,148.00,149.00,144.00,148.00,13583700
07/03/2020,BBSS-W,4.00,4.00,3.00,3.00,2608500
07/03/2020,BBTN,1260.00,1265.00,1230.00,1230.00,52754400
07/03/2020,BBYB,258.00,280.00,258.00,270.00,949400
07/03/2020,BCAP,158.00,160.00,155.00,158.00,14974200
07/03/2020,BCIC,450.00,450.00,450.00,450.00,0
07/03/2020,BCIP,50.00,50.00,50.00,50.00,2300
07/03/2020,BDMN,2780.00,2830.00,2760.00,2780.00,2528000
07/03/2020,BEEF,222.00,226.00,220.00,222.00,225600
07/03/2020,BEEF-W,15.00,16.00,14.00,14.00,235800
07/03/2020,BEKS,50.00,50.00,50.00,50.00,20000
07/03/2020,BELL,700.00,700.00,700.00,700.00,1200
07/03/2020,BESS,234.00,256.00,234.00,246.00,266900
07/03/2020,BESS-W,39.00,40.00,37.00,39.00,1265000
07/03/2020,BEST,118.00,119.00,115.00,116.00,12091800
07/03/2020,BFIN,284.00,290.00,282.00,286.00,23048200
07/03/2020,BGTG,50.00,50.00,50.00,50.00,79700
07/03/2020,BHAT,446.00,448.00,440.00,444.00,101124100
07/03/2020,BHIT,50.00,50.00,50.00,50.00,31800
07/03/2020,BIKA,196.00,196.00,175.00,175.00,9200
07/03/2020,BIMA,50.00,50.00,50.00,50.00,0
07/03/2020,BINA,930.00,935.00,930.00,930.00,14400
07/03/2020,BIPI,50.00,50.00,50.00,50.00,1100
07/03/2020,BIPI-W,8.00,8.00,7.00,8.00,317700
07/03/2020,BIPP,60.00,66.00,55.00,59.00,902000
07/03/2020,BIPP-W2,1.00,1.00,1.00,1.00,0
07/03/2020,BIRD,1105.00,1130.00,1095.00,1095.00,342500
07/03/2020,BISI,820.00,825.00,815.00,825.00,99000
07/03/2020,BJBR,770.00,870.00,755.00,845.00,75725700
07/03/2020,BJTM,500.00,565.00,498.00,545.00,121022100
07/03/2020,BKDP,51.00,51.00,51.00,51.00,200400
07/03/2020,BKSL,50.00,50.00,50.00,50.00,242000
07/03/2020,BKSW,69.00,70.00,66.00,67.00,43400
07/03/2020,BLTA,50.00,50.00,50.00,50.00,200
07/03/2020,BLTZ,3300.00,3300.00,3300.00,3300.00,0
07/03/2020,BLUE,500.00,500.00,498.00,498.00,77200
07/03/2020,BMAS,260.00,268.00,260.00,268.00,4200
07/03/2020,BMRI,4960.00,5075.00,4900.00,5000.00,28919900
07/03/2020,BMSR,56.00,56.00,54.00,54.00,1900
07/03/2020,BMTR,191.00,195.00,189.00,191.00,30218300
07/03/2020,BNBA,288.00,290.00,286.00,290.00,250000
07/03/2020,BNBR,50.00,50.00,50.00,50.00,200
07/03/2020,BNGA,735.00,765.00,735.00,745.00,7047100
07/03/2020,BNII,161.00,162.00,160.00,161.00,521800
07/03/2020,BNLI,1265.00,1275.00,1265.00,1265.00,16226700
07/03/2020,BOGA,1335.00,1355.00,1330.00,1350.00,76814700
07/03/2020,BOLA,161.00,178.00,161.00,167.00,87600
07/03/2020,BOLT,885.00,885.00,885.00,885.00,0
07/03/2020,BOSS,81.00,92.00,81.00,85.00,30188300
07/03/2020,BPFI,1185.00,1185.00,1185.00,1185.00,0
07/03/2020,BPII,10000.00,10000.00,10000.00,10000.00,0
07/03/2020,BPTR,80.00,80.00,76.00,78.00,25900
07/03/2020,BRAM,5800.00,5800.00,5800.00,5800.00,100
07/03/2020,BRIS,308.00,322.00,308.00,318.00,79338000
07/03/2020,BRMS,50.00,50.00,50.00,50.00,40039100
07/03/2020,BRNA,1000.00,1030.00,1000.00,1030.00,41900
07/03/2020,BRPT,1165.00,1215.00,1150.00,1180.00,74959000
07/03/2020,BRPT-W,660.00,785.00,660.00,765.00,4200
07/03/2020,BSDE,765.00,775.00,735.00,740.00,28686200
07/03/2020,BSIM,494.00,535.00,494.00,500.00,3800
07/03/2020,BSIM-W3,24.00,24.00,19.00,20.00,41800
07/03/2020,BSSR,1385.00,1385.00,1295.00,1300.00,8800
07/03/2020,BSWD,1750.00,1750.00,1750.00,1750.00,0
07/03/2020,BTEK,50.00,50.00,50.00,50.00,200
07/03/2020,BTEL,50.00,50.00,50.00,50.00,0
07/03/2020,BTON,186.00,196.00,180.00,184.00,223900
07/03/2020,BTPN,2150.00,2190.00,2150.00,2170.00,68100
07/03/2020,BTPS,3150.00,3180.00,3110.00,3140.00,6558300
07/03/2020,BUDI,84.00,85.00,84.00,84.00,46900
07/03/2020,BUKK,790.00,800.00,790.00,795.00,35100
07/03/2020,BULL,304.00,310.00,298.00,302.00,128161700
07/03/2020,BULL-W2,98.00,100.00,95.00,96.00,289400
07/03/2020,BUMI,50.00,50.00,50.00,50.00,114400
07/03/2020,BUVA,67.00,67.00,55.00,57.00,900
07/03/2020,BVIC,69.00,69.00,66.00,69.00,442900
07/03/2020,BWPT,92.00,93.00,89.00,89.00,7543000
07/03/2020,BYAN,14000.00,14000.00,14000.00,14000.00,200
07/03/2020,CAKK,50.00,50.00,50.00,50.00,30500
07/03/2020,CAKK-W,9.00,9.00,8.00,9.00,89900
07/03/2020,CAMP,206.00,208.00,200.00,208.00,160300
07/03/2020,CANI,185.00,185.00,185.00,185.00,0
07/03/2020,CARE,308.00,314.00,306.00,312.00,248266600
07/03/2020,CARS,50.00,50.00,50.00,50.00,2210400
07/03/2020,CASA,362.00,374.00,360.00,374.00,154300
07/03/2020,CASA-W,135.00,135.00,135.00,135.00,0
07/03/2020,CASH,540.00,540.00,520.00,535.00,3757200
07/03/2020,CASH-W,21.00,22.00,21.00,21.00,2575100
07/03/2020,CASS,197.00,198.00,191.00,195.00,1424800
07/03/2020,CBMF,204.00,204.00,200.00,202.00,8453800
07/03/2020,CCSI,250.00,252.00,246.00,248.00,377600
07/03/2020,CEKA,2050.00,2050.00,1990.00,1990.00,366200
07/03/2020,CENT,87.00,92.00,87.00,88.00,11035100
07/03/2020,CFIN,192.00,193.00,189.00,191.00,211500
07/03/2020,CINT,248.00,252.00,248.00,252.00,26700
07/03/2020,CITA,1760.00,1760.00,1760.00,1760.00,5000
07/03/2020,CITY,51.00,51.00,50.00,51.00,106400
07/03/2020,CITY-W,13.00,15.00,12.00,15.00,1000
07/03/2020,CKRA,76.00,76.00,76.00,76.00,0
07/03/2020,CLAY,1810.00,1810.00,1810.00,1810.00,0
07/03/2020,CLEO,466.00,466.00,460.00,460.00,5853600
07/03/2020,CLPI,740.00,740.00,730.00,735.00,45200
07/03/2020,CMNP,1390.00,1390.00,1390.00,1390.00,5000
07/03/2020,CMPP,184.00,184.00,184.00,184.00,0
07/03/2020,CNKO,50.00,50.00,50.00,50.00,5000
07/03/2020,CNTB,250.00,250.00,250.00,250.00,0
07/03/2020,CNTX,242.00,262.00,242.00,262.00,3600
07/03/2020,COCO,815.00,840.00,760.00,840.00,28300
07/03/2020,COCO-W,175.00,175.00,175.00,175.00,0
07/03/2020,COWL,50.00,50.00,50.00,50.00,0
07/03/2020,CPIN,5750.00,6125.00,5700.00,6025.00,26215000
07/03/2020,CPRI,50.00,50.00,50.00,50.00,1400
07/03/2020,CPRI-W,16.00,16.00,16.00,16.00,0
07/03/2020,CPRO,50.00,50.00,50.00,50.00,200
07/03/2020,CSAP,346.00,346.00,346.00,346.00,0
07/03/2020,CSIS,50.00,50.00,50.00,50.00,43900
07/03/2020,CSMI,256.00,256.00,216.00,218.00,1400
07/03/2020,CSRA,220.00,232.00,220.00,230.00,315900
07/03/2020,CTBN,2450.00,2450.00,2450.00,2450.00,0
07/03/2020,CTRA,650.00,660.00,615.00,620.00,64822000
07/03/2020,CTTH,50.00,50.00,50.00,50.00,3300
07/03/2020,DADA,98.00,105.00,98.00,105.00,31990200
07/03/2020,DADA-W,4.00,4.00,3.00,4.00,7964800
07/03/2020,DART,260.00,260.00,260.00,260.00,0
07/03/2020,DAYA,700.00,700.00,700.00,700.00,2100
07/03/2020,DEAL,84.00,90.00,84.00,87.00,3817000
07/03/2020,DEAL-W,90.00,90.00,90.00,90.00,0
07/03/2020,DEFI,1795.00,1800.00,1790.00,1800.00,8500
07/03/2020,DEWA,50.00,50.00,50.00,50.00,0
07/03/2020,DFAM,350.00,350.00,342.00,342.00,300
07/03/2020,DFAM-W,40.00,40.00,40.00,40.00,0
07/03/2020,DGIK,50.00,50.00,50.00,50.00,100
07/03/2020,DIGI,1705.00,1705.00,1705.00,1705.00,0
07/03/2020,DILD,190.00,195.00,187.00,189.00,3510500
07/03/2020,DIVA,1610.00,1610.00,1590.00,1595.00,233600
07/03/2020,DKFT,94.00,96.00,94.00,96.00,1313100
07/03/2020,DLTA,4940.00,4990.00,4940.00,4990.00,300
07/03/2020,DMAS,171.00,172.00,167.00,168.00,19643100
07/03/2020,DMMX,200.00,212.00,199.00,212.00,22467400
07/03/2020,DMND,945.00,945.00,945.00,945.00,9200
07/03/2020,DNAR,226.00,270.00,226.00,270.00,300
07/03/2020,DNET,3170.00,3290.00,3160.00,3290.00,20700
07/03/2020,DOID,143.00,156.00,142.00,147.00,108995900
07/03/2020,DPNS,242.00,242.00,242.00,242.00,0
07/03/2020,DPUM,69.00,71.00,69.00,70.00,507900
07/03/2020,DSFI,68.00,69.00,65.00,65.00,1668600
07/03/2020,DSNG,344.00,346.00,338.00,340.00,1230100
07/03/2020,DSSA,19500.00,22500.00,19500.00,22400.00,3000
07/03/2020,DUCK,490.00,500.00,482.00,486.00,2044400
07/03/2020,DUTI,4690.00,4690.00,4690.00,4690.00,13900
07/03/2020,DVLA,2160.00,2170.00,2160.00,2170.00,15400
07/03/2020,DWGL,262.00,262.00,226.00,226.00,44500
07/03/2020,DWGL-W,54.00,60.00,40.00,55.00,51900
07/03/2020,DYAN,50.00,51.00,50.00,51.00,2990000
07/03/2020,EAST,57.00,66.00,57.00,62.00,7029600
07/03/2020,EAST-W,6.00,7.00,5.00,6.00,14057800
07/03/2020,ECII,700.00,700.00,700.00,700.00,0
07/03/2020,EKAD,1065.00,1090.00,1055.00,1055.00,349200
07/03/2020,ELSA,236.00,238.00,228.00,228.00,54572800
07/03/2020,ELTY,50.00,50.00,50.00,50.00,600
07/03/2020,EMDE,202.00,202.00,202.00,202.00,0
07/03/2020,EMTK,4900.00,4900.00,4900.00,4900.00,2000
07/03/2020,ENRG,52.00,53.00,52.00,53.00,6737500
07/03/2020,ENVY,86.00,87.00,85.00,86.00,17751800
07/03/2020,EPAC,268.00,268.00,268.00,268.00,652500
07/03/2020,EPMT,1895.00,1895.00,1850.00,1850.00,300
07/03/2020,ERAA,1250.00,1260.00,1230.00,1230.00,3428000
07/03/2020,ERTX,135.00,135.00,134.00,134.00,700
07/03/2020,ESIP,174.00,187.00,170.00,187.00,17726000
07/03/2020,ESIP-W,10.00,11.00,9.00,9.00,14288400
07/03/2020,ESSA,155.00,170.00,155.00,161.00,4901300
07/03/2020,ESTA,98.00,98.00,94.00,96.00,17200
07/03/2020,ESTI,52.00,52.00,50.00,50.00,21700
07/03/2020,ETWA,78.00,78.00,78.00,78.00,1500
07/03/2020,EXCL,2730.00,2790.00,2720.00,2770.00,4611100
07/03/2020,FAST,925.00,950.00,915.00,940.00,120700
07/03/2020,FASW,7100.00,7300.00,7100.00,7300.00,30900
07/03/2020,FILM,170.00,173.00,168.00,168.00,198800
07/03/2020,FINN,50.00,50.00,50.00,50.00,0
07/03/2020,FIRE,100.00,110.00,100.00,103.00,3090700
07/03/2020,FISH,2800.00,2900.00,2800.00,2900.00,300
07/03/2020,FITT,58.00,58.00,50.00,51.00,71400
07/03/2020,FITT-W,13.00,15.00,13.00,14.00,13300
07/03/2020,FMII,800.00,800.00,800.00,800.00,0
07/03/2020,FOOD,136.00,140.00,135.00,135.00,733500
07/03/2020,FORU,75.00,75.00,75.00,75.00,0
07/03/2020,FORZ,50.00,50.00,50.00,50.00,1900
07/03/2020,FPNI,92.00,92.00,91.00,92.00,36000
07/03/2020,FREN,97.00,102.00,97.00,100.00,97611600
07/03/2020,FREN-W,26.00,27.00,25.00,26.00,3699100
07/03/2020,FUJI,108.00,108.00,104.00,108.00,10600
07/03/2020,GAMA,50.00,50.00,50.00,50.00,0
07/03/2020,GDST,55.00,60.00,55.00,58.00,417200
07/03/2020,GDYR,1465.00,1465.00,1465.00,1465.00,0
07/03/2020,GEMA,368.00,368.00,368.00,368.00,0
07/03/2020,GEMS,2550.00,2550.00,2550.00,2550.00,0
07/03/2020,GGRM,46900.00,47300.00,46850.00,47125.00,619700
07/03/2020,GGRP,288.00,288.00,272.00,272.00,8900
07/03/2020,GHON,1950.00,1950.00,1950.00,1950.00,0
07/03/2020,GIAA,250.00,254.00,244.00,244.00,36877300
07/03/2020,GJTL,372.00,378.00,372.00,376.00,1943000
07/03/2020,GLOB,170.00,192.00,170.00,190.00,42400
07/03/2020,GLVA,312.00,328.00,312.00,328.00,20200
07/03/2020,GMFI,84.00,85.00,83.00,84.00,3567400
07/03/2020,GMTD,17975.00,17975.00,17975.00,17975.00,0
07/03/2020,GOLD,204.00,216.00,194.00,195.00,32200
07/03/2020,GOLL,50.00,50.00,50.00,50.00,0
07/03/2020,GOOD,1300.00,1300.00,1290.00,1300.00,163800
07/03/2020,GPRA,51.00,54.00,50.00,51.00,2093900
07/03/2020,GREN,328.00,328.00,328.00,328.00,0
07/03/2020,GSMF,117.00,117.00,117.00,117.00,100
07/03/2020,GTBO,85.00,85.00,78.00,80.00,51300
07/03/2020,GWSA,93.00,117.00,92.00,98.00,489400
07/03/2020,GZCO,50.00,50.00,50.00,50.00,24000
07/03/2020,HADE,50.00,50.00,50.00,50.00,0
07/03/2020,HDFA,160.00,160.00,149.00,149.00,3400
07/03/2020,HDIT,585.00,585.00,500.00,525.00,21000
07/03/2020,HDTX,120.00,120.00,120.00,120.00,0
07/03/2020,HEAL,3000.00,3020.00,2980.00,3000.00,1000600
07/03/2020,HELI,282.00,282.00,264.00,282.00,20200
07/03/2020,HELI-W,9.00,11.00,9.00,9.00,820400
07/03/2020,HERO,895.00,900.00,870.00,890.00,900
07/03/2020,HEXA,3260.00,3300.00,3200.00,3250.00,147000
07/03/2020,HITS,520.00,525.00,520.00,525.00,19300
07/03/2020,HKMU,78.00,80.00,77.00,78.00,21522700
07/03/2020,HMSP,1655.00,1700.00,1635.00,1685.00,50134200
07/03/2020,HOKI,645.00,655.00,640.00,655.00,15649700
07/03/2020,HOKI-W,565.00,565.00,565.00,565.00,0
07/03/2020,HOME,50.00,50.00,50.00,50.00,0
07/03/2020,HOTL,50.00,50.00,50.00,50.00,700
07/03/2020,HRME,85.00,88.00,83.00,85.00,14891300
07/03/2020,HRTA,214.00,222.00,208.00,216.00,275300
07/03/2020,HRUM,1205.00,1205.00,1185.00,1185.00,112300
07/03/2020,IATA,50.00,50.00,50.00,50.00,400
07/03/2020,IBFN,300.00,300.00,300.00,300.00,0
07/03/2020,IBFN-W,7.00,7.00,6.00,7.00,410800
07/03/2020,IBST,8200.00,8200.00,8200.00,8200.00,0
07/03/2020,ICBP,9525.00,9600.00,9400.00,9425.00,3649100
07/03/2020,ICON,58.00,65.00,58.00,65.00,41800
07/03/2020,IDPR,176.00,176.00,164.00,164.00,1806900
07/03/2020,IFII,134.00,157.00,134.00,137.00,36329800
07/03/2020,IFSH,428.00,430.00,428.00,430.00,1400
07/03/2020,IGAR,260.00,274.00,260.00,270.00,244800
07/03/2020,IIKP,50.00,50.00,50.00,50.00,0
07/03/2020,IKAI,50.00,50.00,50.00,50.00,21200
07/03/2020,IKAN,505.00,510.00,496.00,496.00,1253600
07/03/2020,IKBI,240.00,240.00,240.00,240.00,0
07/03/2020,IMAS,675.00,695.00,620.00,645.00,12254800
07/03/2020,IMJS,250.00,252.00,236.00,240.00,2806600
07/03/2020,IMPC,1250.00,1255.00,1250.00,1255.00,699300
07/03/2020,INAF,1015.00,1020.00,1000.00,1000.00,943900
07/03/2020,INAI,340.00,342.00,336.00,336.00,53300
07/03/2020,INCF,50.00,50.00,50.00,50.00,24300
07/03/2020,INCI,560.00,630.00,515.00,520.00,534600
07/03/2020,INCO,2960.00,2970.00,2910.00,2920.00,11494900
07/03/2020,INDF,6600.00,6675.00,6575.00,6675.00,9538000
07/03/2020,INDO,110.00,110.00,106.00,109.00,38300
07/03/2020,INDO-W,33.00,34.00,32.00,34.00,4200
07/03/2020,INDR,2090.00,2190.00,2090.00,2180.00,6800
07/03/2020,INDS,1950.00,2420.00,1940.00,2420.00,8400
07/03/2020,INDX,50.00,51.00,50.00,51.00,20300
07/03/2020,INDY,695.00,705.00,690.00,695.00,8803400
07/03/2020,INKP,6550.00,6675.00,6325.00,6400.00,11039500
07/03/2020,INOV,272.00,274.00,272.00,272.00,9300
07/03/2020,INPC,50.00,51.00,50.00,50.00,17700
07/03/2020,INPC-W,4.00,4.00,3.00,4.00,427000
07/03/2020,INPP,605.00,610.00,570.00,570.00,53200
07/03/2020,INPS,1900.00,1900.00,1825.00,1825.00,1600
07/03/2020,INRU,830.00,830.00,830.00,830.00,0
07/03/2020,INTA,280.00,280.00,280.00,280.00,0
07/03/2020,INTD,175.00,175.00,154.00,154.00,21200
07/03/2020,INTP,11950.00,12225.00,11850.00,11850.00,5042100
07/03/2020,IPCC,428.00,446.00,428.00,430.00,2601100
07/03/2020,IPCM,210.00,210.00,196.00,199.00,89000
07/03/2020,IPOL,69.00,72.00,69.00,71.00,213300
07/03/2020,IPTV,374.00,374.00,366.00,370.00,21715300
07/03/2020,IPTV-W,83.00,88.00,82.00,82.00,123700
07/03/2020,IRRA,575.00,590.00,565.00,570.00,2959200
07/03/2020,ISAT,2350.00,2480.00,2330.00,2400.00,8597500
07/03/2020,ISSP,127.00,128.00,124.00,124.00,1828900
07/03/2020,ITIC,1250.00,1250.00,1165.00,1165.00,1042000
07/03/2020,ITMA,410.00,410.00,410.00,410.00,0
07/03/2020,ITMA-W,45.00,45.00,45.00,45.00,0
07/03/2020,ITMG,7425.00,7475.00,7325.00,7325.00,2225300
07/03/2020,JAST,98.00,107.00,98.00,102.00,66616900
07/03/2020,JAWA,69.00,69.00,69.00,69.00,100
07/03/2020,JAYA,78.00,94.00,78.00,87.00,3587800
07/03/2020,JAYA-W,13.00,17.00,13.00,13.00,2985700
07/03/2020,JECC,6950.00,6950.00,6950.00,6950.00,0
07/03/2020,JGLE,50.00,50.00,50.00,50.00,0
07/03/2020,JIHD,625.00,625.00,625.00,625.00,0
07/03/2020,JKON,400.00,400.00,400.00,400.00,100
07/03/2020,JKSW,60.00,60.00,60.00,60.00,0
07/03/2020,JMAS,202.00,202.00,183.00,194.00,1000
07/03/2020,JPFA,1150.00,1260.00,1150.00,1175.00,103573400
07/03/2020,JRPT,442.00,454.00,424.00,436.00,4189800
07/03/2020,JSKY,77.00,81.00,77.00,79.00,8286600
07/03/2020,JSMR,4510.00,4570.00,4480.00,4490.00,3088000
07/03/2020,JSPT,995.00,995.00,995.00,995.00,3000
07/03/2020,JTPE,770.00,775.00,770.00,770.00,220100
07/03/2020,KAEF,1165.00,1170.00,1120.00,1120.00,2405600
07/03/2020,KARW,50.00,51.00,50.00,50.00,3000
07/03/2020,KAYU,50.00,50.00,50.00,50.00,16600
07/03/2020,KBAG,398.00,402.00,386.00,392.00,30464400
07/03/2020,KBAG-W,95.00,95.00,95.00,95.00,100
07/03/2020,KBLI,398.00,400.00,392.00,398.00,595200
07/03/2020,KBLM,228.00,230.00,226.00,228.00,407100
07/03/2020,KBLV,340.00,360.00,340.00,360.00,1200
07/03/2020,KBRI,50.00,50.00,50.00,50.00,0
07/03/2020,KDSI,785.00,930.00,745.00,840.00,82400
07/03/2020,KEEN,346.00,350.00,326.00,344.00,2067600
07/03/2020,KEJU,960.00,980.00,925.00,940.00,85700
07/03/2020,KIAS,50.00,50.00,50.00,50.00,0
07/03/2020,KICI,248.00,248.00,200.00,216.00,4700
07/03/2020,KIJA,144.00,146.00,141.00,144.00,3569400
07/03/2020,KINO,3570.00,3570.00,3400.00,3550.00,916400
07/03/2020,KIOS,220.00,220.00,220.00,220.00,100
07/03/2020,KIOS-W,28.00,33.00,26.00,33.00,8500
07/03/2020,KJEN,1100.00,1100.00,1100.00,1100.00,0
07/03/2020,KKGI,200.00,214.00,190.00,200.00,2500
07/03/2020,KLBF,1495.00,1510.00,1480.00,1495.00,9003800
07/03/2020,KMTR,238.00,238.00,238.00,238.00,0
07/03/2020,KOBX,91.00,92.00,90.00,91.00,117700
07/03/2020,KOIN,99.00,99.00,99.00,99.00,0
07/03/2020,KONI,535.00,535.00,515.00,515.00,2500
07/03/2020,KOPI,498.00,505.00,498.00,505.00,43100
07/03/2020,KOTA,660.00,675.00,645.00,645.00,12985700
07/03/2020,KOTA-W,450.00,450.00,380.00,380.00,337700
07/03/2020,KPAL,67.00,72.00,67.00,70.00,863700
07/03/2020,KPAS,50.00,50.00,50.00,50.00,20100
07/03/2020,KPAS-W,10.00,14.00,9.00,10.00,1350700
07/03/2020,KPIG,113.00,113.00,111.00,112.00,3589800
07/03/2020,KRAH,500.00,500.00,500.00,500.00,7900
07/03/2020,KRAS,272.00,292.00,272.00,276.00,54512300
07/03/2020,KREN,138.00,143.00,138.00,140.00,18031000
07/03/2020,LAND,244.00,246.00,244.00,244.00,47400
07/03/2020,LAPD,50.00,50.00,50.00,50.00,0
07/03/2020,LCGP,114.00,114.00,114.00,114.00,0
07/03/2020,LCKM,366.00,366.00,366.00,366.00,0
07/03/2020,LEAD,50.00,50.00,50.00,50.00,50300
07/03/2020,LIFE,7250.00,7250.00,7250.00,7250.00,0
07/03/2020,LINK,2300.00,2330.00,2280.00,2280.00,1108100
07/03/2020,LION,360.00,400.00,336.00,400.00,38700
07/03/2020,LMAS,59.00,67.00,59.00,62.00,20895100
07/03/2020,LMPI,79.00,80.00,77.00,79.00,2000
07/03/2020,LMSH,300.00,300.00,300.00,300.00,1300
07/03/2020,LPCK,850.00,865.00,845.00,850.00,625700
07/03/2020,LPGI,3800.00,3800.00,3800.00,3800.00,12600
07/03/2020,LPIN,222.00,240.00,222.00,222.00,3100
07/03/2020,LPKR,168.00,169.00,164.00,168.00,5342100
07/03/2020,LPLI,76.00,76.00,76.00,76.00,0
07/03/2020,LPPF,1520.00,1535.00,1475.00,1475.00,14784500
07/03/2020,LPPS,76.00,78.00,76.00,78.00,700
07/03/2020,LRNA,150.00,150.00,140.00,140.00,10900
07/03/2020,LSIP,870.00,880.00,845.00,860.00,10809400
07/03/2020,LTLS,434.00,446.00,432.00,440.00,223900
07/03/2020,LUCK,310.00,310.00,304.00,308.00,78600
07/03/2020,MABA,50.00,50.00,50.00,50.00,0
07/03/2020,MAGP,50.00,50.00,50.00,50.00,0
07/03/2020,MAIN,575.00,665.00,575.00,615.00,94777700
07/03/2020,MAMI,50.00,50.00,50.00,50.00,4600
07/03/2020,MAMI-W,5.00,5.00,4.00,5.00,22000
07/03/2020,MAMIP,600.00,600.00,600.00,600.00,0
07/03/2020,MAPA,2490.00,2520.00,2450.00,2480.00,1054300
07/03/2020,MAPB,1500.00,1500.00,1500.00,1500.00,26000
07/03/2020,MAPI,775.00,775.00,740.00,740.00,19747600
07/03/2020,MARI,64.00,69.00,64.00,64.00,15289200
07/03/2020,MARK,540.00,675.00,535.00,650.00,40927300
07/03/2020,MASA,595.00,595.00,560.00,585.00,108500
07/03/2020,MAYA,6500.00,6500.00,6500.00,6500.00,900
07/03/2020,MBAP,1680.00,1705.00,1675.00,1675.00,99300
07/03/2020,MBSS,326.00,330.00,326.00,328.00,728300
07/03/2020,MBTO,63.00,64.00,63.00,64.00,15400
07/03/2020,MCAS,1700.00,1850.00,1685.00,1700.00,4246200
07/03/2020,MCOR,135.00,137.00,133.00,133.00,3458900
07/03/2020,MDIA,50.00,50.00,50.00,50.00,300
07/03/2020,MDKA,1350.00,1375.00,1350.00,1360.00,36394300
07/03/2020,MDKI,137.00,139.00,137.00,139.00,1700
07/03/2020,MDLN,54.00,55.00,51.00,52.00,75501600
07/03/2020,MDRN,50.00,50.00,50.00,50.00,0
07/03/2020,MEDC,474.00,474.00,462.00,462.00,36630000
07/03/2020,MEDC-W,27.00,28.00,26.00,27.00,1789700
07/03/2020,MEGA,6300.00,6350.00,6300.00,6350.00,500
07/03/2020,MERK,2780.00,3000.00,2780.00,2810.00,62100
07/03/2020,META,108.00,110.00,105.00,107.00,42800
07/03/2020,MFIN,925.00,925.00,890.00,890.00,58200
07/03/2020,MFMI,510.00,510.00,500.00,500.00,7900
07/03/2020,MGNA,50.00,50.00,50.00,50.00,0
07/03/2020,MGRO,690.00,695.00,680.00,680.00,1596400
07/03/2020,MICE,310.00,314.00,302.00,302.00,5200
07/03/2020,MIDI,1410.00,1410.00,1410.00,1410.00,0
07/03/2020,MIKA,2390.00,2410.00,2340.00,2380.00,7716400
07/03/2020,MINA,50.00,50.00,50.00,50.00,1400
07/03/2020,MIRA,50.00,50.00,50.00,50.00,100
07/03/2020,MITI,51.00,51.00,51.00,51.00,0
07/03/2020,MKNT,50.00,50.00,50.00,50.00,0
07/03/2020,MKPI,15800.00,15800.00,15800.00,15800.00,0
07/03/2020,MLBI,10025.00,10025.00,10025.00,10025.00,19300
07/03/2020,MLIA,570.00,575.00,560.00,565.00,5403400
07/03/2020,MLPL,53.00,55.00,52.00,53.00,5393000
07/03/2020,MLPT,605.00,605.00,590.00,595.00,344800
07/03/2020,MMLP,187.00,194.00,186.00,194.00,2237300
07/03/2020,MNCN,900.00,940.00,895.00,915.00,191922400
07/03/2020,MOLI,1000.00,1005.00,1000.00,1000.00,19200
07/03/2020,MPMX,490.00,505.00,488.00,494.00,3655000
07/03/2020,MPOW,52.00,56.00,52.00,55.00,64100
07/03/2020,MPPA,119.00,119.00,114.00,115.00,1491300
07/03/2020,MPRO,825.00,870.00,820.00,870.00,1700
07/03/2020,MRAT,130.00,135.00,127.00,135.00,174600
07/03/2020,MREI,5800.00,5800.00,5800.00,5800.00,0
07/03/2020,MSIN,314.00,316.00,294.00,294.00,4776200
07/03/2020,MSKY,1000.00,1000.00,1000.00,1000.00,0
07/03/2020,MTDL,1405.00,1430.00,1395.00,1415.00,1454200
07/03/2020,MTFN,50.00,50.00,50.00,50.00,0
07/03/2020,MTLA,390.00,390.00,390.00,390.00,0
07/03/2020,MTPS,134.00,141.00,131.00,141.00,12100
07/03/2020,MTRA,244.00,244.00,244.00,244.00,0
07/03/2020,MTSM,220.00,220.00,220.00,220.00,5200
07/03/2020,MTWI,50.00,51.00,50.00,51.00,7300
07/03/2020,MYOH,1035.00,1045.00,1000.00,1035.00,117100
07/03/2020,MYOR,2270.00,2280.00,2240.00,2260.00,1798900
07/03/2020,MYRX,50.00,50.00,50.00,50.00,0
07/03/2020,MYRXP,50.00,50.00,50.00,50.00,0
07/03/2020,MYTX,53.00,53.00,50.00,53.00,164700
07/03/2020,NASA,152.00,152.00,141.00,151.00,27000
07/03/2020,NASA-W,6.00,6.00,6.00,6.00,30000
07/03/2020,NATO,336.00,336.00,314.00,314.00,585700
07/03/2020,NATO-W,121.00,121.00,121.00,121.00,200
07/03/2020,NELY,138.00,138.00,134.00,135.00,11000
07/03/2020,NFCX,1775.00,1890.00,1710.00,1710.00,114300
07/03/2020,NICK,348.00,348.00,348.00,348.00,0
07/03/2020,NIKL,484.00,515.00,484.00,500.00,3764800
07/03/2020,NIPS,282.00,282.00,282.00,282.00,0
07/03/2020,NIRO,141.00,141.00,141.00,141.00,500
07/03/2020,NISP,735.00,740.00,730.00,730.00,34500
07/03/2020,NOBU,735.00,780.00,735.00,780.00,500
07/03/2020,NRCA,348.00,348.00,346.00,348.00,275600
07/03/2020,NUSA,50.00,50.00,50.00,50.00,600
07/03/2020,NUSA-W,1.00,2.00,1.00,1.00,24874200
07/03/2020,NZIA,176.00,198.00,176.00,186.00,68700
07/03/2020,NZIA-W,7.00,8.00,5.00,6.00,1583500
07/03/2020,OASA,388.00,388.00,388.00,388.00,0
07/03/2020,OCAP,196.00,196.00,196.00,196.00,0
07/03/2020,OKAS,85.00,87.00,83.00,83.00,3495600
07/03/2020,OMRE,316.00,316.00,316.00,316.00,0
07/03/2020,OPMS,119.00,119.00,114.00,115.00,1163300
07/03/2020,PADI,50.00,50.00,50.00,50.00,100
07/03/2020,PALM,191.00,191.00,181.00,191.00,2000
07/03/2020,PAMG,80.00,92.00,80.00,86.00,12533700
07/03/2020,PANI,60.00,64.00,57.00,64.00,170200
07/03/2020,PANR,91.00,93.00,90.00,91.00,1107500
07/03/2020,PANS,1140.00,1160.00,1090.00,1105.00,4815000
07/03/2020,PBID,865.00,865.00,855.00,855.00,37700
07/03/2020,PBRX,280.00,286.00,276.00,280.00,12000
07/03/2020,PBSA,655.00,655.00,655.00,655.00,0
07/03/2020,PCAR,214.00,214.00,214.00,214.00,0
07/03/2020,PDES,364.00,470.00,364.00,470.00,1700
07/03/2020,PEGE,107.00,107.00,100.00,102.00,39900
07/03/2020,PEHA,1310.00,1320.00,1290.00,1320.00,570300
07/03/2020,PGAS,1130.00,1140.00,1110.00,1110.00,90082800
07/03/2020,PGJO,84.00,84.00,72.00,77.00,5300
07/03/2020,PGLI,230.00,230.00,230.00,230.00,10000
07/03/2020,PICO,198.00,220.00,192.00,193.00,803800
07/03/2020,PJAA,540.00,550.00,525.00,530.00,191900
07/03/2020,PKPK,50.00,50.00,50.00,50.00,100
07/03/2020,PLAS,50.00,50.00,50.00,50.00,0
07/03/2020,PLIN,2640.00,2640.00,2460.00,2460.00,6400
07/03/2020,PMJS,124.00,125.00,124.00,125.00,505100
07/03/2020,PNBN,790.00,800.00,785.00,785.00,3502300
07/03/2020,PNBS,50.00,50.00,50.00,50.00,7400
07/03/2020,PNIN,750.00,750.00,740.00,750.00,45200
07/03/2020,PNLF,181.00,187.00,180.00,182.00,19336000
07/03/2020,PNSE,515.00,515.00,515.00,515.00,0
07/03/2020,POLA,54.00,56.00,52.00,56.00,393800
07/03/2020,POLA-W,25.00,25.00,25.00,25.00,0
07/03/2020,POLI,1115.00,1200.00,1115.00,1190.00,7800
07/03/2020,POLL,5975.00,6125.00,5625.00,5825.00,56500
07/03/2020,POLU,1130.00,1130.00,910.00,910.00,10200
07/03/2020,POLY,50.00,50.00,50.00,50.00,32500
07/03/2020,POOL,50.00,50.00,50.00,50.00,0
07/03/2020,PORT,540.00,540.00,540.00,540.00,100
07/03/2020,POSA,50.00,50.00,50.00,50.00,200
07/03/2020,POSA-W,2.00,3.00,2.00,3.00,12290400
07/03/2020,POWR,600.00,605.00,585.00,590.00,3441900
07/03/2020,PPRE,196.00,204.00,196.00,200.00,8460200
07/03/2020,PPRO,50.00,50.00,50.00,50.00,1205700
07/03/2020,PRAS,136.00,136.00,136.00,136.00,5900
07/03/2020,PRDA,3150.00,3150.00,3130.00,3140.00,197200
07/03/2020,PRIM,310.00,310.00,300.00,300.00,2400
07/03/2020,PRIM-W,6.00,7.00,5.00,6.00,241100
07/03/2020,PSAB,180.00,181.00,178.00,179.00,5416000
07/03/2020,PSDN,127.00,127.00,127.00,127.00,0
07/03/2020,PSGO,95.00,105.00,95.00,99.00,360200
07/03/2020,PSKT,50.00,50.00,50.00,50.00,0
07/03/2020,PSSI,175.00,175.00,165.00,167.00,27000
07/03/2020,PTBA,2100.00,2100.00,2050.00,2050.00,31700400
07/03/2020,PTIS,161.00,185.00,161.00,180.00,3400
07/03/2020,PTPP,990.00,1035.00,955.00,955.00,258425000
07/03/2020,PTPW,1075.00,1090.00,1065.00,1065.00,2929700
07/03/2020,PTRO,1350.00,1360.00,1345.00,1355.00,352600
07/03/2020,PTSN,185.00,191.00,185.00,189.00,1943800
07/03/2020,PTSP,3490.00,3490.00,3490.00,3490.00,200
07/03/2020,PUDP,248.00,248.00,248.00,248.00,0
07/03/2020,PURA,97.00,97.00,91.00,92.00,144049600
07/03/2020,PURA-W,5.00,6.00,5.00,5.00,7058400
07/03/2020,PURE,110.00,117.00,110.00,111.00,3257100
07/03/2020,PURE-W,12.00,13.00,12.00,13.00,1126000
07/03/2020,PWON,430.00,436.00,416.00,418.00,114149700
07/03/2020,PYFA,650.00,660.00,635.00,645.00,221600
07/03/2020,PZZA,720.00,735.00,695.00,695.00,25052400
07/03/2020,R-ABFII,28600.00,28600.00,28600.00,28600.00,0
07/03/2020,R-LQ45X,820.00,827.00,817.00,817.00,30000
07/03/2020,RAJA,114.00,115.00,110.00,111.00,5500800
07/03/2020,RALS,590.00,600.00,580.00,585.00,5266600
07/03/2020,RANC,408.00,430.00,408.00,408.00,286400
07/03/2020,RBMS,50.00,50.00,50.00,50.00,0
07/03/2020,RDTX,5000.00,5000.00,4950.00,4950.00,1000
07/03/2020,REAL,52.00,54.00,51.00,53.00,52340500
07/03/2020,REAL-W,5.00,6.00,5.00,5.00,2086700
07/03/2020,RELI,312.00,312.00,312.00,312.00,0
07/03/2020,RICY,96.00,96.00,94.00,96.00,103200
07/03/2020,RIGS,222.00,222.00,200.00,212.00,1800
07/03/2020,RIMO,50.00,50.00,50.00,50.00,0
07/03/2020,RISE,472.00,472.00,460.00,470.00,382700
07/03/2020,RMBA,226.00,238.00,226.00,232.00,42600
07/03/2020,RODA,50.00,51.00,50.00,50.00,180700
07/03/2020,RONY,179.00,179.00,179.00,179.00,700
07/03/2020,ROTI,1180.00,1195.00,1180.00,1195.00,237200
07/03/2020,RUIS,175.00,175.00,170.00,170.00,4200
07/03/2020,SAFE,181.00,182.00,181.00,181.00,298700
07/03/2020,SAME,80.00,82.00,78.00,80.00,5988300
07/03/2020,SAMF,414.00,414.00,386.00,386.00,146700
07/03/2020,SAPX,1850.00,1850.00,1850.00,1850.00,10000
07/03/2020,SATU,50.00,50.00,50.00,50.00,0
07/03/2020,SBAT,101.00,119.00,98.00,108.00,50957200
07/03/2020,SBAT-W,5.00,6.00,4.00,5.00,8126000
07/03/2020,SCCO,9300.00,9325.00,9050.00,9300.00,6700
07/03/2020,SCMA,1170.00,1205.00,1160.00,1195.00,42961300
07/03/2020,SCPI,29000.00,29000.00,29000.00,29000.00,0
07/03/2020,SDMU,50.00,50.00,50.00,50.00,0
07/03/2020,SDPC,106.00,113.00,104.00,107.00,1554500
07/03/2020,SDRA,750.00,780.00,750.00,760.00,30200
07/03/2020,SFAN,995.00,995.00,995.00,995.00,100
07/03/2020,SGRO,2100.00,2100.00,2090.00,2100.00,46700
07/03/2020,SHID,3650.00,3650.00,3650.00,3650.00,0
07/03/2020,SHIP,590.00,600.00,570.00,600.00,505700
07/03/2020,SIDO,1240.00,1240.00,1225.00,1225.00,2422800
07/03/2020,SILO,5200.00,5250.00,5150.00,5200.00,35500
07/03/2020,SIMA,50.00,50.00,50.00,50.00,0
07/03/2020,SIMP,258.00,260.00,254.00,256.00,2428800
07/03/2020,SINI,615.00,615.00,540.00,540.00,5500
07/03/2020,SINI-W,384.00,384.00,384.00,384.00,200
07/03/2020,SIPD,1050.00,1100.00,995.00,1100.00,120600
07/03/2020,SKBM,298.00,298.00,298.00,298.00,200
07/03/2020,SKLT,1610.00,1610.00,1610.00,1610.00,1100
07/03/2020,SKRN,565.00,570.00,560.00,560.00,2309600
07/03/2020,SKYB,51.00,51.00,51.00,51.00,0
07/03/2020,SLIS,5125.00,5175.00,5050.00,5075.00,250900
07/03/2020,SMAR,3020.00,3020.00,3000.00,3000.00,4600
07/03/2020,SMBR,318.00,328.00,314.00,314.00,11634300
07/03/2020,SMCB,1085.00,1095.00,1070.00,1070.00,178100
07/03/2020,SMDM,93.00,105.00,93.00,100.00,43500
07/03/2020,SMDR,218.00,220.00,208.00,218.00,3158400
07/03/2020,SMGR,9650.00,10100.00,9625.00,9775.00,5684700
07/03/2020,SMKL,175.00,179.00,169.00,177.00,6500
07/03/2020,SMKL-W,17.00,35.00,17.00,22.00,12999900
07/03/2020,SMMA,17700.00,17700.00,16475.00,16475.00,7200
07/03/2020,SMMT,72.00,78.00,71.00,73.00,1603900
07/03/2020,SMRA,655.00,660.00,605.00,615.00,61383300
07/03/2020,SMRU,50.00,50.00,50.00,50.00,0
07/03/2020,SMSM,1075.00,1080.00,1040.00,1045.00,3930200
07/03/2020,SOCI,123.00,124.00,121.00,123.00,5389400
07/03/2020,SONA,6000.00,6000.00,6000.00,6000.00,100
07/03/2020,SOSS,430.00,430.00,400.00,406.00,700
07/03/2020,SOSS-W,50.00,50.00,46.00,46.00,600
07/03/2020,SOTS,198.00,198.00,194.00,194.00,6100
07/03/2020,SOTS-W,58.00,58.00,58.00,58.00,100
07/03/2020,SPMA,254.00,268.00,244.00,262.00,13800
07/03/2020,SPTO,494.00,498.00,494.00,494.00,15200
07/03/2020,SQMI,182.00,188.00,182.00,185.00,657700
07/03/2020,SRAJ,134.00,134.00,132.00,132.00,5400
07/03/2020,SRIL,191.00,199.00,190.00,195.00,78456600
07/03/2020,SRSN,56.00,57.00,54.00,56.00,5213200
07/03/2020,SRTG,2740.00,2740.00,2700.00,2710.00,30200
07/03/2020,SSIA,396.00,400.00,388.00,394.00,20912900
07/03/2020,SSMS,785.00,790.00,775.00,790.00,1654000
07/03/2020,SSTM,675.00,675.00,675.00,675.00,0
07/03/2020,STAR,138.00,144.00,132.00,138.00,28100
07/03/2020,STTP,8200.00,8250.00,8150.00,8250.00,2300
07/03/2020,SUGI,50.00,50.00,50.00,50.00,0
07/03/2020,SULI,50.00,50.00,50.00,50.00,114000
07/03/2020,SUPR,4850.00,4850.00,4850.00,4850.00,0
07/03/2020,SURE,2920.00,2920.00,2920.00,2920.00,0
07/03/2020,SWAT,96.00,98.00,96.00,97.00,200500
07/03/2020,TALF,294.00,294.00,264.00,264.00,200
07/03/2020,TAMA,163.00,163.00,151.00,151.00,1300
07/03/2020,TAMA-W,5.00,5.00,4.00,5.00,264700
07/03/2020,TAMU,64.00,65.00,62.00,63.00,5526300
07/03/2020,TARA,198.00,198.00,198.00,198.00,0
07/03/2020,TAXI,50.00,50.00,50.00,50.00,0
07/03/2020,TBIG,1080.00,1130.00,1080.00,1125.00,43849300
07/03/2020,TBLA,570.00,580.00,555.00,560.00,6345400
07/03/2020,TBMS,660.00,660.00,660.00,660.00,1200
07/03/2020,TCID,7500.00,7500.00,7500.00,7500.00,5400
07/03/2020,TCPI,4330.00,4390.00,4140.00,4150.00,11564900
07/03/2020,TDPM,92.00,95.00,91.00,91.00,4176300
07/03/2020,TEBE,1565.00,1565.00,1565.00,1565.00,0
07/03/2020,TECH,150.00,151.00,140.00,140.00,1301500
07/03/2020,TELE,121.00,121.00,121.00,121.00,0
07/03/2020,TFAS,157.00,167.00,157.00,158.00,5300
07/03/2020,TFCO,356.00,356.00,356.00,356.00,200
07/03/2020,TGKA,6400.00,6400.00,6400.00,6400.00,2800
07/03/2020,TGRA,69.00,71.00,65.00,67.00,3237600
07/03/2020,TIFA,230.00,238.00,230.00,232.00,158200
07/03/2020,TINS,625.00,630.00,600.00,610.00,18701000
07/03/2020,TIRA,268.00,268.00,268.00,268.00,0
07/03/2020,TIRT,51.00,53.00,50.00,51.00,149800
07/03/2020,TKIM,6525.00,6875.00,6225.00,6250.00,51079000
07/03/2020,TLKM,3150.00,3180.00,3110.00,3120.00,102033100
07/03/2020,TMAS,128.00,130.00,124.00,125.00,1133400
07/03/2020,TMPO,139.00,145.00,139.00,145.00,700
07/03/2020,TNCA,250.00,250.00,210.00,210.00,2600
07/03/2020,TOBA,350.00,350.00,350.00,350.00,4100
07/03/2020,TOPS,50.00,50.00,50.00,50.00,1400
07/03/2020,TOTL,342.00,346.00,338.00,340.00,3494600
07/03/2020,TOTO,226.00,226.00,220.00,220.00,43600
07/03/2020,TOWR,1040.00,1090.00,1030.00,1090.00,215064300
07/03/2020,TPIA,6875.00,6950.00,6800.00,6875.00,5674300
07/03/2020,TPMA,282.00,300.00,282.00,290.00,24100
07/03/2020,TRAM,50.00,50.00,50.00,50.00,0
07/03/2020,TRAM-W,11.00,11.00,11.00,11.00,0
07/03/2020,TRIL,50.00,50.00,50.00,50.00,0
07/03/2020,TRIM,114.00,125.00,112.00,114.00,94900
07/03/2020,TRIN,270.00,270.00,264.00,268.00,12424400
07/03/2020,TRIN-W,20.00,22.00,18.00,22.00,895100
07/03/2020,TRIO,426.00,426.00,426.00,426.00,0
07/03/2020,TRIS,218.00,222.00,206.00,206.00,180200
07/03/2020,TRIS-W,5.00,5.00,5.00,5.00,0
07/03/2020,TRST,386.00,386.00,386.00,386.00,0
07/03/2020,TRUK,115.00,115.00,113.00,114.00,279400
07/03/2020,TRUS,348.00,348.00,348.00,348.00,0
07/03/2020,TSPC,1375.00,1415.00,1375.00,1380.00,397900
07/03/2020,TUGU,2700.00,2700.00,2680.00,2680.00,11500
07/03/2020,TURI,1420.00,1500.00,1420.00,1480.00,33500
07/03/2020,UCID,1460.00,1475.00,1440.00,1450.00,462600
07/03/2020,ULTJ,1635.00,1650.00,1630.00,1640.00,319900
07/03/2020,UNIC,3450.00,3500.00,3350.00,3500.00,1300
07/03/2020,UNIT,144.00,158.00,144.00,145.00,13200
07/03/2020,UNSP,59.00,61.00,59.00,59.00,13700
07/03/2020,UNTR,17200.00,17300.00,17025.00,17150.00,1702000
07/03/2020,UNVR,8000.00,8075.00,7900.00,7900.00,8394200
07/03/2020,URBN,1600.00,1605.00,1600.00,1605.00,155900
07/03/2020,URBN-W,22.00,22.00,20.00,20.00,10300
07/03/2020,VICO,77.00,87.00,77.00,84.00,39000
07/03/2020,VINS,119.00,119.00,111.00,114.00,1372300
07/03/2020,VINS-W,5.00,5.00,4.00,4.00,3737900
07/03/2020,VIVA,50.00,50.00,50.00,50.00,100
07/03/2020,VOKS,191.00,191.00,190.00,191.00,36000
07/03/2020,VRNA,102.00,108.00,102.00,102.00,15600
07/03/2020,WAPO,61.00,61.00,61.00,61.00,0
07/03/2020,WEGE,202.00,204.00,195.00,195.00,33187300
07/03/2020,WEHA,86.00,88.00,81.00,88.00,1285200
07/03/2020,WICO,580.00,580.00,580.00,580.00,100
07/03/2020,WIIM,183.00,185.00,179.00,180.00,8729900
07/03/2020,WIKA,1235.00,1260.00,1205.00,1205.00,73364500
07/03/2020,WINS,91.00,91.00,91.00,91.00,25200
07/03/2020,WOMF,200.00,202.00,199.00,199.00,29900
07/03/2020,WOOD,394.00,396.00,388.00,394.00,31653400
07/03/2020,WOWS,52.00,52.00,50.00,50.00,3414500
07/03/2020,WSBP,204.00,204.00,198.00,199.00,106460300
07/03/2020,WSKT,750.00,755.00,710.00,710.00,80670700
07/03/2020,WTON,290.00,296.00,280.00,282.00,21820000
07/03/2020,XAFA,1010.00,1010.00,1010.00,1010.00,0
07/03/2020,XAQA,751.00,751.00,751.00,751.00,100
07/03/2020,XASG,85.00,85.00,85.00,85.00,0
07/03/2020,XBES,777.00,777.00,777.00,777.00,0
07/03/2020,XBID,432.00,432.00,432.00,432.00,0
07/03/2020,XBIN,419.00,419.00,419.00,419.00,0
07/03/2020,XBLQ,376.00,376.00,376.00,376.00,0
07/03/2020,XBNI,862.00,862.00,862.00,862.00,0
07/03/2020,XBSK,320.00,320.00,320.00,320.00,0
07/03/2020,XCID,88.00,88.00,81.00,87.00,1300
07/03/2020,XCIS,105.00,105.00,105.00,105.00,0
07/03/2020,XCLQ,78.00,78.00,78.00,78.00,0
07/03/2020,XDIF,376.00,376.00,376.00,376.00,0
07/03/2020,XIHD,390.00,392.00,390.00,392.00,2600
07/03/2020,XIIC,900.00,900.00,900.00,900.00,0
07/03/2020,XIID,419.00,419.00,419.00,419.00,0
07/03/2020,XIIF,452.00,460.00,452.00,460.00,900
07/03/2020,XIIT,443.00,446.00,440.00,446.00,23900
07/03/2020,XIJI,560.00,560.00,548.00,548.00,400
07/03/2020,XILV,97.00,97.00,97.00,97.00,12200
07/03/2020,XIML,217.00,217.00,217.00,217.00,0
07/03/2020,XIPI,136.00,136.00,136.00,136.00,300
07/03/2020,XISB,398.00,398.00,398.00,398.00,0
07/03/2020,XISC,525.00,530.00,524.00,530.00,1700
07/03/2020,XISI,260.00,260.00,260.00,260.00,100
07/03/2020,XISR,320.00,322.00,320.00,322.00,24300
07/03/2020,XKIV,350.00,350.00,350.00,350.00,1700
07/03/2020,XMIG,141.00,141.00,141.00,141.00,0
07/03/2020,XMJM,1001.00,1001.00,1001.00,1001.00,0
07/03/2020,XMTS,406.00,406.00,406.00,406.00,0
07/03/2020,XNVE,110.00,110.00,110.00,110.00,4000
07/03/2020,XPCR,739.00,739.00,739.00,739.00,0
07/03/2020,XPDV,372.00,372.00,372.00,372.00,100
07/03/2020,XPES,343.00,349.00,343.00,349.00,200
07/03/2020,XPFT,433.00,433.00,433.00,433.00,600
07/03/2020,XPID,422.00,422.00,422.00,422.00,300
07/03/2020,XPLC,384.00,384.00,384.00,384.00,300
07/03/2020,XPLQ,391.00,391.00,391.00,391.00,0
07/03/2020,XPMI,765.00,765.00,765.00,765.00,0
07/03/2020,XPSG,340.00,340.00,340.00,340.00,600
07/03/2020,XPTD,412.00,412.00,412.00,412.00,0
07/03/2020,XSBC,95.00,95.00,95.00,95.00,0
07/03/2020,XSMU,108.00,108.00,105.00,105.00,401000
07/03/2020,XSPI,750.00,750.00,750.00,750.00,0
07/03/2020,XSRI,154.00,154.00,154.00,154.00,0
07/03/2020,XSSI,108.00,108.00,108.00,108.00,0
07/03/2020,XSSK,553.00,553.00,553.00,553.00,0
07/03/2020,YELO,50.00,50.00,50.00,50.00,1600
07/03/2020,YELO-W,5.00,5.00,4.00,5.00,885000
07/03/2020,YPAS,382.00,402.00,382.00,402.00,2300
07/03/2020,YULE,158.00,158.00,158.00,158.00,100
07/03/2020,ZBRA,51.00,51.00,50.00,50.00,800
07/03/2020,ZINC,141.00,144.00,137.00,140.00,96367000
07/03/2020,ZONE,418.00,418.00,414.00,418.00,86100
