<date>,<ticker>,<open>,<high>,<low>,<close>,<volume>
10/16/2020,AALI,10950.00,11000.00,10750.00,11000.00,1152600
10/16/2020,ABBA,50.00,50.00,50.00,50.00,10000
10/16/2020,ABDA,6250.00,6250.00,6250.00,6250.00,1200
10/16/2020,ABMM,860.00,860.00,825.00,825.00,9300
10/16/2020,ACES,1570.00,1595.00,1570.00,1580.00,10298700
10/16/2020,ACST,212.00,214.00,208.00,210.00,27792800
10/16/2020,ADES,1175.00,1185.00,1170.00,1175.00,49800
10/16/2020,ADHI,580.00,600.00,580.00,585.00,10501700
10/16/2020,ADMF,7550.00,7575.00,7500.00,7575.00,17700
10/16/2020,ADMG,143.00,145.00,142.00,143.00,1248000
10/16/2020,ADRO,1170.00,1230.00,1145.00,1220.00,135715400
10/16/2020,AGAR,500.00,500.00,500.00,500.00,0
10/16/2020,AGII,600.00,600.00,580.00,585.00,927200
10/16/2020,AGRO,426.00,448.00,426.00,446.00,398672900
10/16/2020,AGRS,191.00,191.00,185.00,185.00,2100
10/16/2020,AHAP,56.00,60.00,53.00,56.00,260100
10/16/2020,AIMS,145.00,155.00,145.00,146.00,1800
10/16/2020,AISA,210.00,214.00,208.00,210.00,16843500
10/16/2020,AKKU,50.00,50.00,50.00,50.00,300
10/16/2020,AKPI,290.00,290.00,290.00,290.00,0
10/16/2020,AKRA,2680.00,2710.00,2650.00,2680.00,12491200
10/16/2020,AKSI,404.00,404.00,404.00,404.00,200
10/16/2020,ALDO,410.00,410.00,406.00,406.00,77900
10/16/2020,ALKA,234.00,264.00,234.00,234.00,11700
10/16/2020,ALMI,232.00,232.00,216.00,220.00,58600
10/16/2020,ALTO,296.00,296.00,280.00,294.00,2700
10/16/2020,AMAG,195.00,197.00,194.00,197.00,183700
10/16/2020,AMAN,340.00,348.00,318.00,318.00,3083200
10/16/2020,AMAR,292.00,300.00,290.00,300.00,152900
10/16/2020,AMFG,2540.00,2540.00,2500.00,2500.00,8200
10/16/2020,AMIN,290.00,290.00,290.00,290.00,500
10/16/2020,AMOR,2170.00,2170.00,2110.00,2110.00,7800
10/16/2020,AMRT,670.00,675.00,655.00,665.00,390700
10/16/2020,ANDI,50.00,50.00,50.00,50.00,44700
10/16/2020,ANJT,510.00,510.00,510.00,510.00,300
10/16/2020,ANTM,960.00,995.00,920.00,940.00,638756000
10/16/2020,APEX,170.00,183.00,162.00,167.00,91700
10/16/2020,APIC,915.00,915.00,900.00,910.00,10925700
10/16/2020,APII,166.00,168.00,165.00,165.00,1400
10/16/2020,APLI,122.00,122.00,112.00,113.00,35200
10/16/2020,APLN,103.00,105.00,102.00,103.00,26704500
10/16/2020,ARGO,1590.00,1750.00,1590.00,1745.00,10100
10/16/2020,ARII,440.00,440.00,440.00,440.00,0
10/16/2020,ARKA,82.00,82.00,78.00,80.00,10463500
10/16/2020,ARMY,50.00,50.00,50.00,50.00,0
10/16/2020,ARNA,460.00,462.00,458.00,460.00,1383200
10/16/2020,ARTA,300.00,300.00,300.00,300.00,1800
10/16/2020,ARTI,50.00,50.00,50.00,50.00,141100
10/16/2020,ARTO,2730.00,2730.00,2630.00,2710.00,172700
10/16/2020,ASBI,304.00,304.00,302.00,304.00,1200
10/16/2020,ASDM,895.00,895.00,895.00,895.00,200
10/16/2020,ASGR,715.00,715.00,690.00,705.00,790700
10/16/2020,ASII,4740.00,4930.00,4700.00,4930.00,37775400
10/16/2020,ASJT,121.00,121.00,111.00,112.00,10900
10/16/2020,ASMI,1050.00,1060.00,1050.00,1050.00,14200
10/16/2020,ASPI,117.00,124.00,112.00,112.00,42719400
10/16/2020,ASPI-W,14.00,14.00,12.00,12.00,4470700
10/16/2020,ASRI,123.00,124.00,119.00,120.00,45695800
10/16/2020,ASRM,1725.00,1725.00,1725.00,1725.00,0
10/16/2020,ASSA,500.00,505.00,478.00,505.00,10115900
10/16/2020,ATIC,545.00,545.00,545.00,545.00,100
10/16/2020,AUTO,880.00,880.00,870.00,875.00,679200
10/16/2020,AYLS,50.00,50.00,50.00,50.00,34100
10/16/2020,AYLS-W,5.00,5.00,4.00,4.00,1272100
10/16/2020,BABP,50.00,50.00,50.00,50.00,5600
10/16/2020,BABP-W3,29.00,29.00,29.00,29.00,0
10/16/2020,BABP-W4,8.00,8.00,8.00,8.00,100
10/16/2020,BACA,398.00,398.00,398.00,398.00,0
10/16/2020,BACA-W2,100.00,100.00,100.00,100.00,0
10/16/2020,BAJA,104.00,126.00,104.00,106.00,22842300
10/16/2020,BALI,930.00,930.00,930.00,930.00,700
10/16/2020,BAPA,50.00,50.00,50.00,50.00,0
10/16/2020,BAPI,50.00,50.00,50.00,50.00,7100
10/16/2020,BAPI-W,2.00,3.00,2.00,2.00,1772500
10/16/2020,BATA,630.00,630.00,630.00,630.00,200
10/16/2020,BAYU,1140.00,1165.00,1140.00,1165.00,10000
10/16/2020,BBCA,28925.00,28950.00,28650.00,28800.00,17810300
10/16/2020,BBHI,175.00,188.00,169.00,181.00,769300
10/16/2020,BBKP,240.00,254.00,240.00,244.00,240581000
10/16/2020,BBLD,340.00,340.00,340.00,340.00,100
10/16/2020,BBMD,1570.00,1570.00,1570.00,1570.00,0
10/16/2020,BBNI,4850.00,4860.00,4760.00,4810.00,27057500
10/16/2020,BBRI,3340.00,3360.00,3210.00,3250.00,140443600
10/16/2020,BBRM,50.00,50.00,50.00,50.00,0
10/16/2020,BBSI,695.00,695.00,645.00,665.00,153700
10/16/2020,BBSS,123.00,123.00,118.00,121.00,687200
10/16/2020,BBSS-W,7.00,7.00,6.00,6.00,18415700
10/16/2020,BBTN,1320.00,1330.00,1275.00,1285.00,56785900
10/16/2020,BBYB,370.00,432.00,350.00,400.00,1376800
10/16/2020,BCAP,116.00,116.00,114.00,116.00,308100
10/16/2020,BCIC,700.00,700.00,700.00,700.00,0
10/16/2020,BCIP,50.00,50.00,50.00,50.00,11800
10/16/2020,BDMN,2370.00,2420.00,2360.00,2410.00,3381700
10/16/2020,BEEF,151.00,155.00,148.00,150.00,10953400
10/16/2020,BEEF-W,12.00,12.00,11.00,12.00,528400
10/16/2020,BEKS,50.00,50.00,50.00,50.00,1404100
10/16/2020,BELL,154.00,155.00,152.00,153.00,3739500
10/16/2020,BESS,230.00,232.00,214.00,228.00,2684900
10/16/2020,BESS-W,72.00,84.00,72.00,80.00,58200
10/16/2020,BEST,180.00,184.00,176.00,179.00,153090200
10/16/2020,BFIN,384.00,396.00,380.00,384.00,14094700
10/16/2020,BGTG,51.00,53.00,51.00,51.00,1434600
10/16/2020,BHAT,490.00,515.00,490.00,510.00,162827800
10/16/2020,BHIT,50.00,50.00,50.00,50.00,4300
10/16/2020,BIKA,135.00,149.00,130.00,140.00,18400
10/16/2020,BIMA,50.00,50.00,50.00,50.00,0
10/16/2020,BINA,775.00,775.00,775.00,775.00,1500
10/16/2020,BIPI,50.00,50.00,50.00,50.00,10100
10/16/2020,BIPI-W,7.00,8.00,7.00,8.00,100400
10/16/2020,BIPP,54.00,55.00,53.00,53.00,35600
10/16/2020,BIRD,900.00,905.00,890.00,900.00,116800
10/16/2020,BISI,890.00,900.00,885.00,900.00,37000
10/16/2020,BJBR,975.00,1065.00,970.00,1035.00,38596900
10/16/2020,BJTM,545.00,575.00,545.00,565.00,29983100
10/16/2020,BKDP,51.00,51.00,51.00,51.00,200
10/16/2020,BKSL,50.00,50.00,50.00,50.00,31200
10/16/2020,BKSW,133.00,142.00,124.00,133.00,548400
10/16/2020,BLTA,50.00,50.00,50.00,50.00,40200
10/16/2020,BLTZ,3120.00,3120.00,3120.00,3120.00,0
10/16/2020,BLUE,610.00,620.00,600.00,620.00,164900
10/16/2020,BMAS,280.00,280.00,276.00,280.00,21400
10/16/2020,BMRI,5600.00,5650.00,5450.00,5575.00,33908900
10/16/2020,BMSR,72.00,72.00,67.00,69.00,1473100
10/16/2020,BMTR,234.00,238.00,232.00,232.00,68852700
10/16/2020,BNBA,364.00,366.00,358.00,364.00,144800
10/16/2020,BNBR,50.00,50.00,50.00,50.00,600
10/16/2020,BNGA,760.00,765.00,755.00,755.00,1172000
10/16/2020,BNII,222.00,234.00,222.00,222.00,6487600
10/16/2020,BNLI,2480.00,2480.00,2480.00,2480.00,426500
10/16/2020,BOGA,1350.00,1360.00,1330.00,1350.00,104579300
10/16/2020,BOLA,162.00,162.00,161.00,162.00,16200
10/16/2020,BOLT,555.00,555.00,555.00,555.00,100
10/16/2020,BOSS,103.00,126.00,103.00,106.00,69871500
10/16/2020,BPFI,1150.00,1150.00,1150.00,1150.00,0
10/16/2020,BPII,10000.00,10000.00,10000.00,10000.00,0
10/16/2020,BPTR,87.00,87.00,82.00,82.00,2000
10/16/2020,BRAM,6100.00,6100.00,6100.00,6100.00,0
10/16/2020,BRIS,1250.00,1400.00,1220.00,1395.00,594463600
10/16/2020,BRMS,51.00,53.00,51.00,52.00,63560800
10/16/2020,BRNA,1050.00,1050.00,1050.00,1050.00,1000
10/16/2020,BRPT,915.00,925.00,880.00,910.00,80656100
10/16/2020,BRPT-W,500.00,500.00,500.00,500.00,0
10/16/2020,BSDE,790.00,815.00,790.00,795.00,41691500
10/16/2020,BSIM,482.00,482.00,478.00,480.00,6600
10/16/2020,BSIM-W3,18.00,18.00,18.00,18.00,400
10/16/2020,BSSR,1375.00,1410.00,1350.00,1390.00,18000
10/16/2020,BSWD,1750.00,1750.00,1750.00,1750.00,0
10/16/2020,BTEK,50.00,50.00,50.00,50.00,200
10/16/2020,BTEL,50.00,50.00,50.00,50.00,0
10/16/2020,BTON,194.00,194.00,194.00,194.00,0
10/16/2020,BTPN,2260.00,2270.00,2230.00,2270.00,31300
10/16/2020,BTPS,3790.00,3800.00,3670.00,3740.00,8393100
10/16/2020,BUDI,93.00,94.00,93.00,93.00,130800
10/16/2020,BUKK,705.00,705.00,705.00,705.00,3600
10/16/2020,BULL,324.00,326.00,320.00,322.00,232842900
10/16/2020,BULL-W2,112.00,122.00,102.00,104.00,1375000
10/16/2020,BUMI,50.00,50.00,50.00,50.00,760700
10/16/2020,BUVA,52.00,52.00,52.00,52.00,88300
10/16/2020,BVIC,99.00,109.00,93.00,103.00,18498400
10/16/2020,BWPT,96.00,96.00,94.00,95.00,12594500
10/16/2020,BYAN,12625.00,12625.00,12625.00,12625.00,0
10/16/2020,CAKK,50.00,51.00,50.00,50.00,4291900
10/16/2020,CAKK-W,4.00,5.00,4.00,4.00,3711600
10/16/2020,CAMP,276.00,276.00,268.00,270.00,975100
10/16/2020,CANI,126.00,126.00,111.00,111.00,9400
10/16/2020,CARE,340.00,350.00,340.00,350.00,171895400
10/16/2020,CARS,50.00,50.00,50.00,50.00,800
10/16/2020,CASA,386.00,386.00,386.00,386.00,0
10/16/2020,CASA-W,100.00,100.00,100.00,100.00,0
10/16/2020,CASH,550.00,560.00,530.00,540.00,2765400
10/16/2020,CASH-W,31.00,31.00,28.00,28.00,2445300
10/16/2020,CASS,208.00,212.00,208.00,210.00,555500
10/16/2020,CBMF,410.00,412.00,408.00,412.00,2538700
10/16/2020,CCSI,234.00,234.00,228.00,232.00,501300
10/16/2020,CEKA,1675.00,1715.00,1675.00,1675.00,19500
10/16/2020,CENT,134.00,135.00,132.00,133.00,1762300
10/16/2020,CFIN,191.00,191.00,188.00,189.00,2666200
10/16/2020,CINT,248.00,248.00,248.00,248.00,0
10/16/2020,CITA,2370.00,2470.00,2300.00,2470.00,1600
10/16/2020,CITY,112.00,112.00,108.00,108.00,3100
10/16/2020,CITY-W,16.00,16.00,16.00,16.00,2000
10/16/2020,CLAY,1875.00,1875.00,1875.00,1875.00,0
10/16/2020,CLEO,464.00,466.00,462.00,462.00,5588400
10/16/2020,CLPI,665.00,665.00,650.00,655.00,45300
10/16/2020,CMNP,1060.00,1060.00,1055.00,1055.00,4800
10/16/2020,CMPP,184.00,184.00,184.00,184.00,0
10/16/2020,CNKO,50.00,50.00,50.00,50.00,0
10/16/2020,CNTB,250.00,250.00,250.00,250.00,0
10/16/2020,CNTX,202.00,204.00,202.00,204.00,37700
10/16/2020,COCO,980.00,980.00,980.00,980.00,0
10/16/2020,COCO-W,400.00,400.00,400.00,400.00,0
10/16/2020,COWL,50.00,50.00,50.00,50.00,0
10/16/2020,CPIN,5850.00,5950.00,5825.00,5950.00,2270800
10/16/2020,CPRI,50.00,50.00,50.00,50.00,1800
10/16/2020,CPRI-W,14.00,14.00,14.00,14.00,0
10/16/2020,CPRO,50.00,50.00,50.00,50.00,2400
10/16/2020,CSAP,308.00,310.00,306.00,306.00,9300
10/16/2020,CSIS,51.00,51.00,50.00,50.00,361000
10/16/2020,CSMI,500.00,535.00,450.00,490.00,44800
10/16/2020,CSRA,336.00,348.00,324.00,334.00,3513000
10/16/2020,CTBN,3370.00,3370.00,3370.00,3370.00,0
10/16/2020,CTRA,755.00,775.00,745.00,775.00,39881500
10/16/2020,CTTH,50.00,50.00,50.00,50.00,205300
10/16/2020,DADA,53.00,53.00,51.00,52.00,10733200
10/16/2020,DADA-W,4.00,5.00,4.00,5.00,14386200
10/16/2020,DART,238.00,238.00,238.00,238.00,100
10/16/2020,DAYA,575.00,575.00,575.00,575.00,100
10/16/2020,DEAL,154.00,165.00,149.00,153.00,37744100
10/16/2020,DEAL-W,80.00,80.00,80.00,80.00,0
10/16/2020,DEFI,1645.00,1650.00,1630.00,1640.00,14700
10/16/2020,DEWA,50.00,50.00,50.00,50.00,300
10/16/2020,DFAM,338.00,338.00,322.00,322.00,400
10/16/2020,DFAM-W,120.00,120.00,120.00,120.00,0
10/16/2020,DGIK,50.00,50.00,50.00,50.00,200
10/16/2020,DIGI,1950.00,1950.00,1950.00,1950.00,0
10/16/2020,DILD,154.00,154.00,151.00,154.00,4376200
10/16/2020,DIVA,2400.00,2400.00,2400.00,2400.00,20200
10/16/2020,DKFT,112.00,114.00,109.00,109.00,8549100
10/16/2020,DLTA,4000.00,4050.00,4000.00,4010.00,3400
10/16/2020,DMAS,234.00,236.00,228.00,230.00,30629700
10/16/2020,DMMX,180.00,184.00,178.00,179.00,9039000
10/16/2020,DMND,900.00,905.00,895.00,905.00,5200
10/16/2020,DNAR,230.00,240.00,222.00,230.00,62400
10/16/2020,DNET,3260.00,3260.00,3230.00,3230.00,2200
10/16/2020,DOID,252.00,260.00,246.00,256.00,87779600
10/16/2020,DPNS,236.00,236.00,224.00,224.00,200
10/16/2020,DPUM,58.00,65.00,54.00,54.00,7373200
10/16/2020,DSFI,61.00,66.00,61.00,65.00,937700
10/16/2020,DSNG,474.00,484.00,472.00,482.00,6552200
10/16/2020,DSSA,16050.00,16050.00,16050.00,16050.00,0
10/16/2020,DUCK,310.00,328.00,292.00,296.00,61953700
10/16/2020,DUTI,3400.00,3430.00,3400.00,3430.00,400
10/16/2020,DVLA,2650.00,2650.00,2560.00,2650.00,14000
10/16/2020,DWGL,200.00,200.00,192.00,192.00,8800
10/16/2020,DWGL-W,33.00,37.00,33.00,37.00,700
10/16/2020,DYAN,50.00,50.00,50.00,50.00,500
10/16/2020,EAST,54.00,55.00,54.00,54.00,587600
10/16/2020,EAST-W,6.00,7.00,5.00,6.00,3835600
10/16/2020,ECII,800.00,800.00,800.00,800.00,0
10/16/2020,EKAD,1265.00,1270.00,1250.00,1265.00,202100
10/16/2020,ELSA,212.00,216.00,212.00,214.00,13041700
10/16/2020,ELTY,50.00,50.00,50.00,50.00,0
10/16/2020,EMDE,190.00,200.00,190.00,200.00,85300
10/16/2020,EMTK,7475.00,7475.00,7475.00,7475.00,500
10/16/2020,ENRG,51.00,52.00,51.00,51.00,8956500
10/16/2020,ENVY,50.00,51.00,50.00,51.00,34279200
10/16/2020,ENZO,50.00,51.00,50.00,50.00,9763000
10/16/2020,ENZO-W,8.00,8.00,7.00,8.00,3448400
10/16/2020,EPAC,328.00,332.00,306.00,306.00,23074700
10/16/2020,EPMT,1915.00,1930.00,1850.00,1850.00,16300
10/16/2020,ERAA,1650.00,1675.00,1640.00,1650.00,5444300
10/16/2020,ERTX,117.00,117.00,117.00,117.00,1400
10/16/2020,ESIP,134.00,151.00,134.00,134.00,57025400
10/16/2020,ESIP-W,11.00,12.00,10.00,11.00,3008800
10/16/2020,ESSA,139.00,144.00,138.00,140.00,3349200
10/16/2020,ESTA,102.00,102.00,98.00,100.00,15900
10/16/2020,ESTI,56.00,75.00,56.00,73.00,82716500
10/16/2020,ETWA,62.00,62.00,62.00,62.00,0
10/16/2020,EXCL,2130.00,2160.00,2110.00,2130.00,8366500
10/16/2020,FAST,940.00,950.00,935.00,950.00,78100
10/16/2020,FASW,6550.00,6550.00,6550.00,6550.00,200
10/16/2020,FILM,204.00,222.00,202.00,212.00,21561100
10/16/2020,FINN,50.00,50.00,50.00,50.00,0
10/16/2020,FIRE,282.00,306.00,260.00,260.00,74620700
10/16/2020,FISH,2730.00,2730.00,2730.00,2730.00,0
10/16/2020,FITT,63.00,64.00,63.00,63.00,21500
10/16/2020,FITT-W,18.00,18.00,7.00,18.00,700
10/16/2020,FMII,374.00,374.00,374.00,374.00,0
10/16/2020,FOOD,115.00,116.00,113.00,113.00,474300
10/16/2020,FORU,94.00,94.00,94.00,94.00,0
10/16/2020,FORZ,50.00,50.00,50.00,50.00,300
10/16/2020,FPNI,116.00,120.00,114.00,115.00,6853100
10/16/2020,FREN,83.00,84.00,82.00,82.00,74205800
10/16/2020,FREN-W,40.00,41.00,37.00,37.00,4392000
10/16/2020,FUJI,107.00,107.00,106.00,107.00,3500
10/16/2020,GAMA,50.00,50.00,50.00,50.00,103600
10/16/2020,GDST,73.00,86.00,72.00,73.00,45628000
10/16/2020,GDYR,1400.00,1400.00,1400.00,1400.00,0
10/16/2020,GEMA,372.00,372.00,372.00,372.00,0
10/16/2020,GEMS,2550.00,2550.00,2550.00,2550.00,0
10/16/2020,GGRM,43500.00,43900.00,43025.00,43900.00,616100
10/16/2020,GGRP,360.00,360.00,334.00,336.00,122600
10/16/2020,GHON,1640.00,2000.00,1640.00,1895.00,600
10/16/2020,GIAA,246.00,250.00,240.00,244.00,20977000
10/16/2020,GJTL,480.00,488.00,468.00,468.00,6290300
10/16/2020,GLOB,127.00,154.00,119.00,119.00,30100
10/16/2020,GLVA,312.00,324.00,312.00,318.00,16300
10/16/2020,GMFI,81.00,81.00,79.00,80.00,2233500
10/16/2020,GMTD,17800.00,17800.00,17800.00,17800.00,0
10/16/2020,GOLD,206.00,206.00,206.00,206.00,0
10/16/2020,GOLL,50.00,50.00,50.00,50.00,0
10/16/2020,GOOD,1270.00,1270.00,1230.00,1250.00,306700
10/16/2020,GPRA,51.00,51.00,50.00,50.00,109600
10/16/2020,GREN,328.00,328.00,328.00,328.00,0
10/16/2020,GSMF,88.00,88.00,88.00,88.00,100
10/16/2020,GTBO,75.00,75.00,75.00,75.00,0
10/16/2020,GWSA,93.00,125.00,93.00,119.00,1379500
10/16/2020,GZCO,50.00,50.00,50.00,50.00,0
10/16/2020,HADE,50.00,50.00,50.00,50.00,0
10/16/2020,HDFA,150.00,150.00,150.00,150.00,0
10/16/2020,HDIT,390.00,390.00,366.00,374.00,17400
10/16/2020,HDTX,120.00,120.00,120.00,120.00,0
10/16/2020,HEAL,3200.00,3200.00,3150.00,3150.00,233600
10/16/2020,HELI,190.00,208.00,190.00,195.00,1200
10/16/2020,HELI-W,7.00,8.00,6.00,7.00,140400
10/16/2020,HERO,840.00,855.00,800.00,820.00,123100
10/16/2020,HEXA,3100.00,3120.00,3050.00,3080.00,132600
10/16/2020,HITS,440.00,440.00,440.00,440.00,100
10/16/2020,HKMU,74.00,74.00,72.00,74.00,13525600
10/16/2020,HMSP,1520.00,1540.00,1510.00,1525.00,13033300
10/16/2020,HOKI,815.00,865.00,815.00,860.00,42870600
10/16/2020,HOKI-W,500.00,500.00,500.00,500.00,0
10/16/2020,HOME,50.00,50.00,50.00,50.00,0
10/16/2020,HOMI,1050.00,1050.00,995.00,1000.00,1275400
10/16/2020,HOTL,50.00,50.00,50.00,50.00,0
10/16/2020,HRME,50.00,50.00,50.00,50.00,394900
10/16/2020,HRTA,191.00,194.00,190.00,192.00,1829200
10/16/2020,HRUM,1625.00,1680.00,1610.00,1680.00,3554400
10/16/2020,IATA,50.00,50.00,50.00,50.00,1300
10/16/2020,IBFN,278.00,282.00,278.00,282.00,5100
10/16/2020,IBFN-W,5.00,6.00,5.00,6.00,200
10/16/2020,IBST,8000.00,8000.00,8000.00,8000.00,0
10/16/2020,ICBP,9775.00,9925.00,9750.00,9750.00,7227300
10/16/2020,ICON,56.00,56.00,55.00,55.00,10200
10/16/2020,IDPR,160.00,169.00,159.00,168.00,6600
10/16/2020,IFII,121.00,122.00,117.00,117.00,401400
10/16/2020,IFSH,380.00,390.00,360.00,360.00,1500
10/16/2020,IGAR,318.00,340.00,314.00,314.00,225400
10/16/2020,IIKP,50.00,50.00,50.00,50.00,0
10/16/2020,IKAI,50.00,50.00,50.00,50.00,101700
10/16/2020,IKAN,194.00,194.00,181.00,181.00,4163900
10/16/2020,IKBI,212.00,212.00,208.00,212.00,22700
10/16/2020,IMAS,700.00,720.00,680.00,715.00,9290200
10/16/2020,IMJS,244.00,250.00,238.00,240.00,5284300
10/16/2020,IMPC,1220.00,1225.00,1215.00,1215.00,503300
10/16/2020,INAF,3420.00,3500.00,3360.00,3390.00,6387700
10/16/2020,INAI,336.00,336.00,332.00,332.00,9100
10/16/2020,INCF,59.00,59.00,57.00,57.00,142300
10/16/2020,INCI,630.00,635.00,620.00,625.00,33000
10/16/2020,INCO,4000.00,4070.00,3930.00,3960.00,13702000
10/16/2020,INDF,7050.00,7100.00,7000.00,7075.00,10694800
10/16/2020,INDO,104.00,109.00,104.00,104.00,56200
10/16/2020,INDO-W,19.00,20.00,17.00,19.00,39400
10/16/2020,INDR,2220.00,2280.00,2220.00,2270.00,2500
10/16/2020,INDS,2000.00,2100.00,1930.00,2100.00,2400
10/16/2020,INDX,50.00,52.00,50.00,51.00,21600
10/16/2020,INDY,950.00,1000.00,920.00,995.00,39412300
10/16/2020,INKP,8600.00,8675.00,8500.00,8575.00,3454300
10/16/2020,INOV,166.00,166.00,146.00,155.00,194500
10/16/2020,INPC,51.00,52.00,50.00,50.00,1255800
10/16/2020,INPC-W,3.00,4.00,3.00,3.00,12774300
10/16/2020,INPP,690.00,690.00,690.00,690.00,0
10/16/2020,INPS,1470.00,1470.00,1425.00,1460.00,725000
10/16/2020,INRU,1000.00,1000.00,1000.00,1000.00,0
10/16/2020,INTA,210.00,210.00,204.00,206.00,10500
10/16/2020,INTD,172.00,172.00,151.00,152.00,42800
10/16/2020,INTP,11725.00,11850.00,11375.00,11800.00,2279500
10/16/2020,IPCC,390.00,392.00,386.00,390.00,474300
10/16/2020,IPCM,222.00,226.00,220.00,220.00,9800
10/16/2020,IPOL,87.00,93.00,86.00,91.00,555700
10/16/2020,IPTV,292.00,292.00,286.00,288.00,1266400
10/16/2020,IPTV-W,26.00,30.00,26.00,26.00,341100
10/16/2020,IRRA,890.00,895.00,860.00,865.00,24577900
10/16/2020,ISAT,2040.00,2080.00,2030.00,2050.00,3887500
10/16/2020,ISSP,129.00,133.00,126.00,127.00,13811100
10/16/2020,ITIC,720.00,755.00,685.00,705.00,916500
10/16/2020,ITMA,490.00,525.00,470.00,505.00,38500
10/16/2020,ITMA-W,50.00,50.00,46.00,46.00,42400
10/16/2020,ITMG,8100.00,8325.00,8075.00,8300.00,3078600
10/16/2020,JAST,117.00,117.00,106.00,107.00,38816600
10/16/2020,JAWA,53.00,56.00,53.00,53.00,52500
10/16/2020,JAYA,108.00,108.00,104.00,104.00,72200
10/16/2020,JAYA-W,11.00,12.00,10.00,11.00,143100
10/16/2020,JECC,6200.00,6200.00,6200.00,6200.00,0
10/16/2020,JGLE,50.00,50.00,50.00,50.00,0
10/16/2020,JIHD,428.00,428.00,428.00,428.00,0
10/16/2020,JKON,340.00,340.00,340.00,340.00,100000
10/16/2020,JKSW,60.00,60.00,60.00,60.00,0
10/16/2020,JMAS,145.00,145.00,142.00,143.00,11100
10/16/2020,JPFA,1150.00,1160.00,1135.00,1135.00,4785400
10/16/2020,JRPT,422.00,424.00,416.00,422.00,834200
10/16/2020,JSKY,234.00,238.00,216.00,216.00,73753700
10/16/2020,JSMR,3750.00,3750.00,3600.00,3740.00,8011300
10/16/2020,JSPT,970.00,970.00,970.00,970.00,0
10/16/2020,JTPE,890.00,890.00,885.00,890.00,130900
10/16/2020,KAEF,3380.00,3480.00,3340.00,3340.00,29941900
10/16/2020,KARW,70.00,79.00,68.00,70.00,8932000
10/16/2020,KAYU,59.00,66.00,59.00,59.00,26806500
10/16/2020,KBAG,60.00,66.00,60.00,62.00,667385100
10/16/2020,KBAG-W,6.00,6.00,5.00,6.00,9821000
10/16/2020,KBLI,314.00,316.00,310.00,314.00,764800
10/16/2020,KBLM,196.00,199.00,195.00,198.00,36400
10/16/2020,KBLV,418.00,424.00,418.00,420.00,19500
10/16/2020,KBRI,50.00,50.00,50.00,50.00,0
10/16/2020,KDSI,735.00,735.00,735.00,735.00,0
10/16/2020,KEEN,304.00,306.00,302.00,306.00,2086400
10/16/2020,KEJU,1200.00,1210.00,1170.00,1195.00,582900
10/16/2020,KIAS,50.00,50.00,50.00,50.00,0
10/16/2020,KICI,230.00,230.00,230.00,230.00,0
10/16/2020,KIJA,204.00,208.00,202.00,204.00,12799700
10/16/2020,KINO,2980.00,3150.00,2960.00,2990.00,118300
10/16/2020,KIOS,154.00,176.00,154.00,168.00,24600
10/16/2020,KJEN,1375.00,1375.00,1375.00,1375.00,0
10/16/2020,KKGI,200.00,200.00,198.00,200.00,5600
10/16/2020,KLBF,1555.00,1565.00,1540.00,1550.00,20957300
10/16/2020,KMDS,625.00,625.00,570.00,580.00,43800
10/16/2020,KMTR,302.00,302.00,302.00,302.00,6000
10/16/2020,KOBX,100.00,117.00,100.00,102.00,7400800
10/16/2020,KOIN,99.00,99.00,99.00,99.00,0
10/16/2020,KONI,480.00,480.00,480.00,480.00,0
10/16/2020,KOPI,444.00,444.00,444.00,444.00,100
10/16/2020,KOTA,400.00,400.00,392.00,392.00,73000
10/16/2020,KOTA-W,52.00,52.00,52.00,52.00,100
10/16/2020,KPAL,54.00,55.00,53.00,53.00,1830800
10/16/2020,KPAS,64.00,72.00,64.00,64.00,22307800
10/16/2020,KPAS-W,21.00,27.00,20.00,26.00,541700
10/16/2020,KPIG,105.00,105.00,103.00,105.00,995200
10/16/2020,KRAH,436.00,436.00,436.00,436.00,0
10/16/2020,KRAS,376.00,386.00,368.00,370.00,48523000
10/16/2020,KREN,105.00,107.00,102.00,104.00,6310800
10/16/2020,LAND,178.00,184.00,178.00,179.00,34800
10/16/2020,LAPD,50.00,50.00,50.00,50.00,0
10/16/2020,LCGP,114.00,114.00,114.00,114.00,0
10/16/2020,LCKM,356.00,360.00,356.00,360.00,18200
10/16/2020,LEAD,50.00,50.00,50.00,50.00,100
10/16/2020,LIFE,5700.00,5700.00,5700.00,5700.00,0
10/16/2020,LINK,2200.00,2220.00,2130.00,2130.00,7253700
10/16/2020,LION,238.00,238.00,238.00,238.00,27000
10/16/2020,LMAS,50.00,50.00,50.00,50.00,0
10/16/2020,LMPI,82.00,82.00,80.00,80.00,99300
10/16/2020,LMSH,260.00,260.00,260.00,260.00,200
10/16/2020,LPCK,785.00,795.00,780.00,790.00,526200
10/16/2020,LPGI,3400.00,3400.00,3350.00,3360.00,3700
10/16/2020,LPIN,224.00,230.00,218.00,230.00,3000
10/16/2020,LPKR,130.00,131.00,128.00,130.00,16784500
10/16/2020,LPLI,85.00,85.00,85.00,85.00,89800
10/16/2020,LPPF,1025.00,1035.00,1005.00,1025.00,13607900
10/16/2020,LPPS,83.00,83.00,82.00,82.00,76800
10/16/2020,LRNA,120.00,120.00,120.00,120.00,100
10/16/2020,LSIP,935.00,940.00,910.00,925.00,13682700
10/16/2020,LTLS,422.00,436.00,420.00,430.00,72300
10/16/2020,LUCK,176.00,177.00,174.00,175.00,824300
10/16/2020,MABA,50.00,50.00,50.00,50.00,0
10/16/2020,MAGP,50.00,50.00,50.00,50.00,0
10/16/2020,MAIN,550.00,560.00,550.00,560.00,1152700
10/16/2020,MAMI,50.00,50.00,50.00,50.00,10100
10/16/2020,MAMI-W,4.00,5.00,4.00,4.00,801700
10/16/2020,MAMIP,600.00,600.00,600.00,600.00,0
10/16/2020,MAPA,2050.00,2150.00,2030.00,2110.00,190800
10/16/2020,MAPB,1260.00,1260.00,1260.00,1260.00,100
10/16/2020,MAPI,655.00,660.00,635.00,640.00,3758100
10/16/2020,MARI,50.00,50.00,50.00,50.00,100600
10/16/2020,MARK,865.00,870.00,860.00,860.00,2590900
10/16/2020,MASA,570.00,570.00,555.00,555.00,200
10/16/2020,MAYA,5900.00,5900.00,5900.00,5900.00,0
10/16/2020,MBAP,2220.00,2260.00,2160.00,2190.00,142600
10/16/2020,MBSS,372.00,386.00,370.00,376.00,196300
10/16/2020,MBTO,79.00,86.00,78.00,79.00,478200
10/16/2020,MCAS,2450.00,2460.00,2270.00,2300.00,1700800
10/16/2020,MCOR,120.00,123.00,119.00,120.00,2100000
10/16/2020,MDIA,50.00,50.00,50.00,50.00,0
10/16/2020,MDKA,1835.00,1845.00,1775.00,1800.00,36840300
10/16/2020,MDKI,156.00,158.00,154.00,158.00,18200
10/16/2020,MDLN,51.00,51.00,51.00,51.00,0
10/16/2020,MDRN,50.00,50.00,50.00,50.00,0
10/16/2020,MEDC,384.00,388.00,376.00,380.00,57568500
10/16/2020,MEDC-W,26.00,26.00,26.00,26.00,0
10/16/2020,MEGA,7175.00,7175.00,7175.00,7175.00,0
10/16/2020,MERK,3140.00,3140.00,3110.00,3140.00,16800
10/16/2020,META,104.00,104.00,103.00,104.00,186300
10/16/2020,MFIN,1115.00,1115.00,1105.00,1105.00,20200
10/16/2020,MFMI,530.00,535.00,530.00,535.00,8700
10/16/2020,MGNA,50.00,50.00,50.00,50.00,0
10/16/2020,MGRO,795.00,800.00,785.00,790.00,2231400
10/16/2020,MICE,294.00,294.00,290.00,294.00,16600
10/16/2020,MIDI,1290.00,1290.00,1290.00,1290.00,0
10/16/2020,MIKA,2730.00,2770.00,2640.00,2660.00,28655800
10/16/2020,MINA,50.00,50.00,50.00,50.00,0
10/16/2020,MIRA,50.00,50.00,50.00,50.00,0
10/16/2020,MITI,51.00,51.00,51.00,51.00,0
10/16/2020,MKNT,50.00,50.00,50.00,50.00,947100
10/16/2020,MKPI,22000.00,22200.00,22000.00,22200.00,300
10/16/2020,MLBI,9000.00,9200.00,9000.00,9200.00,7000
10/16/2020,MLIA,430.00,430.00,420.00,420.00,6229600
10/16/2020,MLPL,50.00,51.00,50.00,50.00,750600
10/16/2020,MLPT,600.00,600.00,595.00,595.00,182000
10/16/2020,MMLP,280.00,280.00,270.00,270.00,5654400
10/16/2020,MNCN,810.00,815.00,800.00,805.00,44732000
10/16/2020,MOLI,870.00,880.00,870.00,880.00,19000
10/16/2020,MPMX,366.00,368.00,350.00,356.00,18879700
10/16/2020,MPOW,76.00,80.00,72.00,72.00,795600
10/16/2020,MPPA,100.00,101.00,94.00,95.00,7828600
10/16/2020,MPRO,890.00,890.00,890.00,890.00,0
10/16/2020,MRAT,138.00,138.00,134.00,134.00,8900
10/16/2020,MREI,4700.00,4700.00,4700.00,4700.00,0
10/16/2020,MSIN,298.00,298.00,290.00,298.00,254200
10/16/2020,MSKY,800.00,810.00,780.00,810.00,15800
10/16/2020,MTDL,1605.00,1615.00,1595.00,1610.00,1518000
10/16/2020,MTFN,50.00,50.00,50.00,50.00,0
10/16/2020,MTLA,420.00,448.00,420.00,446.00,4100
10/16/2020,MTPS,348.00,348.00,348.00,348.00,5500
10/16/2020,MTRA,244.00,244.00,244.00,244.00,0
10/16/2020,MTSM,218.00,218.00,218.00,218.00,100
10/16/2020,MTWI,55.00,58.00,52.00,52.00,2483100
10/16/2020,MYOH,1150.00,1150.00,1110.00,1140.00,32000
10/16/2020,MYOR,2410.00,2450.00,2390.00,2410.00,2484000
10/16/2020,MYRX,50.00,50.00,50.00,50.00,0
10/16/2020,MYRXP,50.00,50.00,50.00,50.00,0
10/16/2020,MYTX,53.00,53.00,50.00,53.00,162600
10/16/2020,NASA,104.00,104.00,104.00,104.00,0
10/16/2020,NATO,535.00,545.00,505.00,515.00,212200500
10/16/2020,NATO-W,196.00,196.00,196.00,196.00,300
10/16/2020,NELY,148.00,150.00,148.00,150.00,10600
10/16/2020,NFCX,1820.00,1850.00,1750.00,1850.00,151000
10/16/2020,NICK,320.00,320.00,320.00,320.00,100
10/16/2020,NIKL,785.00,800.00,760.00,785.00,3650500
10/16/2020,NIPS,282.00,282.00,282.00,282.00,0
10/16/2020,NIRO,150.00,150.00,146.00,150.00,180400
10/16/2020,NISP,725.00,735.00,725.00,730.00,36500
10/16/2020,NOBU,820.00,820.00,820.00,820.00,0
10/16/2020,NRCA,304.00,304.00,294.00,302.00,175500
10/16/2020,NUSA,50.00,50.00,50.00,50.00,0
10/16/2020,NZIA,248.00,248.00,248.00,248.00,23600
10/16/2020,OASA,358.00,358.00,358.00,358.00,0
10/16/2020,OCAP,159.00,159.00,159.00,159.00,0
10/16/2020,OKAS,137.00,141.00,130.00,130.00,2562300
10/16/2020,OMRE,294.00,294.00,294.00,294.00,0
10/16/2020,OPMS,187.00,202.00,185.00,202.00,14934300
10/16/2020,PADI,50.00,50.00,50.00,50.00,200
10/16/2020,PALM,272.00,274.00,270.00,270.00,511600
10/16/2020,PAMG,88.00,90.00,83.00,90.00,17454900
10/16/2020,PANI,109.00,109.00,103.00,103.00,6000
10/16/2020,PANR,93.00,94.00,87.00,87.00,2975900
10/16/2020,PANS,800.00,805.00,795.00,805.00,80300
10/16/2020,PBID,880.00,880.00,870.00,880.00,65100
10/16/2020,PBRX,226.00,226.00,220.00,224.00,58700
10/16/2020,PBSA,600.00,600.00,600.00,600.00,0
10/16/2020,PCAR,316.00,316.00,316.00,316.00,1500
10/16/2020,PDES,200.00,200.00,200.00,200.00,100
10/16/2020,PEGE,119.00,119.00,115.00,119.00,300
10/16/2020,PEHA,1640.00,1680.00,1630.00,1640.00,405500
10/16/2020,PGAS,1040.00,1050.00,1020.00,1030.00,86552600
10/16/2020,PGJO,37.00,37.00,34.00,34.00,798400
10/16/2020,PGLI,155.00,155.00,155.00,155.00,500
10/16/2020,PGUN,254.00,254.00,252.00,252.00,3100
10/16/2020,PICO,149.00,157.00,149.00,152.00,2118200
10/16/2020,PJAA,500.00,500.00,494.00,494.00,121200
10/16/2020,PKPK,50.00,51.00,50.00,50.00,529400
10/16/2020,PLAN,280.00,288.00,274.00,284.00,11608000
10/16/2020,PLAN-W,9.00,9.00,7.00,8.00,13777600
10/16/2020,PLAS,50.00,50.00,50.00,50.00,0
10/16/2020,PLIN,2490.00,2490.00,2490.00,2490.00,0
10/16/2020,PMJS,130.00,130.00,125.00,125.00,13000
10/16/2020,PNBN,780.00,790.00,775.00,780.00,1351400
10/16/2020,PNBS,50.00,50.00,50.00,50.00,62700
10/16/2020,PNGO,640.00,640.00,580.00,605.00,3700
10/16/2020,PNIN,695.00,700.00,695.00,695.00,687500
10/16/2020,PNLF,188.00,188.00,186.00,187.00,14235700
10/16/2020,PNSE,735.00,735.00,735.00,735.00,0
10/16/2020,POLA,53.00,57.00,53.00,54.00,10400
10/16/2020,POLA-W,46.00,46.00,46.00,46.00,0
10/16/2020,POLI,1050.00,1050.00,975.00,1000.00,9000
10/16/2020,POLL,5850.00,6100.00,5275.00,5525.00,10700
10/16/2020,POLU,990.00,990.00,990.00,990.00,0
10/16/2020,POLY,50.00,50.00,50.00,50.00,800
10/16/2020,POOL,50.00,50.00,50.00,50.00,0
10/16/2020,PORT,482.00,484.00,452.00,452.00,3100
10/16/2020,POSA,50.00,50.00,50.00,50.00,1900
10/16/2020,POSA-W,2.00,3.00,1.00,2.00,6820400
10/16/2020,POWR,595.00,600.00,585.00,590.00,2266400
10/16/2020,PPGL,366.00,382.00,366.00,374.00,5955700
10/16/2020,PPGL-W,16.00,17.00,15.00,16.00,3487300
10/16/2020,PPRE,169.00,222.00,168.00,186.00,315230300
10/16/2020,PPRO,50.00,50.00,50.00,50.00,3300000
10/16/2020,PRAS,114.00,114.00,114.00,114.00,10000
10/16/2020,PRDA,2950.00,2990.00,2740.00,2990.00,765900
10/16/2020,PRIM,250.00,250.00,250.00,250.00,4700
10/16/2020,PRIM-W,6.00,6.00,6.00,6.00,155100
10/16/2020,PSAB,222.00,224.00,218.00,218.00,13110500
10/16/2020,PSDN,114.00,125.00,105.00,113.00,1268500
10/16/2020,PSGO,99.00,105.00,99.00,105.00,13000
10/16/2020,PSKT,50.00,50.00,50.00,50.00,300
10/16/2020,PSSI,172.00,175.00,171.00,174.00,360900
10/16/2020,PTBA,2010.00,2060.00,1995.00,2050.00,26072500
10/16/2020,PTIS,155.00,155.00,145.00,145.00,1100
10/16/2020,PTPP,915.00,935.00,910.00,925.00,16190400
10/16/2020,PTPW,1460.00,1475.00,1450.00,1455.00,1081100
10/16/2020,PTRO,1715.00,1725.00,1680.00,1705.00,307900
10/16/2020,PTSN,214.00,218.00,212.00,212.00,943600
10/16/2020,PTSP,4680.00,4680.00,4680.00,4680.00,0
10/16/2020,PUDP,206.00,206.00,206.00,206.00,100
10/16/2020,PURA,132.00,138.00,130.00,138.00,228870800
10/16/2020,PURA-W,17.00,20.00,17.00,20.00,47400700
10/16/2020,PURE,286.00,294.00,278.00,282.00,6668800
10/16/2020,PURE-W,28.00,29.00,27.00,27.00,3276800
10/16/2020,PURI,326.00,326.00,326.00,326.00,3100
10/16/2020,PWON,390.00,398.00,390.00,392.00,81723300
10/16/2020,PYFA,970.00,970.00,920.00,920.00,3226100
10/16/2020,PZZA,640.00,665.00,640.00,640.00,5067200
10/16/2020,R-ABFII,28600.00,28600.00,28600.00,28600.00,0
10/16/2020,R-LQ45X,825.00,825.00,815.00,820.00,12700
10/16/2020,RAJA,123.00,128.00,122.00,124.00,17340700
10/16/2020,RALS,575.00,580.00,560.00,565.00,5302600
10/16/2020,RANC,408.00,414.00,402.00,406.00,855600
10/16/2020,RBMS,50.00,50.00,50.00,50.00,5200
10/16/2020,RDTX,5925.00,5925.00,5925.00,5925.00,0
10/16/2020,REAL,50.00,50.00,50.00,50.00,2200
10/16/2020,REAL-W,3.00,3.00,2.00,3.00,9813100
10/16/2020,RELI,346.00,346.00,340.00,346.00,2600
10/16/2020,RICY,94.00,94.00,93.00,93.00,200
10/16/2020,RIGS,226.00,226.00,218.00,226.00,26100
10/16/2020,RIMO,50.00,50.00,50.00,50.00,0
10/16/2020,RISE,448.00,452.00,446.00,446.00,296100
10/16/2020,RMBA,330.00,368.00,328.00,368.00,194000
10/16/2020,ROCK,1130.00,1145.00,1100.00,1125.00,26800
10/16/2020,RODA,54.00,57.00,54.00,54.00,182900
10/16/2020,RONY,368.00,404.00,366.00,366.00,1595300
10/16/2020,ROTI,1235.00,1245.00,1235.00,1245.00,39900
10/16/2020,RUIS,230.00,270.00,220.00,270.00,451400
10/16/2020,SAFE,185.00,185.00,174.00,185.00,216000
10/16/2020,SAME,125.00,126.00,123.00,123.00,5533500
10/16/2020,SAMF,384.00,384.00,380.00,380.00,2100
10/16/2020,SAPX,2150.00,2150.00,2150.00,2150.00,0
10/16/2020,SATU,50.00,50.00,50.00,50.00,4800
10/16/2020,SBAT,95.00,112.00,95.00,95.00,109439300
10/16/2020,SBAT-W,9.00,11.00,9.00,10.00,63542200
10/16/2020,SCCO,10100.00,10100.00,10100.00,10100.00,100
10/16/2020,SCMA,1300.00,1340.00,1290.00,1300.00,6142800
10/16/2020,SCNP,220.00,228.00,216.00,218.00,81400
10/16/2020,SCPI,29000.00,29000.00,29000.00,29000.00,0
10/16/2020,SDMU,50.00,50.00,50.00,50.00,100
10/16/2020,SDPC,101.00,105.00,101.00,104.00,20300
10/16/2020,SDRA,810.00,810.00,810.00,810.00,0
10/16/2020,SFAN,960.00,970.00,950.00,950.00,936600
10/16/2020,SGER,414.00,456.00,414.00,456.00,7078700
10/16/2020,SGER-W,150.00,165.00,146.00,151.00,169600
10/16/2020,SGRO,1430.00,1490.00,1430.00,1455.00,363800
10/16/2020,SHID,3500.00,3500.00,3500.00,3500.00,0
10/16/2020,SHIP,570.00,570.00,560.00,565.00,376300
10/16/2020,SIDO,760.00,775.00,760.00,765.00,13640900
10/16/2020,SILO,4900.00,4970.00,4890.00,4890.00,20800
10/16/2020,SIMA,50.00,50.00,50.00,50.00,0
10/16/2020,SIMP,320.00,322.00,314.00,316.00,4733700
10/16/2020,SINI,468.00,468.00,418.00,448.00,33900
10/16/2020,SINI-W,204.00,242.00,204.00,242.00,600
10/16/2020,SIPD,1130.00,1175.00,1120.00,1120.00,132300
10/16/2020,SKBM,372.00,372.00,372.00,372.00,0
10/16/2020,SKLT,1370.00,1370.00,1370.00,1370.00,0
10/16/2020,SKRN,600.00,600.00,590.00,590.00,352300
10/16/2020,SKYB,51.00,51.00,51.00,51.00,0
10/16/2020,SLIS,4870.00,4900.00,4860.00,4860.00,57200
10/16/2020,SMAR,2900.00,2900.00,2890.00,2890.00,1900
10/16/2020,SMBR,510.00,520.00,505.00,505.00,8678200
10/16/2020,SMCB,1015.00,1090.00,1015.00,1090.00,217800
10/16/2020,SMDM,93.00,93.00,93.00,93.00,1100
10/16/2020,SMDR,272.00,274.00,268.00,270.00,852000
10/16/2020,SMGR,9100.00,9200.00,9075.00,9175.00,2755200
10/16/2020,SMKL,195.00,195.00,182.00,186.00,1110200
10/16/2020,SMKL-W,16.00,21.00,16.00,21.00,10200
10/16/2020,SMMA,15775.00,15775.00,15775.00,15775.00,0
10/16/2020,SMMT,90.00,90.00,85.00,89.00,36100
10/16/2020,SMRA,625.00,650.00,620.00,650.00,40717900
10/16/2020,SMRU,50.00,50.00,50.00,50.00,0
10/16/2020,SMSM,1325.00,1375.00,1310.00,1350.00,2585900
10/16/2020,SOCI,123.00,123.00,120.00,121.00,6057900
10/16/2020,SOFA,100.00,101.00,100.00,100.00,48800
10/16/2020,SOFA-W,5.00,6.00,5.00,6.00,4899000
10/16/2020,SOHO,5950.00,5950.00,5700.00,5700.00,87200
10/16/2020,SONA,5825.00,5825.00,5825.00,5825.00,0
10/16/2020,SOSS,416.00,416.00,398.00,408.00,500
10/16/2020,SOSS-W,57.00,57.00,56.00,56.00,2600
10/16/2020,SOTS,214.00,214.00,214.00,214.00,100
10/16/2020,SOTS-W,29.00,29.00,29.00,29.00,0
10/16/2020,SPMA,280.00,284.00,280.00,280.00,2000
10/16/2020,SPTO,400.00,408.00,400.00,408.00,87600
10/16/2020,SQMI,169.00,170.00,165.00,168.00,7087700
10/16/2020,SRAJ,124.00,130.00,124.00,130.00,1200
10/16/2020,SRIL,204.00,206.00,202.00,204.00,7075000
10/16/2020,SRSN,57.00,59.00,54.00,54.00,44042600
10/16/2020,SRTG,3280.00,3300.00,3260.00,3300.00,459300
10/16/2020,SSIA,448.00,454.00,444.00,448.00,15576200
10/16/2020,SSMS,825.00,835.00,810.00,835.00,40200
10/16/2020,SSTM,525.00,525.00,500.00,520.00,34600
10/16/2020,STAR,130.00,130.00,130.00,130.00,100
10/16/2020,STTP,6625.00,6625.00,6625.00,6625.00,0
10/16/2020,SUGI,50.00,50.00,50.00,50.00,0
10/16/2020,SULI,50.00,50.00,50.00,50.00,0
10/16/2020,SUPR,3850.00,3850.00,3850.00,3850.00,0
10/16/2020,SURE,2910.00,2910.00,2910.00,2910.00,0
10/16/2020,SWAT,101.00,102.00,97.00,101.00,664800
10/16/2020,TALF,296.00,296.00,296.00,296.00,0
10/16/2020,TAMA,158.00,158.00,138.00,150.00,35400
10/16/2020,TAMA-W,5.00,7.00,5.00,5.00,4144000
10/16/2020,TAMU,53.00,53.00,51.00,53.00,4792500
10/16/2020,TARA,50.00,50.00,50.00,50.00,500
10/16/2020,TAXI,50.00,50.00,50.00,50.00,300
10/16/2020,TBIG,1440.00,1485.00,1435.00,1480.00,34466000
10/16/2020,TBLA,760.00,765.00,740.00,755.00,2201400
10/16/2020,TBMS,700.00,730.00,700.00,700.00,9200
10/16/2020,TCID,6400.00,6400.00,6375.00,6375.00,6100
10/16/2020,TCPI,5275.00,5500.00,5250.00,5500.00,9264000
10/16/2020,TDPM,140.00,143.00,140.00,140.00,3630800
10/16/2020,TEBE,1400.00,1400.00,1400.00,1400.00,0
10/16/2020,TECH,166.00,169.00,166.00,166.00,578100
10/16/2020,TELE,121.00,121.00,121.00,121.00,0
10/16/2020,TFAS,170.00,170.00,170.00,170.00,400
10/16/2020,TFCO,500.00,500.00,446.00,488.00,1000
10/16/2020,TGKA,8200.00,8200.00,8200.00,8200.00,0
10/16/2020,TGRA,100.00,113.00,100.00,104.00,58821300
10/16/2020,TIFA,515.00,515.00,515.00,515.00,916700
10/16/2020,TINS,835.00,850.00,790.00,805.00,65135000
10/16/2020,TIRA,294.00,294.00,234.00,234.00,18200
10/16/2020,TIRT,50.00,54.00,50.00,50.00,90900
10/16/2020,TKIM,6175.00,6225.00,6100.00,6100.00,1774900
10/16/2020,TLKM,2780.00,2780.00,2720.00,2750.00,135175000
10/16/2020,TMAS,106.00,109.00,105.00,106.00,471300
10/16/2020,TMPO,109.00,109.00,109.00,109.00,40000
10/16/2020,TNCA,270.00,270.00,258.00,268.00,19700
10/16/2020,TOBA,392.00,392.00,390.00,390.00,51600
10/16/2020,TOPS,50.00,50.00,50.00,50.00,2300
10/16/2020,TOTL,284.00,288.00,282.00,282.00,876500
10/16/2020,TOTO,210.00,212.00,210.00,210.00,16800
10/16/2020,TOWR,1025.00,1030.00,1015.00,1025.00,51684900
10/16/2020,TOYS,550.00,550.00,535.00,545.00,2127700
10/16/2020,TOYS-W,10.00,12.00,10.00,11.00,318300
10/16/2020,TPIA,7775.00,7800.00,7625.00,7700.00,2104600
10/16/2020,TPMA,336.00,336.00,318.00,332.00,3300
10/16/2020,TRAM,50.00,50.00,50.00,50.00,0
10/16/2020,TRAM-W,11.00,11.00,11.00,11.00,0
10/16/2020,TRIL,50.00,50.00,50.00,50.00,0
10/16/2020,TRIM,109.00,110.00,109.00,110.00,1000
10/16/2020,TRIN,242.00,244.00,228.00,240.00,3224700
10/16/2020,TRIN-W,9.00,9.00,8.00,8.00,1385900
10/16/2020,TRIO,426.00,426.00,426.00,426.00,0
10/16/2020,TRIS,202.00,216.00,202.00,216.00,2500
10/16/2020,TRIS-W,50.00,50.00,50.00,50.00,0
10/16/2020,TRJA,162.00,165.00,160.00,160.00,452000
10/16/2020,TRST,396.00,396.00,396.00,396.00,0
10/16/2020,TRUK,156.00,162.00,155.00,160.00,4204400
10/16/2020,TRUS,350.00,350.00,350.00,350.00,0
10/16/2020,TSPC,1265.00,1280.00,1265.00,1265.00,623100
10/16/2020,TUGU,1300.00,1330.00,1300.00,1330.00,1900
10/16/2020,TURI,1300.00,1300.00,1300.00,1300.00,118500
10/16/2020,UANG,210.00,210.00,197.00,198.00,110000
10/16/2020,UCID,1485.00,1485.00,1460.00,1475.00,165000
10/16/2020,ULTJ,1720.00,1720.00,1700.00,1705.00,510700
10/16/2020,UNIC,3800.00,3900.00,3790.00,3890.00,5500
10/16/2020,UNIT,144.00,144.00,144.00,144.00,300
10/16/2020,UNSP,77.00,80.00,74.00,74.00,7747300
10/16/2020,UNTR,21725.00,22075.00,21650.00,21875.00,2859100
10/16/2020,UNVR,7925.00,8000.00,7900.00,8000.00,4947200
10/16/2020,URBN,1295.00,1295.00,1280.00,1295.00,2800
10/16/2020,URBN-W,16.00,17.00,15.00,16.00,2500
10/16/2020,VICO,80.00,80.00,75.00,80.00,240200
10/16/2020,VINS,96.00,96.00,89.00,93.00,5000
10/16/2020,VIVA,50.00,50.00,50.00,50.00,400
10/16/2020,VOKS,197.00,197.00,197.00,197.00,14600
10/16/2020,VRNA,107.00,107.00,101.00,101.00,1100
10/16/2020,WAPO,78.00,81.00,78.00,78.00,8000
10/16/2020,WEGE,178.00,196.00,177.00,184.00,154573800
10/16/2020,WEHA,59.00,62.00,58.00,59.00,1055600
10/16/2020,WICO,545.00,545.00,545.00,545.00,0
10/16/2020,WIIM,350.00,360.00,350.00,360.00,21596900
10/16/2020,WIKA,1225.00,1250.00,1210.00,1220.00,11103900
10/16/2020,WINS,94.00,96.00,94.00,96.00,3300
10/16/2020,WOMF,220.00,220.00,212.00,214.00,66800
10/16/2020,WOOD,432.00,444.00,428.00,440.00,150070600
10/16/2020,WOWS,78.00,80.00,72.00,72.00,102556500
10/16/2020,WSBP,161.00,173.00,157.00,165.00,264398900
10/16/2020,WSKT,700.00,725.00,680.00,715.00,62933600
10/16/2020,WTON,242.00,262.00,240.00,256.00,40457000
10/16/2020,XAFA,1052.00,1052.00,1052.00,1052.00,0
10/16/2020,XAQA,775.00,775.00,775.00,775.00,0
10/16/2020,XASG,87.00,87.00,87.00,87.00,0
10/16/2020,XBES,803.00,803.00,803.00,803.00,0
10/16/2020,XBID,440.00,440.00,440.00,440.00,0
10/16/2020,XBIN,420.00,420.00,420.00,420.00,300
10/16/2020,XBLQ,383.00,383.00,383.00,383.00,0
10/16/2020,XBNI,871.00,871.00,871.00,871.00,0
10/16/2020,XBSK,326.00,326.00,326.00,326.00,0
10/16/2020,XCID,78.00,79.00,73.00,78.00,5300
10/16/2020,XCIS,105.00,105.00,105.00,105.00,0
10/16/2020,XCLQ,82.00,82.00,82.00,82.00,0
10/16/2020,XDIF,370.00,370.00,370.00,370.00,0
10/16/2020,XIHD,394.00,394.00,389.00,389.00,1400
10/16/2020,XIIC,893.00,893.00,893.00,893.00,0
10/16/2020,XIID,425.00,425.00,421.00,421.00,200
10/16/2020,XIIF,454.00,454.00,445.00,445.00,600
10/16/2020,XIIT,444.00,444.00,438.00,441.00,16300
10/16/2020,XIJI,555.00,555.00,555.00,555.00,2800
10/16/2020,XILV,96.00,96.00,96.00,96.00,0
10/16/2020,XIML,228.00,228.00,228.00,228.00,0
10/16/2020,XIPI,141.00,141.00,141.00,141.00,0
10/16/2020,XISB,398.00,398.00,398.00,398.00,0
10/16/2020,XISC,528.00,528.00,528.00,528.00,0
10/16/2020,XISI,264.00,264.00,264.00,264.00,0
10/16/2020,XISR,324.00,324.00,322.00,324.00,3100
10/16/2020,XKIV,376.00,376.00,376.00,376.00,1400
10/16/2020,XMIG,139.00,139.00,139.00,139.00,300
10/16/2020,XMJM,1001.00,1001.00,1001.00,1001.00,0
10/16/2020,XMTS,401.00,401.00,401.00,401.00,0
10/16/2020,XNVE,120.00,120.00,120.00,120.00,0
10/16/2020,XPCR,757.00,757.00,757.00,757.00,0
10/16/2020,XPDV,394.00,394.00,394.00,394.00,0
10/16/2020,XPES,346.00,346.00,346.00,346.00,0
10/16/2020,XPFT,620.00,620.00,620.00,620.00,0
10/16/2020,XPID,439.00,439.00,439.00,439.00,0
10/16/2020,XPLC,397.00,397.00,397.00,397.00,0
10/16/2020,XPLQ,418.00,418.00,418.00,418.00,0
10/16/2020,XPMI,775.00,775.00,770.00,770.00,200
10/16/2020,XPSG,374.00,374.00,374.00,374.00,0
10/16/2020,XPTD,406.00,406.00,406.00,406.00,0
10/16/2020,XSBC,89.00,89.00,89.00,89.00,0
10/16/2020,XSMU,102.00,102.00,102.00,102.00,0
10/16/2020,XSPI,750.00,750.00,750.00,750.00,0
10/16/2020,XSRI,152.00,152.00,152.00,152.00,0
10/16/2020,XSSI,76.00,76.00,75.00,75.00,20000
10/16/2020,XSSK,558.00,558.00,558.00,558.00,0
10/16/2020,YELO,50.00,50.00,50.00,50.00,352500
10/16/2020,YELO-W,7.00,8.00,6.00,7.00,2978800
10/16/2020,YPAS,326.00,406.00,326.00,380.00,600
10/16/2020,YULE,250.00,250.00,250.00,250.00,300
10/16/2020,ZBRA,50.00,50.00,50.00,50.00,0
10/16/2020,ZINC,123.00,124.00,122.00,124.00,422648500
10/16/2020,ZONE,382.00,388.00,382.00,388.00,194800
