<date>,<ticker>,<open>,<high>,<low>,<close>,<volume>
11/20/2020,AALI,10975.00,11275.00,10975.00,11000.00,4112100
11/20/2020,ABBA,50.00,50.00,50.00,50.00,421100
11/20/2020,ABDA,6400.00,6400.00,6400.00,6400.00,0
11/20/2020,ABMM,795.00,795.00,730.00,735.00,64100
11/20/2020,ACES,1690.00,1700.00,1625.00,1635.00,20916900
11/20/2020,ACST,216.00,242.00,214.00,234.00,386025300
11/20/2020,ADES,1195.00,1195.00,1170.00,1185.00,151100
11/20/2020,ADHI,930.00,935.00,905.00,920.00,44739600
11/20/2020,ADMF,8250.00,8425.00,8250.00,8400.00,183500
11/20/2020,ADMG,148.00,149.00,145.00,145.00,1289100
11/20/2020,ADRO,1245.00,1260.00,1210.00,1215.00,121792400
11/20/2020,AGAR,470.00,470.00,460.00,470.00,900
11/20/2020,AGII,930.00,940.00,865.00,865.00,16803000
11/20/2020,AGRO,432.00,438.00,424.00,424.00,56562000
11/20/2020,AGRS,160.00,164.00,160.00,162.00,2700
11/20/2020,AHAP,58.00,60.00,57.00,58.00,113700
11/20/2020,AIMS,154.00,154.00,144.00,144.00,4100
11/20/2020,AISA,228.00,286.00,228.00,286.00,646222700
11/20/2020,AKKU,50.00,50.00,50.00,50.00,6800
11/20/2020,AKPI,310.00,350.00,310.00,314.00,58300
11/20/2020,AKRA,2930.00,3010.00,2930.00,2950.00,47230200
11/20/2020,AKSI,410.00,410.00,382.00,384.00,35300
11/20/2020,ALDO,410.00,410.00,410.00,410.00,100
11/20/2020,ALKA,254.00,270.00,252.00,270.00,2300
11/20/2020,ALMI,220.00,248.00,220.00,238.00,4000
11/20/2020,ALTO,286.00,308.00,286.00,308.00,21500
11/20/2020,AMAG,220.00,220.00,212.00,218.00,308800
11/20/2020,AMAN,276.00,276.00,276.00,276.00,151600
11/20/2020,AMAR,324.00,324.00,320.00,324.00,15100
11/20/2020,AMFG,2530.00,2630.00,2530.00,2600.00,36300
11/20/2020,AMIN,264.00,280.00,264.00,280.00,1400
11/20/2020,AMOR,2600.00,2630.00,2600.00,2600.00,318300
11/20/2020,AMRT,715.00,720.00,705.00,705.00,949600
11/20/2020,ANDI,50.00,50.00,50.00,50.00,144200
11/20/2020,ANJT,635.00,670.00,620.00,625.00,82500
11/20/2020,ANTM,1235.00,1240.00,1200.00,1210.00,220936900
11/20/2020,APEX,165.00,166.00,160.00,166.00,79200
11/20/2020,APIC,820.00,840.00,820.00,835.00,10772900
11/20/2020,APII,159.00,170.00,153.00,159.00,193000
11/20/2020,APLI,118.00,125.00,118.00,120.00,14100
11/20/2020,APLN,160.00,169.00,151.00,156.00,642745800
11/20/2020,ARGO,1750.00,1750.00,1750.00,1750.00,700
11/20/2020,ARII,505.00,505.00,470.00,470.00,71000
11/20/2020,ARKA,73.00,74.00,71.00,73.00,5642700
11/20/2020,ARMY,50.00,50.00,50.00,50.00,0
11/20/2020,ARNA,520.00,535.00,520.00,535.00,2447300
11/20/2020,ARTA,310.00,310.00,310.00,310.00,0
11/20/2020,ARTI,50.00,50.00,50.00,50.00,500
11/20/2020,ARTO,2910.00,2930.00,2900.00,2900.00,183800
11/20/2020,ASBI,318.00,318.00,318.00,318.00,100
11/20/2020,ASDM,915.00,915.00,900.00,900.00,4400
11/20/2020,ASGR,725.00,735.00,710.00,720.00,632300
11/20/2020,ASII,5725.00,5825.00,5700.00,5725.00,33703300
11/20/2020,ASJT,119.00,119.00,114.00,119.00,31000
11/20/2020,ASMI,1080.00,1080.00,1075.00,1080.00,17100
11/20/2020,ASPI,91.00,93.00,90.00,91.00,5496600
11/20/2020,ASPI-W,11.00,12.00,11.00,12.00,4053000
11/20/2020,ASRI,248.00,254.00,236.00,236.00,767717600
11/20/2020,ASRM,1720.00,1720.00,1670.00,1710.00,12100
11/20/2020,ASSA,520.00,525.00,510.00,515.00,8913500
11/20/2020,ATIC,605.00,605.00,605.00,605.00,800
11/20/2020,AUTO,980.00,1030.00,980.00,1010.00,4487000
11/20/2020,AYLS,50.00,50.00,50.00,50.00,243600
11/20/2020,AYLS-W,4.00,5.00,4.00,5.00,844100
11/20/2020,BABP,50.00,50.00,50.00,50.00,657900
11/20/2020,BABP-W3,23.00,23.00,21.00,21.00,2600
11/20/2020,BABP-W4,7.00,7.00,5.00,6.00,10126900
11/20/2020,BACA,396.00,396.00,394.00,394.00,29100
11/20/2020,BACA-W2,100.00,100.00,100.00,100.00,0
11/20/2020,BAJA,109.00,127.00,109.00,121.00,22247400
11/20/2020,BALI,935.00,1050.00,935.00,990.00,26700
11/20/2020,BAPA,50.00,50.00,50.00,50.00,100
11/20/2020,BAPI,50.00,50.00,50.00,50.00,141600
11/20/2020,BAPI-W,2.00,3.00,2.00,3.00,1183200
11/20/2020,BATA,605.00,610.00,605.00,610.00,300
11/20/2020,BAYU,1050.00,1050.00,1050.00,1050.00,100
11/20/2020,BBCA,33200.00,33250.00,32750.00,33000.00,13693700
11/20/2020,BBHI,236.00,252.00,236.00,244.00,1102900
11/20/2020,BBKP,278.00,282.00,272.00,272.00,145931800
11/20/2020,BBLD,368.00,368.00,368.00,368.00,0
11/20/2020,BBMD,1580.00,1580.00,1580.00,1580.00,0
11/20/2020,BBNI,5700.00,5800.00,5650.00,5675.00,53141400
11/20/2020,BBRI,4040.00,4080.00,3990.00,4020.00,124785400
11/20/2020,BBRM,50.00,50.00,50.00,50.00,0
11/20/2020,BBSI,775.00,780.00,755.00,770.00,43800
11/20/2020,BBSS,116.00,117.00,110.00,114.00,362400
11/20/2020,BBSS-W,5.00,5.00,4.00,5.00,5488200
11/20/2020,BBTN,1705.00,1715.00,1660.00,1680.00,35605000
11/20/2020,BBYB,306.00,316.00,306.00,316.00,13400
11/20/2020,BCAP,119.00,125.00,118.00,123.00,1451500
11/20/2020,BCIC,700.00,700.00,700.00,700.00,0
11/20/2020,BCIP,51.00,51.00,50.00,51.00,2999900
11/20/2020,BDMN,2760.00,2780.00,2710.00,2740.00,3019400
11/20/2020,BEEF,144.00,150.00,143.00,150.00,18584000
11/20/2020,BEEF-W,10.00,11.00,9.00,9.00,2449200
11/20/2020,BEKS,50.00,50.00,50.00,50.00,1703900
11/20/2020,BELL,160.00,160.00,158.00,158.00,4352900
11/20/2020,BESS,200.00,200.00,195.00,199.00,32200
11/20/2020,BESS-W,83.00,83.00,61.00,83.00,8800
11/20/2020,BEST,189.00,194.00,181.00,183.00,369023900
11/20/2020,BFIN,430.00,434.00,400.00,400.00,103324900
11/20/2020,BGTG,67.00,69.00,65.00,66.00,8494700
11/20/2020,BHAT,660.00,670.00,655.00,660.00,125965900
11/20/2020,BHIT,74.00,74.00,71.00,72.00,28797600
11/20/2020,BIKA,148.00,148.00,138.00,138.00,200
11/20/2020,BIMA,51.00,51.00,50.00,50.00,1700
11/20/2020,BINA,700.00,705.00,700.00,700.00,5137700
11/20/2020,BIPI,50.00,50.00,50.00,50.00,1870000
11/20/2020,BIPI-W,8.00,10.00,8.00,9.00,1381700
11/20/2020,BIPP,51.00,54.00,51.00,53.00,951100
11/20/2020,BIRD,1235.00,1275.00,1170.00,1180.00,5754900
11/20/2020,BISI,915.00,915.00,905.00,910.00,353200
11/20/2020,BJBR,1310.00,1315.00,1290.00,1290.00,4882700
11/20/2020,BJTM,620.00,625.00,610.00,615.00,12893100
11/20/2020,BKDP,50.00,52.00,50.00,52.00,34900
11/20/2020,BKSL,50.00,50.00,50.00,50.00,6216100
11/20/2020,BKSW,114.00,120.00,113.00,119.00,324700
11/20/2020,BLTA,50.00,50.00,50.00,50.00,2400
11/20/2020,BLTZ,3120.00,3120.00,3120.00,3120.00,0
11/20/2020,BLUE,710.00,715.00,700.00,700.00,198000
11/20/2020,BMAS,310.00,310.00,300.00,300.00,19400
11/20/2020,BMRI,6275.00,6350.00,6250.00,6300.00,50286800
11/20/2020,BMSR,69.00,70.00,68.00,68.00,299700
11/20/2020,BMTR,256.00,262.00,248.00,248.00,166366400
11/20/2020,BNBA,364.00,378.00,364.00,372.00,287100
11/20/2020,BNBR,50.00,50.00,50.00,50.00,200
11/20/2020,BNGA,840.00,845.00,830.00,835.00,4540700
11/20/2020,BNII,234.00,234.00,230.00,232.00,3809900
11/20/2020,BNLI,2240.00,2280.00,2230.00,2240.00,736700
11/20/2020,BOGA,1330.00,1345.00,1330.00,1345.00,117921700
11/20/2020,BOLA,148.00,150.00,148.00,149.00,21600
11/20/2020,BOLT,550.00,685.00,550.00,685.00,2000
11/20/2020,BOSS,123.00,124.00,117.00,120.00,6733000
11/20/2020,BPFI,1150.00,1150.00,1150.00,1150.00,0
11/20/2020,BPII,10000.00,10000.00,10000.00,10000.00,0
11/20/2020,BPTR,82.00,83.00,77.00,82.00,95900
11/20/2020,BRAM,5100.00,5100.00,5100.00,5100.00,1000
11/20/2020,BRIS,1355.00,1375.00,1320.00,1335.00,106471700
11/20/2020,BRMS,64.00,64.00,61.00,63.00,58349300
11/20/2020,BRNA,1130.00,1130.00,1130.00,1130.00,100
11/20/2020,BRPT,960.00,970.00,945.00,955.00,54351700
11/20/2020,BRPT-W,500.00,500.00,500.00,500.00,300
11/20/2020,BSDE,1090.00,1125.00,1060.00,1060.00,38159300
11/20/2020,BSIM,486.00,486.00,478.00,480.00,50500
11/20/2020,BSIM-W3,13.00,16.00,13.00,13.00,91400
11/20/2020,BSSR,1445.00,1445.00,1390.00,1435.00,43400
11/20/2020,BSWD,1750.00,1750.00,1750.00,1750.00,0
11/20/2020,BTEK,50.00,50.00,50.00,50.00,200
11/20/2020,BTEL,50.00,50.00,50.00,50.00,0
11/20/2020,BTON,228.00,230.00,222.00,224.00,131800
11/20/2020,BTPN,2440.00,2450.00,2440.00,2450.00,85200
11/20/2020,BTPS,4210.00,4250.00,4080.00,4100.00,8160800
11/20/2020,BUDI,100.00,100.00,99.00,99.00,1395500
11/20/2020,BUKK,755.00,780.00,755.00,765.00,40100
11/20/2020,BULL,324.00,326.00,312.00,320.00,248407100
11/20/2020,BULL-W2,107.00,107.00,100.00,101.00,346000
11/20/2020,BUMI,50.00,51.00,50.00,50.00,174531500
11/20/2020,BUVA,54.00,56.00,54.00,55.00,455600
11/20/2020,BVIC,104.00,109.00,104.00,104.00,4482000
11/20/2020,BWPT,105.00,107.00,102.00,104.00,95744300
11/20/2020,BYAN,14700.00,14700.00,14700.00,14700.00,0
11/20/2020,CAKK,52.00,53.00,51.00,52.00,1599300
11/20/2020,CAMP,266.00,270.00,260.00,262.00,2090500
11/20/2020,CANI,118.00,118.00,107.00,110.00,5200
11/20/2020,CARE,406.00,408.00,392.00,396.00,177300400
11/20/2020,CARS,50.00,50.00,50.00,50.00,42900
11/20/2020,CASA,398.00,398.00,394.00,394.00,6764400
11/20/2020,CASA-W,113.00,113.00,113.00,113.00,0
11/20/2020,CASH,510.00,515.00,494.00,494.00,1802600
11/20/2020,CASH-W,16.00,16.00,14.00,15.00,3214100
11/20/2020,CASS,210.00,216.00,206.00,214.00,5540400
11/20/2020,CBMF,665.00,665.00,605.00,640.00,1705600
11/20/2020,CCSI,246.00,252.00,236.00,240.00,540300
11/20/2020,CEKA,1750.00,1750.00,1745.00,1750.00,105200
11/20/2020,CENT,132.00,133.00,129.00,132.00,3566200
11/20/2020,CFIN,212.00,212.00,200.00,202.00,3146300
11/20/2020,CINT,240.00,240.00,240.00,240.00,0
11/20/2020,CITA,2250.00,2250.00,2220.00,2240.00,5000
11/20/2020,CITY,100.00,100.00,92.00,97.00,6600
11/20/2020,CITY-W,14.00,14.00,14.00,14.00,1600
11/20/2020,CLAY,1480.00,1575.00,1480.00,1570.00,8700
11/20/2020,CLEO,500.00,505.00,498.00,498.00,12207300
11/20/2020,CLPI,710.00,725.00,710.00,720.00,212900
11/20/2020,CMNP,1040.00,1050.00,1005.00,1020.00,6595400
11/20/2020,CMNP-W,160.00,190.00,160.00,170.00,545100
11/20/2020,CMPP,184.00,184.00,184.00,184.00,0
11/20/2020,CNKO,50.00,50.00,50.00,50.00,0
11/20/2020,CNTB,250.00,250.00,250.00,250.00,0
11/20/2020,CNTX,224.00,224.00,224.00,224.00,0
11/20/2020,COCO,910.00,910.00,905.00,910.00,14100
11/20/2020,COCO-W,400.00,400.00,400.00,400.00,0
11/20/2020,COWL,50.00,50.00,50.00,50.00,0
11/20/2020,CPIN,6425.00,6550.00,6425.00,6475.00,2922500
11/20/2020,CPRI,50.00,50.00,50.00,50.00,12000
11/20/2020,CPRI-W,13.00,13.00,13.00,13.00,0
11/20/2020,CPRO,50.00,50.00,50.00,50.00,803200
11/20/2020,CSAP,392.00,400.00,386.00,388.00,6900
11/20/2020,CSIS,50.00,50.00,50.00,50.00,19800
11/20/2020,CSMI,610.00,620.00,540.00,540.00,17300
11/20/2020,CSRA,360.00,372.00,358.00,360.00,4180100
11/20/2020,CTBN,2740.00,3440.00,2720.00,3330.00,4400
11/20/2020,CTRA,925.00,930.00,890.00,895.00,36593900
11/20/2020,CTTH,54.00,54.00,51.00,53.00,65900
11/20/2020,DADA,54.00,58.00,54.00,58.00,40707500
11/20/2020,DADA-W,5.00,5.00,4.00,5.00,22525500
11/20/2020,DART,230.00,230.00,230.00,230.00,500
11/20/2020,DAYA,480.00,480.00,456.00,456.00,33700
11/20/2020,DEAL,153.00,159.00,151.00,153.00,42110900
11/20/2020,DEAL-W,3.00,3.00,3.00,3.00,0
11/20/2020,DEFI,1655.00,1655.00,1645.00,1655.00,8200
11/20/2020,DEWA,50.00,50.00,50.00,50.00,85200
11/20/2020,DFAM,242.00,256.00,240.00,240.00,43000
11/20/2020,DFAM-W,120.00,120.00,120.00,120.00,0
11/20/2020,DGIK,50.00,50.00,50.00,50.00,1400
11/20/2020,DIGI,396.00,396.00,396.00,396.00,200
11/20/2020,DILD,184.00,216.00,184.00,202.00,169682100
11/20/2020,DIVA,2000.00,2010.00,1965.00,2010.00,32600
11/20/2020,DKFT,195.00,199.00,193.00,194.00,24185800
11/20/2020,DLTA,4150.00,4200.00,4140.00,4200.00,80600
11/20/2020,DMAS,248.00,262.00,244.00,246.00,191657900
11/20/2020,DMMX,187.00,188.00,180.00,181.00,4626400
11/20/2020,DMND,890.00,900.00,875.00,895.00,39800
11/20/2020,DNAR,185.00,187.00,185.00,186.00,19900
11/20/2020,DNET,3350.00,3380.00,3350.00,3350.00,2000
11/20/2020,DOID,280.00,284.00,274.00,274.00,105446400
11/20/2020,DPNS,288.00,288.00,258.00,266.00,28900
11/20/2020,DPUM,54.00,56.00,52.00,55.00,2549400
11/20/2020,DSFI,65.00,65.00,64.00,65.00,313600
11/20/2020,DSNG,520.00,535.00,515.00,515.00,11657000
11/20/2020,DSSA,17300.00,17300.00,17300.00,17300.00,0
11/20/2020,DUCK,310.00,310.00,300.00,302.00,16706300
11/20/2020,DUTI,3590.00,3640.00,3590.00,3640.00,700
11/20/2020,DVLA,2570.00,2590.00,2570.00,2580.00,5800
11/20/2020,DWGL,204.00,220.00,200.00,204.00,132200
11/20/2020,DWGL-W,28.00,34.00,28.00,33.00,261400
11/20/2020,DYAN,50.00,52.00,50.00,50.00,7443800
11/20/2020,EAST,56.00,58.00,54.00,57.00,3925000
11/20/2020,EAST-W,7.00,7.00,7.00,7.00,162000
11/20/2020,ECII,580.00,580.00,580.00,580.00,3800
11/20/2020,EKAD,1265.00,1280.00,1260.00,1260.00,472000
11/20/2020,ELSA,244.00,264.00,242.00,254.00,244615100
11/20/2020,ELTY,50.00,50.00,50.00,50.00,0
11/20/2020,EMDE,199.00,199.00,199.00,199.00,0
11/20/2020,EMTK,8225.00,8350.00,8225.00,8350.00,6900
11/20/2020,ENRG,59.00,62.00,58.00,60.00,37978800
11/20/2020,ENVY,50.00,50.00,50.00,50.00,1663600
11/20/2020,ENZO,50.00,50.00,50.00,50.00,83600
11/20/2020,ENZO-W,5.00,6.00,5.00,6.00,1356000
11/20/2020,EPAC,224.00,224.00,210.00,210.00,12812200
11/20/2020,EPMT,1860.00,1890.00,1860.00,1890.00,11000
11/20/2020,ERAA,1805.00,1840.00,1795.00,1820.00,21281800
11/20/2020,ERTX,119.00,144.00,119.00,129.00,8900
11/20/2020,ESIP,85.00,87.00,83.00,84.00,7040400
11/20/2020,ESIP-W,8.00,8.00,7.00,7.00,916900
11/20/2020,ESSA,149.00,158.00,146.00,156.00,12225300
11/20/2020,ESTA,96.00,96.00,90.00,94.00,57100
11/20/2020,ESTI,52.00,53.00,51.00,53.00,194800
11/20/2020,ETWA,62.00,62.00,62.00,62.00,0
11/20/2020,EXCL,2310.00,2350.00,2290.00,2300.00,32517100
11/20/2020,FAST,955.00,985.00,955.00,955.00,51600
11/20/2020,FASW,6700.00,6700.00,6700.00,6700.00,1500
11/20/2020,FILM,214.00,224.00,214.00,222.00,7711200
11/20/2020,FINN,50.00,50.00,50.00,50.00,0
11/20/2020,FIRE,342.00,354.00,322.00,334.00,22070200
11/20/2020,FISH,2840.00,2990.00,2800.00,2990.00,1300
11/20/2020,FITT,58.00,62.00,58.00,59.00,387300
11/20/2020,FITT-W,20.00,20.00,20.00,20.00,7000
11/20/2020,FMII,410.00,410.00,410.00,410.00,0
11/20/2020,FOOD,105.00,105.00,102.00,104.00,583200
11/20/2020,FORU,87.00,99.00,87.00,98.00,11900
11/20/2020,FORZ,50.00,50.00,50.00,50.00,0
11/20/2020,FPNI,122.00,130.00,121.00,125.00,16890600
11/20/2020,FREN,66.00,73.00,64.00,68.00,3572010200
11/20/2020,FREN-W,38.00,40.00,37.00,39.00,10460000
11/20/2020,FUJI,117.00,119.00,117.00,119.00,500
11/20/2020,GAMA,50.00,50.00,50.00,50.00,1100
11/20/2020,GDST,75.00,99.00,75.00,92.00,120362800
11/20/2020,GDYR,1400.00,1400.00,1400.00,1400.00,4700
11/20/2020,GEMA,298.00,298.00,278.00,288.00,74600
11/20/2020,GEMS,2550.00,2550.00,2550.00,2550.00,0
11/20/2020,GGRM,44975.00,45300.00,43775.00,44125.00,3178300
11/20/2020,GGRP,336.00,342.00,336.00,342.00,2700
11/20/2020,GHON,1760.00,1760.00,1760.00,1760.00,100
11/20/2020,GIAA,394.00,416.00,392.00,394.00,480473600
11/20/2020,GJTL,550.00,555.00,530.00,535.00,5019100
11/20/2020,GLOB,131.00,131.00,115.00,122.00,13100
11/20/2020,GLVA,356.00,394.00,332.00,394.00,480000
11/20/2020,GMFI,101.00,107.00,98.00,102.00,153686500
11/20/2020,GMTD,17975.00,17975.00,17975.00,17975.00,0
11/20/2020,GOLD,212.00,212.00,210.00,210.00,11700
11/20/2020,GOLL,50.00,50.00,50.00,50.00,0
11/20/2020,GOOD,1235.00,1235.00,1225.00,1225.00,261700
11/20/2020,GPRA,51.00,51.00,50.00,51.00,285500
11/20/2020,GREN,328.00,328.00,328.00,328.00,0
11/20/2020,GSMF,91.00,91.00,86.00,86.00,200
11/20/2020,GTBO,75.00,75.00,75.00,75.00,0
11/20/2020,GWSA,102.00,106.00,102.00,104.00,443300
11/20/2020,GZCO,50.00,50.00,50.00,50.00,40500
11/20/2020,HADE,50.00,50.00,50.00,50.00,800
11/20/2020,HDFA,144.00,144.00,144.00,144.00,0
11/20/2020,HDIT,344.00,344.00,310.00,334.00,23300
11/20/2020,HDTX,120.00,120.00,120.00,120.00,0
11/20/2020,HEAL,3470.00,3550.00,3460.00,3470.00,212500
11/20/2020,HELI,206.00,222.00,200.00,210.00,106700
11/20/2020,HELI-W,6.00,7.00,6.00,7.00,5900
11/20/2020,HERO,815.00,815.00,805.00,815.00,24200
11/20/2020,HEXA,3190.00,3300.00,3150.00,3220.00,969900
11/20/2020,HITS,480.00,490.00,458.00,458.00,3000
11/20/2020,HKMU,73.00,76.00,72.00,73.00,19813500
11/20/2020,HMSP,1570.00,1585.00,1520.00,1525.00,129690900
11/20/2020,HOKI,890.00,900.00,865.00,875.00,15122400
11/20/2020,HOKI-W,545.00,545.00,545.00,545.00,20000
11/20/2020,HOME,50.00,50.00,50.00,50.00,0
11/20/2020,HOMI,1035.00,1035.00,970.00,1000.00,1360500
11/20/2020,HOTL,50.00,50.00,50.00,50.00,0
11/20/2020,HRME,50.00,50.00,50.00,50.00,1283900
11/20/2020,HRTA,206.00,214.00,204.00,212.00,14804700
11/20/2020,HRUM,2330.00,2350.00,2280.00,2290.00,2400100
11/20/2020,IATA,50.00,50.00,50.00,50.00,0
11/20/2020,IBFN,300.00,300.00,270.00,280.00,1800
11/20/2020,IBFN-W,7.00,8.00,7.00,8.00,600
11/20/2020,IBST,8000.00,8000.00,8000.00,8000.00,0
11/20/2020,ICBP,10400.00,10400.00,10100.00,10100.00,10424600
11/20/2020,ICON,53.00,53.00,52.00,53.00,202100
11/20/2020,IDPR,168.00,178.00,168.00,178.00,9600
11/20/2020,IFII,129.00,129.00,126.00,127.00,112300
11/20/2020,IFSH,370.00,380.00,370.00,380.00,800
11/20/2020,IGAR,358.00,360.00,350.00,350.00,40300
11/20/2020,IIKP,50.00,50.00,50.00,50.00,0
11/20/2020,IKAI,50.00,50.00,50.00,50.00,5484400
11/20/2020,IKAN,184.00,187.00,183.00,186.00,5408000
11/20/2020,IKBI,222.00,226.00,220.00,226.00,14200
11/20/2020,IMAS,845.00,965.00,840.00,910.00,97513200
11/20/2020,IMJS,278.00,324.00,274.00,310.00,75285900
11/20/2020,IMPC,1390.00,1395.00,1380.00,1390.00,810500
11/20/2020,INAF,3270.00,3300.00,3240.00,3260.00,1517900
11/20/2020,INAI,332.00,338.00,330.00,336.00,62500
11/20/2020,INCF,70.00,72.00,70.00,71.00,1592700
11/20/2020,INCI,835.00,850.00,825.00,835.00,106100
11/20/2020,INCO,4700.00,4700.00,4550.00,4560.00,24120300
11/20/2020,INDF,7300.00,7350.00,7175.00,7225.00,13621800
11/20/2020,INDO,112.00,115.00,112.00,115.00,12700
11/20/2020,INDO-W,19.00,20.00,18.00,19.00,73500
11/20/2020,INDR,2800.00,3060.00,2800.00,2860.00,121200
11/20/2020,INDS,1940.00,1955.00,1920.00,1950.00,14300
11/20/2020,INDX,50.00,51.00,50.00,51.00,34500
11/20/2020,INDY,1200.00,1210.00,1155.00,1170.00,30736300
11/20/2020,INKP,8875.00,9000.00,8875.00,8900.00,5169400
11/20/2020,INOV,167.00,168.00,150.00,150.00,612400
11/20/2020,INPC,67.00,67.00,65.00,67.00,299100
11/20/2020,INPC-W,4.00,4.00,3.00,4.00,4650500
11/20/2020,INPP,705.00,705.00,705.00,705.00,100
11/20/2020,INPS,1405.00,1470.00,1360.00,1360.00,75100
11/20/2020,INRU,995.00,995.00,995.00,995.00,300
11/20/2020,INTA,218.00,218.00,218.00,218.00,100
11/20/2020,INTD,116.00,116.00,115.00,115.00,107100
11/20/2020,INTP,14400.00,14600.00,14250.00,14400.00,3786900
11/20/2020,IPCC,422.00,426.00,418.00,418.00,3678100
11/20/2020,IPCM,230.00,232.00,228.00,230.00,82500
11/20/2020,IPOL,85.00,86.00,84.00,85.00,912700
11/20/2020,IPTV,308.00,308.00,300.00,304.00,10989600
11/20/2020,IPTV-W,28.00,30.00,16.00,25.00,494700
11/20/2020,IRRA,860.00,870.00,825.00,840.00,25553100
11/20/2020,ISAT,2190.00,2220.00,2180.00,2200.00,8269000
11/20/2020,ISSP,163.00,165.00,152.00,154.00,30647000
11/20/2020,ITIC,850.00,885.00,830.00,830.00,1474700
11/20/2020,ITMA,500.00,510.00,496.00,496.00,24500
11/20/2020,ITMA-W,65.00,65.00,40.00,42.00,3000
11/20/2020,ITMG,10350.00,10925.00,10050.00,10150.00,6548300
11/20/2020,JAST,100.00,102.00,100.00,101.00,13189000
11/20/2020,JAWA,97.00,100.00,96.00,99.00,213000
11/20/2020,JAYA,111.00,112.00,109.00,110.00,3043800
11/20/2020,JAYA-W,10.00,11.00,10.00,11.00,286700
11/20/2020,JECC,6200.00,6200.00,6050.00,6050.00,1100
11/20/2020,JGLE,50.00,50.00,50.00,50.00,0
11/20/2020,JIHD,424.00,426.00,422.00,426.00,19700
11/20/2020,JKON,340.00,340.00,340.00,340.00,193400
11/20/2020,JKSW,60.00,60.00,60.00,60.00,0
11/20/2020,JMAS,140.00,140.00,139.00,139.00,6500
11/20/2020,JPFA,1275.00,1285.00,1230.00,1255.00,20392000
11/20/2020,JRPT,488.00,500.00,486.00,492.00,3257000
11/20/2020,JSKY,230.00,232.00,222.00,222.00,25805400
11/20/2020,JSMR,4400.00,4420.00,4320.00,4350.00,8637100
11/20/2020,JSPT,965.00,965.00,965.00,965.00,6000
11/20/2020,JTPE,935.00,935.00,925.00,930.00,2964900
11/20/2020,KAEF,3250.00,3310.00,3230.00,3240.00,7688700
11/20/2020,KARW,75.00,76.00,70.00,71.00,1123000
11/20/2020,KAYU,59.00,61.00,56.00,56.00,5612100
11/20/2020,KBAG,61.00,63.00,56.00,56.00,1065755300
11/20/2020,KBAG-W,5.00,5.00,4.00,4.00,13739500
11/20/2020,KBLI,338.00,368.00,338.00,368.00,18305400
11/20/2020,KBLM,210.00,210.00,198.00,202.00,2571200
11/20/2020,KBLV,418.00,440.00,418.00,418.00,10200
11/20/2020,KBRI,50.00,50.00,50.00,50.00,0
11/20/2020,KDSI,875.00,875.00,830.00,865.00,5900
11/20/2020,KEEN,296.00,312.00,294.00,304.00,2906700
11/20/2020,KEJU,1155.00,1155.00,1140.00,1155.00,328100
11/20/2020,KIAS,50.00,51.00,50.00,51.00,507600
11/20/2020,KICI,187.00,187.00,187.00,187.00,100
11/20/2020,KIJA,210.00,210.00,204.00,206.00,23834700
11/20/2020,KINO,2930.00,2940.00,2890.00,2900.00,212600
11/20/2020,KIOS,160.00,160.00,160.00,160.00,22200
11/20/2020,KJEN,1315.00,1315.00,1315.00,1315.00,0
11/20/2020,KKGI,200.00,200.00,197.00,198.00,14200
11/20/2020,KLBF,1505.00,1510.00,1495.00,1495.00,18059200
11/20/2020,KMDS,555.00,555.00,470.00,492.00,92000
11/20/2020,KMTR,334.00,348.00,324.00,324.00,3100
11/20/2020,KOBX,109.00,109.00,104.00,108.00,889800
11/20/2020,KOIN,100.00,100.00,100.00,100.00,100
11/20/2020,KONI,362.00,454.00,362.00,454.00,3200
11/20/2020,KOPI,440.00,450.00,440.00,450.00,22500
11/20/2020,KOTA,224.00,224.00,208.00,222.00,1985500
11/20/2020,KOTA-W,73.00,119.00,73.00,102.00,38900
11/20/2020,KPAL,50.00,51.00,50.00,50.00,3337100
11/20/2020,KPAS,68.00,73.00,65.00,65.00,6311900
11/20/2020,KPAS-W,22.00,23.00,20.00,20.00,37800
11/20/2020,KPIG,106.00,106.00,104.00,106.00,898300
11/20/2020,KRAH,436.00,436.00,436.00,436.00,0
11/20/2020,KRAS,440.00,450.00,430.00,432.00,137486600
11/20/2020,KREN,94.00,100.00,91.00,95.00,43073700
11/20/2020,LAND,170.00,182.00,165.00,181.00,410200
11/20/2020,LAPD,50.00,50.00,50.00,50.00,0
11/20/2020,LCGP,114.00,114.00,114.00,114.00,0
11/20/2020,LCKM,330.00,350.00,330.00,350.00,11200
11/20/2020,LEAD,50.00,50.00,50.00,50.00,63400
11/20/2020,LIFE,4880.00,4900.00,4800.00,4900.00,2800
11/20/2020,LINK,2330.00,2350.00,2300.00,2310.00,3436700
11/20/2020,LION,282.00,296.00,282.00,296.00,23700
11/20/2020,LMAS,50.00,50.00,50.00,50.00,35200
11/20/2020,LMPI,82.00,82.00,81.00,81.00,1400
11/20/2020,LMSH,292.00,292.00,292.00,292.00,100
11/20/2020,LPCK,1020.00,1140.00,975.00,1100.00,10383600
11/20/2020,LPGI,3320.00,3380.00,3110.00,3300.00,27900
11/20/2020,LPIN,224.00,224.00,224.00,224.00,3200
11/20/2020,LPKR,163.00,167.00,153.00,158.00,357544600
11/20/2020,LPLI,83.00,83.00,83.00,83.00,0
11/20/2020,LPPF,1070.00,1090.00,1040.00,1050.00,25908500
11/20/2020,LPPS,78.00,79.00,78.00,78.00,61700
11/20/2020,LRNA,128.00,138.00,128.00,138.00,35700
11/20/2020,LSIP,1115.00,1135.00,1095.00,1125.00,43987600
11/20/2020,LTLS,438.00,446.00,434.00,442.00,369900
11/20/2020,LUCK,164.00,165.00,163.00,164.00,1629400
11/20/2020,MABA,50.00,50.00,50.00,50.00,0
11/20/2020,MAGP,50.00,50.00,50.00,50.00,600
11/20/2020,MAIN,620.00,625.00,605.00,610.00,8874600
11/20/2020,MAMI,50.00,50.00,50.00,50.00,110100
11/20/2020,MAMI-W,5.00,5.00,4.00,4.00,44100
11/20/2020,MAMIP,600.00,600.00,600.00,600.00,0
11/20/2020,MAPA,2430.00,2440.00,2390.00,2400.00,1286400
11/20/2020,MAPB,1310.00,1390.00,1300.00,1325.00,13400
11/20/2020,MAPI,785.00,795.00,775.00,785.00,19898900
11/20/2020,MARI,50.00,50.00,50.00,50.00,428800
11/20/2020,MARK,820.00,830.00,820.00,825.00,2326200
11/20/2020,MASA,585.00,590.00,585.00,585.00,400
11/20/2020,MAYA,7950.00,7975.00,7950.00,7975.00,1100
11/20/2020,MBAP,2330.00,2340.00,2290.00,2290.00,206900
11/20/2020,MBSS,400.00,402.00,374.00,380.00,14601500
11/20/2020,MBTO,82.00,89.00,82.00,88.00,39500
11/20/2020,MCAS,2290.00,2350.00,2280.00,2350.00,1273900
11/20/2020,MCOR,122.00,125.00,121.00,122.00,7765000
11/20/2020,MDIA,50.00,50.00,50.00,50.00,900
11/20/2020,MDKA,1900.00,1900.00,1835.00,1865.00,101722800
11/20/2020,MDKI,151.00,156.00,150.00,152.00,4314400
11/20/2020,MDLN,51.00,51.00,51.00,51.00,0
11/20/2020,MDRN,50.00,50.00,50.00,50.00,5100
11/20/2020,MEDC,434.00,438.00,422.00,426.00,90991700
11/20/2020,MEDC-W,5.00,5.00,3.00,4.00,85575900
11/20/2020,MEGA,7150.00,7200.00,7000.00,7200.00,7700
11/20/2020,MERK,3190.00,3310.00,3190.00,3270.00,129000
11/20/2020,META,120.00,126.00,120.00,123.00,7955500
11/20/2020,MFIN,1150.00,1150.00,1105.00,1110.00,10400
11/20/2020,MFMI,555.00,560.00,555.00,555.00,25500
11/20/2020,MGNA,50.00,50.00,50.00,50.00,0
11/20/2020,MGRO,770.00,785.00,770.00,775.00,2421500
11/20/2020,MICE,286.00,298.00,284.00,288.00,127400
11/20/2020,MIDI,1505.00,1505.00,1505.00,1505.00,100
11/20/2020,MIKA,2500.00,2550.00,2410.00,2430.00,21113200
11/20/2020,MINA,50.00,50.00,50.00,50.00,335000
11/20/2020,MIRA,50.00,50.00,50.00,50.00,0
11/20/2020,MITI,127.00,127.00,127.00,127.00,0
11/20/2020,MKNT,50.00,50.00,50.00,50.00,0
11/20/2020,MKPI,23800.00,24000.00,23800.00,24000.00,400
11/20/2020,MLBI,8800.00,9000.00,8750.00,8850.00,156200
11/20/2020,MLIA,505.00,515.00,498.00,510.00,6488600
11/20/2020,MLPL,51.00,52.00,50.00,51.00,19009600
11/20/2020,MLPT,655.00,660.00,650.00,650.00,93600
11/20/2020,MMLP,264.00,278.00,264.00,266.00,6691500
11/20/2020,MNCN,920.00,950.00,910.00,920.00,112930400
11/20/2020,MOLI,830.00,830.00,810.00,830.00,7000
11/20/2020,MPMX,408.00,432.00,400.00,414.00,62859400
11/20/2020,MPOW,68.00,68.00,66.00,66.00,40200
11/20/2020,MPPA,91.00,94.00,91.00,91.00,3031100
11/20/2020,MPRO,1350.00,1360.00,1350.00,1360.00,700
11/20/2020,MRAT,137.00,146.00,137.00,142.00,55600
11/20/2020,MREI,4600.00,4600.00,4600.00,4600.00,0
11/20/2020,MSIN,298.00,298.00,296.00,298.00,315900
11/20/2020,MSKY,710.00,710.00,690.00,690.00,56300
11/20/2020,MTDL,1610.00,1615.00,1590.00,1595.00,3827500
11/20/2020,MTFN,50.00,50.00,50.00,50.00,100
11/20/2020,MTLA,446.00,446.00,446.00,446.00,100
11/20/2020,MTPS,260.00,260.00,250.00,250.00,27900
11/20/2020,MTRA,244.00,244.00,244.00,244.00,0
11/20/2020,MTSM,184.00,184.00,184.00,184.00,0
11/20/2020,MTWI,59.00,60.00,56.00,58.00,242400
11/20/2020,MYOH,1175.00,1175.00,1160.00,1175.00,31700
11/20/2020,MYOR,2510.00,2520.00,2450.00,2480.00,5353400
11/20/2020,MYRX,50.00,50.00,50.00,50.00,0
11/20/2020,MYRXP,50.00,50.00,50.00,50.00,0
11/20/2020,MYTX,50.00,50.00,50.00,50.00,30100
11/20/2020,NASA,104.00,104.00,104.00,104.00,0
11/20/2020,NATO,530.00,540.00,520.00,540.00,217329300
11/20/2020,NATO-W,280.00,280.00,280.00,280.00,200
11/20/2020,NELY,137.00,137.00,137.00,137.00,1500
11/20/2020,NFCX,1585.00,1585.00,1580.00,1580.00,1400
11/20/2020,NICK,322.00,322.00,322.00,322.00,100
11/20/2020,NIKL,920.00,920.00,880.00,895.00,4976300
11/20/2020,NIPS,282.00,282.00,282.00,282.00,0
11/20/2020,NIRO,148.00,148.00,148.00,148.00,2251300
11/20/2020,NISP,720.00,735.00,720.00,735.00,297200
11/20/2020,NOBU,815.00,845.00,815.00,830.00,46900
11/20/2020,NRCA,356.00,386.00,356.00,378.00,2461600
11/20/2020,NUSA,50.00,50.00,50.00,50.00,0
11/20/2020,NZIA,150.00,157.00,150.00,152.00,71400
11/20/2020,OASA,430.00,430.00,430.00,430.00,0
11/20/2020,OCAP,159.00,159.00,159.00,159.00,0
11/20/2020,OKAS,109.00,113.00,109.00,110.00,2690500
11/20/2020,OMRE,322.00,322.00,322.00,322.00,0
11/20/2020,OPMS,157.00,157.00,156.00,157.00,37300
11/20/2020,PADI,50.00,50.00,50.00,50.00,700
11/20/2020,PALM,312.00,312.00,310.00,310.00,796900
11/20/2020,PAMG,130.00,130.00,124.00,127.00,48648500
11/20/2020,PANI,112.00,112.00,112.00,112.00,11200
11/20/2020,PANR,103.00,110.00,103.00,107.00,7422100
11/20/2020,PANS,845.00,880.00,840.00,865.00,469400
11/20/2020,PBID,1120.00,1180.00,1115.00,1145.00,216500
11/20/2020,PBRX,244.00,244.00,234.00,234.00,3122800
11/20/2020,PBSA,710.00,710.00,695.00,695.00,200
11/20/2020,PCAR,460.00,480.00,432.00,474.00,27500
11/20/2020,PDES,250.00,312.00,242.00,250.00,14700
11/20/2020,PEGE,116.00,120.00,116.00,116.00,6500
11/20/2020,PEHA,1590.00,1590.00,1575.00,1580.00,143100
11/20/2020,PGAS,1355.00,1410.00,1330.00,1405.00,329589900
11/20/2020,PGJO,35.00,35.00,33.00,34.00,108600
11/20/2020,PGLI,278.00,298.00,240.00,240.00,35900
11/20/2020,PGUN,240.00,246.00,226.00,226.00,97100
11/20/2020,PICO,140.00,140.00,137.00,138.00,229400
11/20/2020,PJAA,545.00,590.00,540.00,550.00,820200
11/20/2020,PKPK,50.00,51.00,50.00,51.00,799000
11/20/2020,PLAN,114.00,116.00,110.00,115.00,9002500
11/20/2020,PLAN-W,4.00,5.00,4.00,5.00,285900
11/20/2020,PLAS,50.00,50.00,50.00,50.00,0
11/20/2020,PLIN,2500.00,2500.00,2500.00,2500.00,9500
11/20/2020,PMJS,117.00,117.00,110.00,111.00,36300
11/20/2020,PNBN,940.00,970.00,925.00,940.00,13667500
11/20/2020,PNBS,69.00,73.00,68.00,70.00,45310900
11/20/2020,PNGO,630.00,630.00,605.00,605.00,1600
11/20/2020,PNIN,730.00,760.00,720.00,730.00,2459000
11/20/2020,PNLF,216.00,226.00,212.00,218.00,64880800
11/20/2020,PNSE,790.00,790.00,790.00,790.00,0
11/20/2020,POLA,50.00,51.00,50.00,51.00,26800
11/20/2020,POLA-W,46.00,46.00,23.00,38.00,10100
11/20/2020,POLI,1050.00,1050.00,975.00,1000.00,800
11/20/2020,POLL,4720.00,4760.00,4690.00,4690.00,21000
11/20/2020,POLU,800.00,830.00,775.00,820.00,10200
11/20/2020,POLY,50.00,50.00,50.00,50.00,17300
11/20/2020,POOL,50.00,50.00,50.00,50.00,0
11/20/2020,PORT,458.00,458.00,428.00,432.00,600
11/20/2020,POSA,50.00,50.00,50.00,50.00,64700
11/20/2020,POSA-W,1.00,2.00,1.00,2.00,2869300
11/20/2020,POWR,730.00,740.00,700.00,715.00,10904600
11/20/2020,PPGL,236.00,250.00,220.00,220.00,10159400
11/20/2020,PPGL-W,13.00,14.00,12.00,14.00,4424600
11/20/2020,PPRE,208.00,234.00,208.00,218.00,100116500
11/20/2020,PPRO,54.00,70.00,53.00,67.00,2825294900
11/20/2020,PRAS,125.00,125.00,117.00,120.00,49900
11/20/2020,PRDA,3160.00,3300.00,3160.00,3200.00,401800
11/20/2020,PRIM,240.00,262.00,240.00,242.00,28700
11/20/2020,PRIM-W,6.00,6.00,6.00,6.00,0
11/20/2020,PSAB,210.00,214.00,210.00,210.00,9330500
11/20/2020,PSDN,111.00,111.00,107.00,107.00,5400
11/20/2020,PSGO,101.00,103.00,100.00,102.00,24700
11/20/2020,PSKT,50.00,50.00,50.00,50.00,0
11/20/2020,PSSI,169.00,170.00,167.00,170.00,389900
11/20/2020,PTBA,2240.00,2260.00,2180.00,2190.00,72908500
11/20/2020,PTIS,161.00,161.00,161.00,161.00,100
11/20/2020,PTPP,1180.00,1195.00,1140.00,1150.00,40919300
11/20/2020,PTPW,1195.00,1195.00,1165.00,1165.00,884500
11/20/2020,PTRO,1835.00,1855.00,1800.00,1845.00,1150700
11/20/2020,PTSN,234.00,236.00,230.00,230.00,1481200
11/20/2020,PTSP,4790.00,4790.00,4790.00,4790.00,0
11/20/2020,PUDP,228.00,228.00,218.00,218.00,300
11/20/2020,PURA,127.00,127.00,125.00,127.00,467631300
11/20/2020,PURA-W,23.00,23.00,21.00,23.00,2980700
11/20/2020,PURE,268.00,268.00,262.00,262.00,3785900
11/20/2020,PURE-W,28.00,29.00,25.00,27.00,5212000
11/20/2020,PURI,288.00,290.00,288.00,290.00,2300
11/20/2020,PWON,510.00,520.00,496.00,500.00,94828300
11/20/2020,PYFA,900.00,905.00,885.00,895.00,1062500
11/20/2020,PZZA,745.00,755.00,735.00,750.00,2874700
11/20/2020,R-ABFII,28600.00,28600.00,28600.00,28600.00,0
11/20/2020,R-LQ45X,935.00,935.00,921.00,930.00,14600
11/20/2020,RAJA,173.00,189.00,168.00,178.00,111903100
11/20/2020,RALS,745.00,755.00,725.00,740.00,25443100
11/20/2020,RANC,398.00,406.00,396.00,398.00,1863900
11/20/2020,RBMS,51.00,52.00,50.00,52.00,2878300
11/20/2020,RDTX,5500.00,5500.00,5500.00,5500.00,1800
11/20/2020,REAL,50.00,50.00,50.00,50.00,1046900
11/20/2020,REAL-W,2.00,2.00,1.00,1.00,15959500
11/20/2020,RELI,264.00,266.00,264.00,266.00,200
11/20/2020,RICY,96.00,96.00,93.00,95.00,80600
11/20/2020,RIGS,238.00,240.00,224.00,230.00,406800
11/20/2020,RIMO,50.00,50.00,50.00,50.00,0
11/20/2020,RISE,452.00,452.00,448.00,450.00,400400
11/20/2020,RMBA,386.00,390.00,370.00,380.00,303700
11/20/2020,ROCK,895.00,925.00,880.00,925.00,5000
11/20/2020,RODA,53.00,53.00,51.00,51.00,541800
11/20/2020,RONY,292.00,310.00,272.00,274.00,3482300
11/20/2020,ROTI,1310.00,1310.00,1305.00,1305.00,1717600
11/20/2020,RUIS,322.00,322.00,312.00,312.00,154800
11/20/2020,SAFE,190.00,240.00,186.00,189.00,269700
11/20/2020,SAME,190.00,198.00,185.00,192.00,149375700
11/20/2020,SAMF,390.00,392.00,390.00,392.00,2400
11/20/2020,SAPX,2150.00,2150.00,2150.00,2150.00,0
11/20/2020,SATU,50.00,50.00,50.00,50.00,29600
11/20/2020,SBAT,94.00,94.00,88.00,90.00,12436000
11/20/2020,SBAT-W,10.00,11.00,10.00,11.00,31414000
11/20/2020,SCCO,9900.00,10100.00,9800.00,10100.00,4200
11/20/2020,SCMA,1495.00,1510.00,1485.00,1495.00,8153100
11/20/2020,SCNP,244.00,258.00,244.00,246.00,252300
11/20/2020,SCPI,29000.00,29000.00,29000.00,29000.00,0
11/20/2020,SDMU,50.00,50.00,50.00,50.00,1020500
11/20/2020,SDPC,106.00,106.00,105.00,106.00,50900
11/20/2020,SDRA,765.00,790.00,755.00,755.00,3300
11/20/2020,SFAN,1120.00,1125.00,1115.00,1120.00,726700
11/20/2020,SGER,520.00,525.00,510.00,520.00,1423300
11/20/2020,SGER-W,216.00,216.00,180.00,208.00,20000
11/20/2020,SGRO,1600.00,1615.00,1595.00,1595.00,148700
11/20/2020,SHID,2990.00,2990.00,2830.00,2830.00,2000
11/20/2020,SHIP,600.00,630.00,600.00,615.00,1813200
11/20/2020,SIDO,800.00,810.00,795.00,800.00,23668100
11/20/2020,SILO,4890.00,4960.00,4710.00,4880.00,237500
11/20/2020,SIMA,50.00,50.00,50.00,50.00,0
11/20/2020,SIMP,368.00,372.00,362.00,364.00,14192100
11/20/2020,SINI,378.00,378.00,334.00,378.00,18700
11/20/2020,SINI-W,145.00,210.00,145.00,210.00,4300
11/20/2020,SIPD,1190.00,1245.00,1190.00,1245.00,137400
11/20/2020,SKBM,354.00,354.00,354.00,354.00,0
11/20/2020,SKLT,1425.00,1425.00,1425.00,1425.00,100
11/20/2020,SKRN,590.00,660.00,580.00,580.00,113400
11/20/2020,SKYB,51.00,51.00,51.00,51.00,0
11/20/2020,SLIS,4870.00,4940.00,4840.00,4880.00,99200
11/20/2020,SMAR,3140.00,3140.00,3120.00,3120.00,16400
11/20/2020,SMBR,645.00,670.00,630.00,645.00,31105200
11/20/2020,SMCB,1080.00,1115.00,1080.00,1100.00,180200
11/20/2020,SMDM,95.00,98.00,95.00,98.00,23700
11/20/2020,SMDR,292.00,292.00,284.00,284.00,3423900
11/20/2020,SMGR,11300.00,11375.00,11175.00,11350.00,3347000
11/20/2020,SMKL,185.00,188.00,185.00,187.00,862600
11/20/2020,SMKL-W,12.00,12.00,10.00,12.00,15200
11/20/2020,SMMA,15000.00,15000.00,14550.00,14550.00,200000
11/20/2020,SMMT,79.00,81.00,75.00,80.00,452900
11/20/2020,SMRA,800.00,815.00,780.00,780.00,49522000
11/20/2020,SMRU,50.00,50.00,50.00,50.00,0
11/20/2020,SMSM,1375.00,1395.00,1360.00,1370.00,1373800
11/20/2020,SOCI,136.00,138.00,132.00,132.00,10950500
11/20/2020,SOFA,106.00,109.00,104.00,104.00,14400
11/20/2020,SOFA-W,5.00,5.00,4.00,5.00,700600
11/20/2020,SOHO,5600.00,5600.00,5350.00,5350.00,54700
11/20/2020,SONA,5800.00,5800.00,5425.00,5700.00,3800
11/20/2020,SOSS,410.00,410.00,364.00,376.00,317500
11/20/2020,SOSS-W,73.00,73.00,54.00,58.00,3100
11/20/2020,SOTS,228.00,228.00,222.00,222.00,200
11/20/2020,SOTS-W,13.00,16.00,13.00,16.00,4100
11/20/2020,SPMA,324.00,324.00,316.00,316.00,111700
11/20/2020,SPTO,474.00,484.00,452.00,458.00,4737200
11/20/2020,SQMI,238.00,238.00,228.00,234.00,5146900
11/20/2020,SRAJ,133.00,135.00,132.00,132.00,53200
11/20/2020,SRIL,246.00,250.00,238.00,238.00,80877700
11/20/2020,SRSN,59.00,60.00,58.00,59.00,6048900
11/20/2020,SRTG,3440.00,3440.00,3390.00,3430.00,2009100
11/20/2020,SSIA,600.00,635.00,580.00,590.00,126069500
11/20/2020,SSMS,820.00,820.00,790.00,795.00,6992800
11/20/2020,SSTM,565.00,570.00,565.00,570.00,11800
11/20/2020,STAR,124.00,124.00,111.00,116.00,2900
11/20/2020,STTP,8000.00,8000.00,8000.00,8000.00,800
11/20/2020,SUGI,50.00,50.00,50.00,50.00,0
11/20/2020,SULI,50.00,50.00,50.00,50.00,6500
11/20/2020,SUPR,4100.00,4100.00,4100.00,4100.00,100
11/20/2020,SURE,2800.00,2820.00,2720.00,2810.00,273800
11/20/2020,SWAT,104.00,104.00,102.00,104.00,194100
11/20/2020,TALF,288.00,298.00,288.00,298.00,400
11/20/2020,TAMA,190.00,194.00,179.00,179.00,10366400
11/20/2020,TAMA-W,7.00,7.00,6.00,6.00,2639200
11/20/2020,TAMU,50.00,50.00,50.00,50.00,334600
11/20/2020,TARA,50.00,50.00,50.00,50.00,10500
11/20/2020,TAXI,50.00,50.00,50.00,50.00,100100
11/20/2020,TBIG,1430.00,1440.00,1400.00,1415.00,14236700
11/20/2020,TBLA,805.00,805.00,785.00,795.00,3525100
11/20/2020,TBMS,755.00,760.00,730.00,755.00,14200
11/20/2020,TCID,6275.00,6325.00,6250.00,6275.00,14300
11/20/2020,TCPI,7125.00,7200.00,7100.00,7100.00,6745500
11/20/2020,TDPM,129.00,138.00,129.00,138.00,27104800
11/20/2020,TEBE,705.00,710.00,670.00,670.00,45700
11/20/2020,TECH,117.00,119.00,116.00,119.00,970600
11/20/2020,TELE,121.00,121.00,121.00,121.00,0
11/20/2020,TFAS,166.00,174.00,166.00,174.00,89300
11/20/2020,TFCO,426.00,426.00,426.00,426.00,100
11/20/2020,TGKA,8200.00,8200.00,7800.00,7850.00,900
11/20/2020,TGRA,102.00,105.00,101.00,103.00,10232900
11/20/2020,TIFA,394.00,400.00,390.00,392.00,12400
11/20/2020,TINS,1130.00,1145.00,1100.00,1105.00,75947900
11/20/2020,TIRA,250.00,250.00,218.00,226.00,22800
11/20/2020,TIRT,52.00,53.00,50.00,53.00,214900
11/20/2020,TKIM,6775.00,6875.00,6675.00,6700.00,6817500
11/20/2020,TLKM,3190.00,3270.00,3180.00,3220.00,211892500
11/20/2020,TMAS,131.00,131.00,124.00,128.00,2655400
11/20/2020,TMPO,160.00,166.00,156.00,157.00,203100
11/20/2020,TNCA,318.00,322.00,318.00,322.00,142600
11/20/2020,TOBA,390.00,394.00,390.00,394.00,121600
11/20/2020,TOPS,50.00,50.00,50.00,50.00,38300
11/20/2020,TOTL,332.00,342.00,332.00,336.00,11633300
11/20/2020,TOTO,200.00,202.00,199.00,200.00,6130200
11/20/2020,TOWR,1045.00,1045.00,1030.00,1030.00,105043900
11/20/2020,TOYS,655.00,680.00,650.00,675.00,5715600
11/20/2020,TOYS-W,13.00,14.00,13.00,14.00,7199200
11/20/2020,TPIA,8650.00,8750.00,8650.00,8750.00,3098200
11/20/2020,TPMA,304.00,304.00,304.00,304.00,0
11/20/2020,TRAM,50.00,50.00,50.00,50.00,0
11/20/2020,TRAM-W,11.00,11.00,11.00,11.00,0
11/20/2020,TRIL,50.00,50.00,50.00,50.00,0
11/20/2020,TRIM,112.00,112.00,112.00,112.00,0
11/20/2020,TRIN,304.00,312.00,282.00,286.00,24211300
11/20/2020,TRIN-W,11.00,11.00,10.00,11.00,2932300
11/20/2020,TRIO,426.00,426.00,426.00,426.00,0
11/20/2020,TRIS,198.00,198.00,198.00,198.00,0
11/20/2020,TRIS-W,50.00,50.00,50.00,50.00,0
11/20/2020,TRJA,165.00,167.00,163.00,165.00,1173200
11/20/2020,TRST,400.00,400.00,400.00,400.00,100
11/20/2020,TRUK,147.00,147.00,146.00,146.00,177500
11/20/2020,TRUS,346.00,350.00,324.00,334.00,5600
11/20/2020,TSPC,1300.00,1300.00,1290.00,1290.00,341000
11/20/2020,TUGU,1735.00,1770.00,1615.00,1615.00,137200
11/20/2020,TURI,1345.00,1360.00,1330.00,1330.00,16000
11/20/2020,UANG,226.00,242.00,226.00,240.00,38700
11/20/2020,UCID,1565.00,1575.00,1555.00,1560.00,70300
11/20/2020,ULTJ,1670.00,1680.00,1665.00,1670.00,1871700
11/20/2020,UNIC,3900.00,4000.00,3800.00,3800.00,5600
11/20/2020,UNIT,147.00,152.00,147.00,148.00,15100
11/20/2020,UNSP,85.00,87.00,84.00,85.00,983100
11/20/2020,UNTR,21700.00,21750.00,21275.00,21300.00,4641400
11/20/2020,UNVR,7775.00,7825.00,7725.00,7725.00,11720600
11/20/2020,URBN,1400.00,1400.00,1400.00,1400.00,0
11/20/2020,URBN-W,15.00,15.00,14.00,14.00,3500
11/20/2020,VICO,77.00,80.00,74.00,77.00,28800
11/20/2020,VINS,90.00,95.00,90.00,92.00,64600
11/20/2020,VIVA,50.00,50.00,50.00,50.00,250700
11/20/2020,VOKS,208.00,208.00,200.00,202.00,303500
11/20/2020,VRNA,95.00,103.00,95.00,95.00,1000
11/20/2020,WAPO,63.00,63.00,63.00,63.00,200
11/20/2020,WEGE,206.00,218.00,202.00,208.00,194742900
11/20/2020,WEHA,55.00,60.00,54.00,56.00,4312500
11/20/2020,WICO,450.00,476.00,450.00,476.00,10700
11/20/2020,WIIM,570.00,575.00,545.00,550.00,39979100
11/20/2020,WIKA,1475.00,1490.00,1420.00,1425.00,44784600
11/20/2020,WINS,98.00,98.00,96.00,98.00,28600
11/20/2020,WOMF,246.00,256.00,228.00,234.00,1708600
11/20/2020,WOOD,590.00,605.00,575.00,575.00,25954100
11/20/2020,WOWS,63.00,64.00,62.00,63.00,18535500
11/20/2020,WSBP,206.00,234.00,204.00,214.00,885324000
11/20/2020,WSKT,1055.00,1070.00,1020.00,1025.00,122164700
11/20/2020,WTON,302.00,336.00,302.00,318.00,119962500
11/20/2020,XAFA,1082.00,1082.00,1082.00,1082.00,100
11/20/2020,XAQA,869.00,869.00,869.00,869.00,0
11/20/2020,XASG,87.00,87.00,87.00,87.00,0
11/20/2020,XBES,906.00,906.00,906.00,906.00,100
11/20/2020,XBID,494.00,494.00,494.00,494.00,0
11/20/2020,XBIN,472.00,472.00,472.00,472.00,0
11/20/2020,XBLQ,437.00,437.00,435.00,435.00,200
11/20/2020,XBNI,980.00,980.00,980.00,980.00,100
11/20/2020,XBSK,369.00,369.00,369.00,369.00,0
11/20/2020,XCID,75.00,80.00,74.00,76.00,213900
11/20/2020,XCIS,105.00,105.00,105.00,105.00,0
11/20/2020,XCLQ,93.00,93.00,92.00,92.00,10600
11/20/2020,XDIF,412.00,412.00,412.00,412.00,0
11/20/2020,XIHD,444.00,447.00,444.00,444.00,12300
11/20/2020,XIIC,1010.00,1010.00,1010.00,1010.00,100
11/20/2020,XIID,490.00,490.00,490.00,490.00,200
11/20/2020,XIIF,535.00,546.00,535.00,542.00,400
11/20/2020,XIIT,506.00,506.00,500.00,500.00,85000
11/20/2020,XIJI,596.00,612.00,596.00,609.00,21400
11/20/2020,XILV,107.00,111.00,107.00,111.00,5800
11/20/2020,XIML,250.00,250.00,250.00,250.00,2500
11/20/2020,XIPI,162.00,162.00,161.00,161.00,10300
11/20/2020,XISB,398.00,398.00,398.00,398.00,0
11/20/2020,XISC,637.00,641.00,637.00,641.00,200
11/20/2020,XISI,294.00,294.00,294.00,294.00,0
11/20/2020,XISR,372.00,372.00,364.00,364.00,13500
11/20/2020,XKIV,423.00,423.00,417.00,417.00,1300
11/20/2020,XMIG,161.00,161.00,161.00,161.00,0
11/20/2020,XMJM,1001.00,1001.00,1001.00,1001.00,0
11/20/2020,XMTS,407.00,407.00,407.00,407.00,0
11/20/2020,XNVE,134.00,134.00,131.00,133.00,435600
11/20/2020,XPCR,845.00,845.00,845.00,845.00,0
11/20/2020,XPDV,425.00,425.00,425.00,425.00,0
11/20/2020,XPES,373.00,373.00,373.00,373.00,0
11/20/2020,XPFT,600.00,600.00,600.00,600.00,100
11/20/2020,XPID,438.00,438.00,438.00,438.00,0
11/20/2020,XPLC,397.00,397.00,397.00,397.00,0
11/20/2020,XPLQ,454.00,454.00,454.00,454.00,0
11/20/2020,XPMI,865.00,865.00,865.00,865.00,0
11/20/2020,XPSG,381.00,381.00,381.00,381.00,0
11/20/2020,XPTD,478.00,478.00,478.00,478.00,200
11/20/2020,XSBC,100.00,100.00,100.00,100.00,4100
11/20/2020,XSMU,120.00,120.00,120.00,120.00,700
11/20/2020,XSPI,750.00,750.00,750.00,750.00,0
11/20/2020,XSRI,178.00,178.00,178.00,178.00,200
11/20/2020,XSSI,83.00,83.00,83.00,83.00,2400
11/20/2020,XSSK,633.00,633.00,633.00,633.00,0
11/20/2020,YELO,50.00,50.00,50.00,50.00,68800
11/20/2020,YELO-W,7.00,8.00,7.00,7.00,15700
11/20/2020,YPAS,346.00,350.00,346.00,350.00,2400
11/20/2020,YULE,350.00,350.00,350.00,350.00,100
11/20/2020,ZBRA,50.00,51.00,50.00,51.00,872300
11/20/2020,ZINC,133.00,136.00,132.00,134.00,605407200
11/20/2020,ZONE,402.00,402.00,400.00,400.00,109900
