<date>,<ticker>,<open>,<high>,<low>,<close>,<volume>
08/31/2020,AALI,10175.00,10250.00,9875.00,10175.00,2773000
08/31/2020,ABBA,50.00,50.00,50.00,50.00,51100
08/31/2020,ABDA,6900.00,6900.00,6900.00,6900.00,0
08/31/2020,ABMM,955.00,955.00,955.00,955.00,100
08/31/2020,ACES,1600.00,1620.00,1500.00,1545.00,29206500
08/31/2020,ACST,400.00,450.00,340.00,348.00,51236600
08/31/2020,ADES,1300.00,1320.00,1225.00,1225.00,211000
08/31/2020,ADHI,615.00,615.00,595.00,595.00,13184100
08/31/2020,ADMF,7975.00,7975.00,7700.00,7700.00,227900
08/31/2020,ADMG,122.00,138.00,118.00,123.00,17921100
08/31/2020,ADRO,1160.00,1165.00,1085.00,1085.00,85351100
08/31/2020,AGAR,510.00,510.00,510.00,510.00,100
08/31/2020,AGII,500.00,500.00,494.00,498.00,314500
08/31/2020,AGRO,382.00,392.00,368.00,380.00,99405500
08/31/2020,AGRS,185.00,192.00,185.00,190.00,45600
08/31/2020,AHAP,59.00,59.00,55.00,55.00,592000
08/31/2020,AIMS,155.00,156.00,155.00,155.00,50200
08/31/2020,AISA,168.00,168.00,157.00,157.00,19950200
08/31/2020,AKKU,50.00,50.00,50.00,50.00,0
08/31/2020,AKPI,310.00,310.00,310.00,310.00,62900
08/31/2020,AKRA,2900.00,2920.00,2860.00,2900.00,15111300
08/31/2020,AKSI,288.00,288.00,278.00,278.00,28200
08/31/2020,ALDO,378.00,378.00,378.00,378.00,0
08/31/2020,ALKA,274.00,274.00,272.00,272.00,52600
08/31/2020,ALMI,210.00,212.00,210.00,212.00,25000
08/31/2020,ALTO,350.00,350.00,336.00,346.00,700
08/31/2020,AMAG,208.00,210.00,202.00,206.00,691000
08/31/2020,AMAN,246.00,248.00,246.00,246.00,173800
08/31/2020,AMAR,362.00,362.00,356.00,360.00,56600
08/31/2020,AMFG,2550.00,2560.00,2550.00,2560.00,4900
08/31/2020,AMIN,264.00,264.00,248.00,248.00,500
08/31/2020,AMOR,2120.00,2120.00,2120.00,2120.00,0
08/31/2020,AMRT,720.00,725.00,710.00,715.00,1379100
08/31/2020,ANDI,50.00,50.00,50.00,50.00,1009500
08/31/2020,ANJT,540.00,540.00,540.00,540.00,0
08/31/2020,ANTM,830.00,855.00,810.00,820.00,229956400
08/31/2020,APEX,141.00,144.00,135.00,143.00,68500
08/31/2020,APIC,825.00,880.00,820.00,880.00,16061700
08/31/2020,APII,165.00,165.00,154.00,156.00,458400
08/31/2020,APLI,110.00,115.00,110.00,115.00,1000
08/31/2020,APLN,122.00,124.00,115.00,117.00,59777700
08/31/2020,ARGO,1690.00,1690.00,1690.00,1690.00,0
08/31/2020,ARII,436.00,450.00,436.00,450.00,11600
08/31/2020,ARKA,196.00,196.00,196.00,196.00,14800
08/31/2020,ARMY,50.00,50.00,50.00,50.00,0
08/31/2020,ARNA,450.00,450.00,442.00,448.00,121100
08/31/2020,ARTA,298.00,298.00,298.00,298.00,0
08/31/2020,ARTI,50.00,50.00,50.00,50.00,0
08/31/2020,ARTO,2560.00,3000.00,2560.00,2630.00,791700
08/31/2020,ASBI,300.00,362.00,290.00,302.00,55200
08/31/2020,ASDM,910.00,910.00,900.00,900.00,4200
08/31/2020,ASGR,765.00,775.00,740.00,750.00,909500
08/31/2020,ASII,5325.00,5350.00,5100.00,5100.00,42240600
08/31/2020,ASJT,111.00,113.00,110.00,110.00,485000
08/31/2020,ASMI,1145.00,1145.00,1140.00,1140.00,4500
08/31/2020,ASPI,154.00,157.00,151.00,152.00,2827000
08/31/2020,ASPI-W,20.00,22.00,18.00,19.00,8087400
08/31/2020,ASRI,130.00,132.00,123.00,125.00,193724300
08/31/2020,ASRM,1705.00,1790.00,1665.00,1790.00,6900
08/31/2020,ASSA,580.00,585.00,545.00,550.00,11974100
08/31/2020,ATIC,595.00,630.00,595.00,630.00,300
08/31/2020,AUTO,905.00,910.00,870.00,870.00,1318900
08/31/2020,AYLS,50.00,50.00,50.00,50.00,0
08/31/2020,AYLS-W,3.00,4.00,3.00,4.00,213600
08/31/2020,BABP,50.00,50.00,50.00,50.00,49500
08/31/2020,BABP-W3,36.00,48.00,36.00,42.00,5500
08/31/2020,BABP-W4,8.00,8.00,8.00,8.00,100
08/31/2020,BACA,410.00,410.00,398.00,398.00,34100
08/31/2020,BACA-W2,100.00,100.00,100.00,100.00,0
08/31/2020,BAJA,53.00,57.00,53.00,56.00,364400
08/31/2020,BALI,890.00,900.00,890.00,900.00,5700
08/31/2020,BAPA,50.00,50.00,50.00,50.00,14000
08/31/2020,BAPI,50.00,50.00,50.00,50.00,137000
08/31/2020,BAPI-W,3.00,3.00,2.00,2.00,3766900
08/31/2020,BATA,655.00,655.00,620.00,625.00,3700
08/31/2020,BAYU,1045.00,1050.00,1045.00,1050.00,900
08/31/2020,BBCA,32500.00,32700.00,31375.00,31375.00,19406400
08/31/2020,BBHI,156.00,158.00,150.00,153.00,70600
08/31/2020,BBKP,296.00,304.00,276.00,286.00,413344500
08/31/2020,BBLD,372.00,390.00,368.00,390.00,5700
08/31/2020,BBMD,1635.00,1635.00,1635.00,1635.00,0
08/31/2020,BBNI,5300.00,5325.00,5000.00,5100.00,125960000
08/31/2020,BBRI,3700.00,3740.00,3500.00,3510.00,266042400
08/31/2020,BBRM,50.00,50.00,50.00,50.00,0
08/31/2020,BBSS,132.00,132.00,129.00,131.00,11676400
08/31/2020,BBSS-W,5.00,6.00,5.00,5.00,15689800
08/31/2020,BBTN,1590.00,1610.00,1545.00,1575.00,38418600
08/31/2020,BBYB,274.00,276.00,274.00,276.00,79100
08/31/2020,BCAP,133.00,133.00,124.00,128.00,1527900
08/31/2020,BCIC,700.00,700.00,700.00,700.00,0
08/31/2020,BCIP,50.00,51.00,50.00,50.00,797600
08/31/2020,BDMN,2730.00,2760.00,2630.00,2720.00,3404300
08/31/2020,BEEF,202.00,204.00,186.00,193.00,8649300
08/31/2020,BEEF-W,13.00,13.00,12.00,13.00,771700
08/31/2020,BEKS,50.00,50.00,50.00,50.00,34300
08/31/2020,BELL,155.00,155.00,152.00,152.00,7401000
08/31/2020,BESS,344.00,348.00,342.00,344.00,974000
08/31/2020,BESS-W,134.00,142.00,130.00,137.00,276000
08/31/2020,BEST,147.00,171.00,147.00,154.00,665068300
08/31/2020,BFIN,418.00,436.00,390.00,410.00,36914500
08/31/2020,BGTG,52.00,52.00,50.00,50.00,3247100
08/31/2020,BHAT,438.00,454.00,438.00,450.00,141374900
08/31/2020,BHIT,50.00,50.00,50.00,50.00,5100
08/31/2020,BIKA,170.00,170.00,161.00,169.00,16500
08/31/2020,BIMA,50.00,50.00,50.00,50.00,1100
08/31/2020,BINA,845.00,860.00,825.00,825.00,5192200
08/31/2020,BIPI,50.00,50.00,50.00,50.00,109100
08/31/2020,BIPI-W,7.00,8.00,7.00,8.00,110600
08/31/2020,BIPP,64.00,64.00,59.00,59.00,677800
08/31/2020,BIRD,1045.00,1080.00,1030.00,1040.00,1733400
08/31/2020,BISI,900.00,920.00,890.00,905.00,4112600
08/31/2020,BJBR,1125.00,1135.00,1045.00,1055.00,29686700
08/31/2020,BJTM,620.00,625.00,580.00,595.00,31541700
08/31/2020,BKDP,51.00,51.00,50.00,50.00,70900
08/31/2020,BKSL,50.00,50.00,50.00,50.00,114100
08/31/2020,BKSW,73.00,76.00,72.00,72.00,19000
08/31/2020,BLTA,50.00,50.00,50.00,50.00,0
08/31/2020,BLTZ,3350.00,3350.00,3350.00,3350.00,100
08/31/2020,BLUE,555.00,565.00,550.00,550.00,103300
08/31/2020,BMAS,290.00,292.00,290.00,290.00,3400
08/31/2020,BMRI,6225.00,6300.00,5900.00,5950.00,111409400
08/31/2020,BMSR,52.00,52.00,52.00,52.00,3300
08/31/2020,BMTR,312.00,312.00,292.00,296.00,130263400
08/31/2020,BNBA,324.00,324.00,316.00,318.00,627400
08/31/2020,BNBR,50.00,50.00,50.00,50.00,44300
08/31/2020,BNGA,855.00,865.00,800.00,815.00,14015500
08/31/2020,BNII,246.00,248.00,232.00,234.00,6009700
08/31/2020,BNLI,1320.00,1325.00,1320.00,1325.00,24972900
08/31/2020,BOGA,1405.00,1450.00,1405.00,1450.00,105091000
08/31/2020,BOLA,158.00,158.00,151.00,154.00,190600
08/31/2020,BOLT,670.00,740.00,665.00,740.00,2300
08/31/2020,BOSS,76.00,78.00,75.00,75.00,2848200
08/31/2020,BPFI,1200.00,1200.00,1200.00,1200.00,11200
08/31/2020,BPII,10000.00,10000.00,10000.00,10000.00,0
08/31/2020,BPTR,86.00,99.00,80.00,87.00,85500
08/31/2020,BRAM,4750.00,4750.00,4750.00,4750.00,0
08/31/2020,BRIS,975.00,1020.00,935.00,965.00,328355900
08/31/2020,BRMS,50.00,51.00,50.00,50.00,57473000
08/31/2020,BRNA,985.00,985.00,975.00,975.00,11800
08/31/2020,BRPT,890.00,895.00,840.00,840.00,126337700
08/31/2020,BRPT-W,500.00,500.00,500.00,500.00,100
08/31/2020,BSDE,805.00,815.00,770.00,775.00,93047700
08/31/2020,BSIM,510.00,510.00,500.00,505.00,14600
08/31/2020,BSIM-W3,17.00,18.00,17.00,18.00,1900
08/31/2020,BSSR,1450.00,1450.00,1385.00,1390.00,104200
08/31/2020,BSWD,1750.00,1750.00,1750.00,1750.00,0
08/31/2020,BTEK,50.00,50.00,50.00,50.00,0
08/31/2020,BTEL,50.00,50.00,50.00,50.00,0
08/31/2020,BTON,179.00,179.00,170.00,170.00,49100
08/31/2020,BTPN,2430.00,2490.00,2370.00,2370.00,142400
08/31/2020,BTPS,3830.00,3900.00,3570.00,3900.00,12276700
08/31/2020,BUDI,99.00,100.00,95.00,100.00,2455900
08/31/2020,BUKK,800.00,820.00,775.00,795.00,26100
08/31/2020,BULL,292.00,294.00,282.00,284.00,215521600
08/31/2020,BULL-W2,85.00,86.00,71.00,71.00,422200
08/31/2020,BUMI,50.00,50.00,50.00,50.00,3903400
08/31/2020,BUVA,52.00,53.00,51.00,52.00,144600
08/31/2020,BVIC,68.00,72.00,67.00,69.00,323300
08/31/2020,BWPT,116.00,118.00,109.00,110.00,185227200
08/31/2020,BYAN,12900.00,12900.00,12850.00,12850.00,1500
08/31/2020,CAKK,50.00,50.00,50.00,50.00,0
08/31/2020,CAKK-W,3.00,4.00,3.00,4.00,779000
08/31/2020,CAMP,252.00,282.00,250.00,256.00,3458500
08/31/2020,CANI,158.00,158.00,155.00,155.00,200
08/31/2020,CARE,336.00,346.00,336.00,338.00,151947700
08/31/2020,CARS,50.00,50.00,50.00,50.00,22031300
08/31/2020,CASA,388.00,388.00,388.00,388.00,0
08/31/2020,CASA-W,36.00,36.00,36.00,36.00,0
08/31/2020,CASH,600.00,610.00,590.00,595.00,4027300
08/31/2020,CASH-W,28.00,30.00,27.00,28.00,6858200
08/31/2020,CASS,214.00,238.00,214.00,218.00,9102200
08/31/2020,CBMF,350.00,350.00,320.00,328.00,3239900
08/31/2020,CCSI,260.00,276.00,252.00,264.00,5315400
08/31/2020,CEKA,2020.00,2090.00,1990.00,2000.00,495500
08/31/2020,CENT,155.00,156.00,147.00,147.00,26961700
08/31/2020,CFIN,202.00,206.00,189.00,192.00,3728700
08/31/2020,CINT,244.00,244.00,242.00,242.00,4600
08/31/2020,CITA,2000.00,2010.00,1930.00,1930.00,31000
08/31/2020,CITY,111.00,111.00,95.00,108.00,89100
08/31/2020,CITY-W,18.00,18.00,17.00,17.00,160000
08/31/2020,CLAY,1965.00,1965.00,1965.00,1965.00,0
08/31/2020,CLEO,530.00,535.00,494.00,505.00,14033100
08/31/2020,CLPI,780.00,790.00,770.00,775.00,1774200
08/31/2020,CMNP,1105.00,1105.00,1065.00,1085.00,369900
08/31/2020,CMPP,184.00,184.00,184.00,184.00,0
08/31/2020,CNKO,50.00,50.00,50.00,50.00,0
08/31/2020,CNTB,250.00,250.00,250.00,250.00,0
08/31/2020,CNTX,234.00,250.00,234.00,250.00,48400
08/31/2020,COCO,780.00,780.00,780.00,780.00,200
08/31/2020,COCO-W,400.00,400.00,400.00,400.00,0
08/31/2020,COWL,50.00,50.00,50.00,50.00,0
08/31/2020,CPIN,6250.00,6425.00,5975.00,6300.00,31163900
08/31/2020,CPRI,50.00,50.00,50.00,50.00,0
08/31/2020,CPRI-W,11.00,11.00,11.00,11.00,0
08/31/2020,CPRO,50.00,50.00,50.00,50.00,0
08/31/2020,CSAP,314.00,314.00,310.00,310.00,600
08/31/2020,CSIS,50.00,50.00,50.00,50.00,102100
08/31/2020,CSMI,232.00,232.00,202.00,210.00,80400
08/31/2020,CSRA,364.00,388.00,362.00,368.00,4257200
08/31/2020,CTBN,2450.00,2450.00,2450.00,2450.00,0
08/31/2020,CTRA,790.00,810.00,740.00,770.00,98810400
08/31/2020,CTTH,50.00,50.00,50.00,50.00,87500
08/31/2020,DADA,66.00,71.00,66.00,71.00,47677300
08/31/2020,DADA-W,5.00,5.00,3.00,5.00,47462300
08/31/2020,DART,232.00,232.00,232.00,232.00,0
08/31/2020,DAYA,470.00,470.00,470.00,470.00,3000
08/31/2020,DEAL,80.00,89.00,80.00,88.00,11272900
08/31/2020,DEAL-W,77.00,77.00,77.00,77.00,0
08/31/2020,DEFI,1705.00,1705.00,1700.00,1700.00,4900
08/31/2020,DEWA,50.00,50.00,50.00,50.00,20000
08/31/2020,DFAM,348.00,348.00,348.00,348.00,0
08/31/2020,DFAM-W,120.00,120.00,120.00,120.00,0
08/31/2020,DGIK,50.00,50.00,50.00,50.00,0
08/31/2020,DIGI,1950.00,1950.00,1950.00,1950.00,0
08/31/2020,DILD,185.00,190.00,176.00,178.00,34776900
08/31/2020,DIVA,1890.00,1910.00,1870.00,1880.00,66900
08/31/2020,DKFT,116.00,123.00,113.00,117.00,11643400
08/31/2020,DLTA,4640.00,4950.00,4640.00,4770.00,1288900
08/31/2020,DMAS,238.00,242.00,222.00,226.00,83238000
08/31/2020,DMMX,197.00,199.00,191.00,193.00,3336700
08/31/2020,DMND,945.00,945.00,935.00,945.00,17200
08/31/2020,DNAR,240.00,240.00,240.00,240.00,0
08/31/2020,DNET,3480.00,3590.00,3400.00,3400.00,33500
08/31/2020,DOID,300.00,300.00,276.00,280.00,124846200
08/31/2020,DPNS,228.00,228.00,222.00,222.00,101700
08/31/2020,DPUM,53.00,53.00,50.00,50.00,231300
08/31/2020,DSFI,65.00,66.00,61.00,63.00,5498100
08/31/2020,DSNG,450.00,484.00,432.00,434.00,22763200
08/31/2020,DSSA,19975.00,19975.00,19975.00,19975.00,0
08/31/2020,DUCK,330.00,340.00,324.00,330.00,9448500
08/31/2020,DUTI,3900.00,3900.00,3900.00,3900.00,300
08/31/2020,DVLA,2700.00,2700.00,2560.00,2560.00,36000
08/31/2020,DWGL,210.00,210.00,204.00,204.00,200
08/31/2020,DWGL-W,38.00,50.00,38.00,39.00,5000
08/31/2020,DYAN,50.00,51.00,50.00,50.00,8163700
08/31/2020,EAST,55.00,55.00,53.00,53.00,3513700
08/31/2020,EAST-W,6.00,6.00,4.00,4.00,4536300
08/31/2020,ECII,705.00,705.00,705.00,705.00,0
08/31/2020,EKAD,1295.00,1305.00,1270.00,1280.00,1101800
08/31/2020,ELSA,254.00,256.00,244.00,244.00,82785600
08/31/2020,ELTY,50.00,50.00,50.00,50.00,0
08/31/2020,EMDE,202.00,202.00,202.00,202.00,0
08/31/2020,EMTK,5525.00,5750.00,5450.00,5450.00,316600
08/31/2020,ENRG,50.00,50.00,50.00,50.00,8199800
08/31/2020,ENVY,90.00,94.00,86.00,88.00,903679800
08/31/2020,EPAC,284.00,300.00,284.00,288.00,6135000
08/31/2020,EPMT,1885.00,1900.00,1860.00,1860.00,13500
08/31/2020,ERAA,1775.00,1790.00,1670.00,1720.00,34124800
08/31/2020,ERTX,133.00,135.00,131.00,133.00,670100
08/31/2020,ESIP,204.00,204.00,199.00,199.00,1747900
08/31/2020,ESIP-W,13.00,14.00,12.00,13.00,2585400
08/31/2020,ESSA,165.00,165.00,156.00,157.00,3214400
08/31/2020,ESTA,105.00,108.00,103.00,105.00,332700
08/31/2020,ESTI,50.00,50.00,50.00,50.00,400
08/31/2020,ETWA,62.00,62.00,62.00,62.00,0
08/31/2020,EXCL,2550.00,2580.00,2410.00,2440.00,30595700
08/31/2020,FAST,915.00,915.00,910.00,910.00,43900
08/31/2020,FASW,7000.00,7000.00,7000.00,7000.00,2000
08/31/2020,FILM,204.00,220.00,204.00,206.00,3873100
08/31/2020,FINN,50.00,50.00,50.00,50.00,0
08/31/2020,FIRE,132.00,138.00,131.00,132.00,5506300
08/31/2020,FISH,2840.00,2840.00,2840.00,2840.00,0
08/31/2020,FITT,57.00,64.00,54.00,56.00,114400
08/31/2020,FITT-W,17.00,19.00,16.00,16.00,198400
08/31/2020,FMII,520.00,520.00,520.00,520.00,0
08/31/2020,FOOD,124.00,124.00,116.00,116.00,12730700
08/31/2020,FORU,76.00,95.00,76.00,84.00,2500
08/31/2020,FORZ,50.00,50.00,50.00,50.00,0
08/31/2020,FPNI,120.00,127.00,120.00,120.00,5067100
08/31/2020,FREN,88.00,98.00,88.00,90.00,641972800
08/31/2020,FREN-W,33.00,46.00,33.00,41.00,6934600
08/31/2020,FUJI,109.00,110.00,104.00,110.00,28200
08/31/2020,GAMA,50.00,50.00,50.00,50.00,0
08/31/2020,GDST,56.00,61.00,56.00,61.00,3253100
08/31/2020,GDYR,1400.00,1400.00,1400.00,1400.00,100
08/31/2020,GEMA,344.00,344.00,344.00,344.00,2900
08/31/2020,GEMS,2550.00,2550.00,2550.00,2550.00,0
08/31/2020,GGRM,49250.00,50000.00,47175.00,47500.00,5844300
08/31/2020,GGRP,310.00,340.00,310.00,336.00,6300
08/31/2020,GHON,1750.00,1750.00,1645.00,1650.00,13500
08/31/2020,GIAA,264.00,266.00,252.00,252.00,37528900
08/31/2020,GJTL,565.00,570.00,530.00,540.00,6064500
08/31/2020,GLOB,144.00,153.00,144.00,153.00,10100
08/31/2020,GLVA,306.00,318.00,306.00,318.00,70700
08/31/2020,GMFI,82.00,85.00,81.00,83.00,31177600
08/31/2020,GMTD,17975.00,17975.00,17975.00,17975.00,0
08/31/2020,GOLD,204.00,210.00,198.00,200.00,52700
08/31/2020,GOLL,50.00,50.00,50.00,50.00,0
08/31/2020,GOOD,1300.00,1300.00,1280.00,1290.00,243000
08/31/2020,GPRA,50.00,51.00,50.00,50.00,167700
08/31/2020,GREN,328.00,328.00,328.00,328.00,0
08/31/2020,GSMF,94.00,94.00,94.00,94.00,0
08/31/2020,GTBO,75.00,75.00,75.00,75.00,0
08/31/2020,GWSA,113.00,118.00,109.00,109.00,81500
08/31/2020,GZCO,50.00,50.00,50.00,50.00,5000
08/31/2020,HADE,50.00,50.00,50.00,50.00,0
08/31/2020,HDFA,140.00,140.00,140.00,140.00,800
08/31/2020,HDIT,444.00,444.00,396.00,396.00,25100
08/31/2020,HDTX,120.00,120.00,120.00,120.00,0
08/31/2020,HEAL,3160.00,3250.00,3150.00,3160.00,390300
08/31/2020,HELI,199.00,199.00,188.00,199.00,400
08/31/2020,HELI-W,7.00,8.00,7.00,7.00,95800
08/31/2020,HERO,850.00,850.00,800.00,830.00,23200
08/31/2020,HEXA,3600.00,3680.00,3550.00,3580.00,614500
08/31/2020,HITS,545.00,580.00,540.00,555.00,2800
08/31/2020,HKMU,86.00,93.00,84.00,87.00,332597100
08/31/2020,HMSP,1660.00,1705.00,1650.00,1650.00,34916800
08/31/2020,HOKI,695.00,705.00,685.00,685.00,21686700
08/31/2020,HOKI-W,630.00,630.00,630.00,630.00,0
08/31/2020,HOME,50.00,50.00,50.00,50.00,0
08/31/2020,HOTL,50.00,50.00,50.00,50.00,50000
08/31/2020,HRME,50.00,50.00,50.00,50.00,228700
08/31/2020,HRTA,238.00,242.00,230.00,234.00,1227300
08/31/2020,HRUM,1600.00,1605.00,1485.00,1520.00,5208300
08/31/2020,IATA,50.00,50.00,50.00,50.00,1100
08/31/2020,IBFN,300.00,300.00,300.00,300.00,15100
08/31/2020,IBFN-W,6.00,6.00,6.00,6.00,18800
08/31/2020,IBST,7950.00,7950.00,7950.00,7950.00,0
08/31/2020,ICBP,10325.00,10375.00,10225.00,10225.00,6480900
08/31/2020,ICON,55.00,58.00,55.00,58.00,22700
08/31/2020,IDPR,172.00,173.00,165.00,169.00,7200
08/31/2020,IFII,132.00,145.00,130.00,135.00,5207200
08/31/2020,IFSH,330.00,330.00,330.00,330.00,100
08/31/2020,IGAR,344.00,356.00,322.00,328.00,476100
08/31/2020,IIKP,50.00,50.00,50.00,50.00,0
08/31/2020,IKAI,50.00,50.00,50.00,50.00,100
08/31/2020,IKAN,454.00,472.00,424.00,426.00,31008400
08/31/2020,IKBI,248.00,282.00,230.00,240.00,234800
08/31/2020,IMAS,820.00,830.00,765.00,775.00,16056800
08/31/2020,IMJS,316.00,320.00,294.00,294.00,51274100
08/31/2020,IMPC,1250.00,1250.00,1240.00,1250.00,692700
08/31/2020,INAF,3260.00,3290.00,3050.00,3060.00,7191000
08/31/2020,INAI,360.00,368.00,348.00,366.00,1600
08/31/2020,INCF,50.00,50.00,50.00,50.00,1200
08/31/2020,INCI,715.00,715.00,675.00,675.00,616800
08/31/2020,INCO,3810.00,3840.00,3770.00,3790.00,9374800
08/31/2020,INDF,7625.00,7800.00,7625.00,7625.00,15223500
08/31/2020,INDO,115.00,124.00,114.00,117.00,310600
08/31/2020,INDO-W,28.00,29.00,26.00,28.00,35500
08/31/2020,INDR,2260.00,2260.00,2180.00,2180.00,530000
08/31/2020,INDS,2010.00,2100.00,1930.00,2100.00,2800
08/31/2020,INDX,56.00,56.00,53.00,56.00,60500
08/31/2020,INDY,1090.00,1090.00,1015.00,1025.00,13161600
08/31/2020,INKP,9550.00,9625.00,9050.00,9300.00,10926300
08/31/2020,INOV,266.00,266.00,230.00,240.00,216200
08/31/2020,INPC,50.00,51.00,50.00,51.00,21800
08/31/2020,INPC-W,3.00,4.00,3.00,4.00,306500
08/31/2020,INPP,655.00,700.00,655.00,700.00,10300
08/31/2020,INPS,1415.00,1495.00,1310.00,1495.00,215000
08/31/2020,INRU,835.00,835.00,800.00,800.00,2900
08/31/2020,INTA,270.00,278.00,256.00,264.00,57000
08/31/2020,INTD,137.00,154.00,128.00,128.00,18600
08/31/2020,INTP,12250.00,12375.00,11800.00,11875.00,8185500
08/31/2020,IPCC,426.00,432.00,414.00,414.00,3625700
08/31/2020,IPCM,222.00,228.00,222.00,222.00,447100
08/31/2020,IPOL,85.00,86.00,82.00,83.00,529200
08/31/2020,IPTV,306.00,308.00,292.00,294.00,30269500
08/31/2020,IPTV-W,37.00,38.00,32.00,35.00,1383100
08/31/2020,IRRA,600.00,605.00,575.00,585.00,6054100
08/31/2020,ISAT,2400.00,2420.00,2250.00,2300.00,7804200
08/31/2020,ISSP,135.00,136.00,127.00,128.00,11132000
08/31/2020,ITIC,795.00,805.00,760.00,760.00,320300
08/31/2020,ITMA,530.00,530.00,500.00,500.00,250700
08/31/2020,ITMA-W,49.00,63.00,40.00,45.00,1700
08/31/2020,ITMG,8700.00,8750.00,8250.00,8275.00,5923000
08/31/2020,JAST,63.00,68.00,63.00,65.00,10267000
08/31/2020,JAWA,54.00,54.00,53.00,53.00,8200
08/31/2020,JAYA,69.00,80.00,69.00,74.00,1832700
08/31/2020,JAYA-W,11.00,11.00,11.00,11.00,1200000
08/31/2020,JECC,6350.00,6450.00,6350.00,6450.00,51900
08/31/2020,JGLE,50.00,50.00,50.00,50.00,0
08/31/2020,JIHD,440.00,488.00,440.00,488.00,400
08/31/2020,JKON,360.00,360.00,342.00,360.00,581800
08/31/2020,JKSW,60.00,60.00,60.00,60.00,0
08/31/2020,JMAS,173.00,189.00,172.00,189.00,20500
08/31/2020,JPFA,1125.00,1255.00,1125.00,1220.00,247693500
08/31/2020,JRPT,434.00,438.00,424.00,432.00,2172000
08/31/2020,JSKY,91.00,120.00,90.00,108.00,301785400
08/31/2020,JSMR,3980.00,4000.00,3880.00,3910.00,12696700
08/31/2020,JSPT,1030.00,1030.00,1030.00,1030.00,0
08/31/2020,JTPE,830.00,840.00,825.00,825.00,292100
08/31/2020,KAEF,3250.00,3270.00,3030.00,3040.00,27417200
08/31/2020,KARW,50.00,50.00,50.00,50.00,48300
08/31/2020,KAYU,50.00,51.00,50.00,50.00,353800
08/31/2020,KBAG,122.00,140.00,122.00,122.00,92501400
08/31/2020,KBAG-W,4.00,4.00,3.00,3.00,350567500
08/31/2020,KBLI,314.00,340.00,310.00,310.00,35775200
08/31/2020,KBLM,210.00,218.00,208.00,208.00,627300
08/31/2020,KBLV,358.00,358.00,354.00,354.00,2600
08/31/2020,KBRI,50.00,50.00,50.00,50.00,0
08/31/2020,KDSI,750.00,820.00,735.00,780.00,7400
08/31/2020,KEEN,314.00,318.00,314.00,316.00,3142900
08/31/2020,KEJU,1140.00,1260.00,1140.00,1225.00,858200
08/31/2020,KIAS,50.00,50.00,50.00,50.00,0
08/31/2020,KICI,234.00,234.00,234.00,234.00,100
08/31/2020,KIJA,145.00,146.00,141.00,144.00,1191800
08/31/2020,KINO,3170.00,3170.00,3150.00,3160.00,60600
08/31/2020,KIOS,171.00,175.00,171.00,172.00,1700
08/31/2020,KIOS-W,94.00,94.00,94.00,94.00,0
08/31/2020,KJEN,1290.00,1290.00,1290.00,1290.00,0
08/31/2020,KKGI,200.00,208.00,191.00,191.00,78600
08/31/2020,KLBF,1605.00,1615.00,1580.00,1580.00,46202700
08/31/2020,KMTR,318.00,318.00,318.00,318.00,0
08/31/2020,KOBX,100.00,104.00,95.00,101.00,2943800
08/31/2020,KOIN,100.00,100.00,100.00,100.00,100
08/31/2020,KONI,492.00,492.00,492.00,492.00,2300
08/31/2020,KOPI,510.00,510.00,505.00,510.00,44000
08/31/2020,KOTA,650.00,655.00,635.00,640.00,8391100
08/31/2020,KOTA-W,380.00,380.00,376.00,376.00,90100
08/31/2020,KPAL,60.00,64.00,55.00,56.00,28923200
08/31/2020,KPAS,50.00,51.00,50.00,50.00,323100
08/31/2020,KPAS-W,8.00,8.00,8.00,8.00,25000
08/31/2020,KPIG,107.00,107.00,104.00,105.00,23686400
08/31/2020,KRAH,436.00,436.00,436.00,436.00,0
08/31/2020,KRAS,404.00,412.00,384.00,388.00,96867500
08/31/2020,KREN,110.00,140.00,110.00,122.00,361746100
08/31/2020,LAND,200.00,210.00,189.00,197.00,184800
08/31/2020,LAPD,50.00,50.00,50.00,50.00,0
08/31/2020,LCGP,114.00,114.00,114.00,114.00,0
08/31/2020,LCKM,378.00,378.00,378.00,378.00,0
08/31/2020,LEAD,50.00,50.00,50.00,50.00,800
08/31/2020,LIFE,6250.00,6250.00,6250.00,6250.00,0
08/31/2020,LINK,1855.00,1860.00,1805.00,1825.00,3570800
08/31/2020,LION,280.00,280.00,268.00,268.00,3500
08/31/2020,LMAS,50.00,50.00,50.00,50.00,1400
08/31/2020,LMPI,79.00,80.00,75.00,75.00,38100
08/31/2020,LMSH,240.00,240.00,240.00,240.00,900
08/31/2020,LPCK,950.00,975.00,885.00,900.00,2330400
08/31/2020,LPGI,3550.00,3550.00,3450.00,3540.00,3500
08/31/2020,LPIN,224.00,224.00,224.00,224.00,5100
08/31/2020,LPKR,159.00,164.00,152.00,157.00,57329500
08/31/2020,LPLI,80.00,80.00,79.00,79.00,1100
08/31/2020,LPPF,1285.00,1295.00,1240.00,1265.00,18101000
08/31/2020,LPPS,85.00,90.00,84.00,84.00,27600
08/31/2020,LRNA,153.00,179.00,153.00,179.00,2100
08/31/2020,LSIP,990.00,1000.00,960.00,980.00,46918500
08/31/2020,LTLS,450.00,450.00,440.00,450.00,49400
08/31/2020,LUCK,240.00,254.00,228.00,228.00,12027500
08/31/2020,MABA,50.00,50.00,50.00,50.00,0
08/31/2020,MAGP,50.00,50.00,50.00,50.00,0
08/31/2020,MAIN,620.00,660.00,610.00,615.00,61611800
08/31/2020,MAMI,50.00,50.00,50.00,50.00,200
08/31/2020,MAMI-W,5.00,5.00,4.00,5.00,1011500
08/31/2020,MAMIP,600.00,600.00,600.00,600.00,0
08/31/2020,MAPA,2300.00,2300.00,2210.00,2270.00,1014600
08/31/2020,MAPB,1310.00,1310.00,1300.00,1300.00,9100
08/31/2020,MAPI,690.00,690.00,665.00,680.00,22706300
08/31/2020,MARI,50.00,51.00,50.00,50.00,3329200
08/31/2020,MARK,900.00,900.00,870.00,870.00,3144100
08/31/2020,MASA,535.00,565.00,535.00,565.00,25100
08/31/2020,MAYA,6500.00,6500.00,6500.00,6500.00,0
08/31/2020,MBAP,2130.00,2300.00,2000.00,2120.00,2617500
08/31/2020,MBSS,404.00,410.00,388.00,396.00,1832500
08/31/2020,MBTO,86.00,86.00,80.00,85.00,110100
08/31/2020,MCAS,1865.00,1950.00,1810.00,1825.00,755800
08/31/2020,MCOR,140.00,145.00,134.00,135.00,8820000
08/31/2020,MDIA,50.00,50.00,50.00,50.00,1000
08/31/2020,MDKA,1755.00,1780.00,1725.00,1740.00,104446600
08/31/2020,MDKI,159.00,159.00,157.00,157.00,350000
08/31/2020,MDLN,66.00,70.00,63.00,67.00,258185200
08/31/2020,MDRN,50.00,50.00,50.00,50.00,0
08/31/2020,MEDC,575.00,585.00,535.00,550.00,150653700
08/31/2020,MEDC-W,38.00,41.00,34.00,36.00,70241600
08/31/2020,MEGA,7300.00,7500.00,7000.00,7000.00,700
08/31/2020,MERK,3260.00,3280.00,3200.00,3200.00,73900
08/31/2020,META,115.00,115.00,112.00,112.00,681700
08/31/2020,MFIN,1000.00,1000.00,940.00,1000.00,15800
08/31/2020,MFMI,525.00,525.00,515.00,515.00,33900
08/31/2020,MGNA,50.00,50.00,50.00,50.00,0
08/31/2020,MGRO,800.00,810.00,800.00,800.00,3124500
08/31/2020,MICE,300.00,308.00,298.00,300.00,17400
08/31/2020,MIDI,1320.00,1320.00,1320.00,1320.00,1000
08/31/2020,MIKA,2370.00,2400.00,2340.00,2370.00,26399800
08/31/2020,MINA,50.00,50.00,50.00,50.00,600
08/31/2020,MIRA,50.00,50.00,50.00,50.00,0
08/31/2020,MITI,51.00,51.00,51.00,51.00,0
08/31/2020,MKNT,50.00,50.00,50.00,50.00,100
08/31/2020,MKPI,12800.00,12800.00,12700.00,12700.00,1500
08/31/2020,MLBI,9600.00,9625.00,9375.00,9450.00,41700
08/31/2020,MLIA,535.00,545.00,505.00,505.00,5597200
08/31/2020,MLPL,50.00,51.00,50.00,50.00,1828400
08/31/2020,MLPT,620.00,625.00,585.00,595.00,318200
08/31/2020,MMLP,260.00,260.00,240.00,244.00,6563600
08/31/2020,MNCN,910.00,915.00,870.00,890.00,72606400
08/31/2020,MOLI,860.00,900.00,860.00,900.00,14200
08/31/2020,MPMX,484.00,484.00,472.00,472.00,2022300
08/31/2020,MPOW,58.00,60.00,57.00,59.00,133500
08/31/2020,MPPA,110.00,110.00,107.00,109.00,597000
08/31/2020,MPRO,800.00,800.00,800.00,800.00,0
08/31/2020,MRAT,151.00,160.00,151.00,151.00,634500
08/31/2020,MREI,4430.00,4430.00,4430.00,4430.00,0
08/31/2020,MSIN,294.00,296.00,284.00,290.00,870700
08/31/2020,MSKY,920.00,945.00,920.00,935.00,2700
08/31/2020,MTDL,1620.00,1625.00,1595.00,1600.00,3013200
08/31/2020,MTFN,50.00,50.00,50.00,50.00,0
08/31/2020,MTLA,376.00,384.00,374.00,374.00,8100
08/31/2020,MTPS,155.00,200.00,154.00,200.00,531300
08/31/2020,MTRA,244.00,244.00,244.00,244.00,0
08/31/2020,MTSM,212.00,212.00,212.00,212.00,100
08/31/2020,MTWI,50.00,50.00,50.00,50.00,1200
08/31/2020,MYOH,1125.00,1135.00,1100.00,1135.00,80500
08/31/2020,MYOR,2400.00,2420.00,2260.00,2350.00,5672200
08/31/2020,MYRX,50.00,50.00,50.00,50.00,0
08/31/2020,MYRXP,50.00,50.00,50.00,50.00,0
08/31/2020,MYTX,59.00,59.00,53.00,54.00,1700
08/31/2020,NASA,104.00,104.00,104.00,104.00,0
08/31/2020,NATO,404.00,414.00,380.00,402.00,47816600
08/31/2020,NATO-W,65.00,65.00,65.00,65.00,0
08/31/2020,NELY,132.00,150.00,131.00,138.00,57800
08/31/2020,NFCX,1730.00,1850.00,1655.00,1665.00,26000
08/31/2020,NICK,308.00,308.00,292.00,298.00,10400
08/31/2020,NIKL,900.00,915.00,840.00,840.00,6696100
08/31/2020,NIPS,282.00,282.00,282.00,282.00,0
08/31/2020,NIRO,140.00,140.00,140.00,140.00,0
08/31/2020,NISP,755.00,765.00,745.00,755.00,136000
08/31/2020,NOBU,725.00,725.00,725.00,725.00,200
08/31/2020,NRCA,308.00,330.00,306.00,310.00,2535200
08/31/2020,NUSA,50.00,50.00,50.00,50.00,0
08/31/2020,NZIA,162.00,181.00,160.00,165.00,34600
08/31/2020,NZIA-W,1.00,2.00,1.00,1.00,31983000
08/31/2020,OASA,344.00,346.00,344.00,346.00,600
08/31/2020,OCAP,159.00,159.00,159.00,159.00,100
08/31/2020,OKAS,81.00,92.00,81.00,84.00,13325500
08/31/2020,OMRE,316.00,316.00,316.00,316.00,0
08/31/2020,OPMS,146.00,149.00,145.00,145.00,1643800
08/31/2020,PADI,50.00,50.00,50.00,50.00,1100
08/31/2020,PALM,296.00,300.00,280.00,280.00,107300
08/31/2020,PAMG,63.00,66.00,62.00,63.00,18511700
08/31/2020,PANI,108.00,108.00,97.00,97.00,58900
08/31/2020,PANR,106.00,106.00,99.00,101.00,6043700
08/31/2020,PANS,860.00,865.00,825.00,825.00,292900
08/31/2020,PBID,915.00,915.00,895.00,895.00,729900
08/31/2020,PBRX,256.00,262.00,252.00,254.00,370700
08/31/2020,PBSA,655.00,655.00,655.00,655.00,100
08/31/2020,PCAR,348.00,348.00,348.00,348.00,200
08/31/2020,PDES,396.00,396.00,396.00,396.00,500
08/31/2020,PEGE,122.00,122.00,121.00,121.00,11900
08/31/2020,PEHA,1705.00,1710.00,1590.00,1590.00,722300
08/31/2020,PGAS,1325.00,1340.00,1255.00,1255.00,161283800
08/31/2020,PGJO,52.00,52.00,44.00,47.00,172600
08/31/2020,PGLI,180.00,180.00,180.00,180.00,0
08/31/2020,PGUN,292.00,292.00,272.00,272.00,196200
08/31/2020,PICO,179.00,190.00,174.00,174.00,1808600
08/31/2020,PJAA,510.00,520.00,505.00,505.00,302600
08/31/2020,PKPK,50.00,51.00,50.00,50.00,738200
08/31/2020,PLAS,50.00,50.00,50.00,50.00,0
08/31/2020,PLIN,2400.00,2400.00,2400.00,2400.00,1100
08/31/2020,PMJS,127.00,128.00,127.00,128.00,3300
08/31/2020,PNBN,830.00,840.00,810.00,810.00,12677000
08/31/2020,PNBS,50.00,50.00,50.00,50.00,1699000
08/31/2020,PNGO,312.00,312.00,312.00,312.00,20200
08/31/2020,PNIN,765.00,790.00,750.00,770.00,372200
08/31/2020,PNLF,210.00,218.00,200.00,206.00,97034200
08/31/2020,PNSE,890.00,890.00,890.00,890.00,0
08/31/2020,POLA,51.00,51.00,50.00,50.00,14500
08/31/2020,POLA-W,48.00,48.00,18.00,18.00,10300
08/31/2020,POLI,1100.00,1100.00,1100.00,1100.00,100
08/31/2020,POLL,3810.00,3840.00,3630.00,3630.00,13600
08/31/2020,POLU,800.00,850.00,800.00,850.00,2700
08/31/2020,POLY,50.00,50.00,50.00,50.00,900
08/31/2020,POOL,50.00,50.00,50.00,50.00,0
08/31/2020,PORT,535.00,535.00,535.00,535.00,700
08/31/2020,POSA,50.00,50.00,50.00,50.00,300
08/31/2020,POSA-W,2.00,2.00,1.00,2.00,9813200
08/31/2020,POWR,600.00,650.00,600.00,630.00,51699800
08/31/2020,PPGL,204.00,204.00,202.00,202.00,588200
08/31/2020,PPGL-W,15.00,16.00,13.00,15.00,10041700
08/31/2020,PPRE,177.00,178.00,171.00,173.00,9229200
08/31/2020,PPRO,50.00,50.00,50.00,50.00,2214300
08/31/2020,PRAS,119.00,125.00,119.00,123.00,10200
08/31/2020,PRDA,3100.00,3110.00,3080.00,3100.00,410700
08/31/2020,PRIM,258.00,264.00,256.00,256.00,23500
08/31/2020,PRIM-W,5.00,5.00,5.00,5.00,4100
08/31/2020,PSAB,260.00,262.00,244.00,248.00,58976100
08/31/2020,PSDN,113.00,115.00,105.00,115.00,32400
08/31/2020,PSGO,107.00,107.00,102.00,105.00,34200
08/31/2020,PSKT,50.00,50.00,50.00,50.00,0
08/31/2020,PSSI,165.00,165.00,165.00,165.00,7200
08/31/2020,PTBA,2150.00,2150.00,2030.00,2040.00,63035800
08/31/2020,PTIS,170.00,170.00,162.00,170.00,7900
08/31/2020,PTPP,1010.00,1020.00,960.00,970.00,36832200
08/31/2020,PTPW,1500.00,1500.00,1405.00,1405.00,134700
08/31/2020,PTRO,1980.00,1990.00,1890.00,1900.00,1300400
08/31/2020,PTSN,242.00,248.00,234.00,236.00,3671600
08/31/2020,PTSP,5100.00,5100.00,5100.00,5100.00,0
08/31/2020,PUDP,220.00,220.00,220.00,220.00,0
08/31/2020,PURA,128.00,129.00,125.00,126.00,43658900
08/31/2020,PURA-W,20.00,21.00,19.00,20.00,17324200
08/31/2020,PURE,195.00,214.00,195.00,204.00,54634400
08/31/2020,PURE-W,15.00,17.00,14.00,16.00,12371900
08/31/2020,PWON,422.00,424.00,404.00,408.00,161072400
08/31/2020,PYFA,900.00,915.00,840.00,845.00,2329000
08/31/2020,PZZA,655.00,660.00,620.00,625.00,2061100
08/31/2020,R-ABFII,28600.00,28600.00,28600.00,28600.00,0
08/31/2020,R-LQ45X,902.00,904.00,900.00,901.00,37900
08/31/2020,RAJA,133.00,137.00,124.00,127.00,76274100
08/31/2020,RALS,640.00,660.00,630.00,655.00,27192600
08/31/2020,RANC,410.00,416.00,398.00,400.00,3354800
08/31/2020,RBMS,50.00,50.00,50.00,50.00,0
08/31/2020,RDTX,5800.00,5800.00,5800.00,5800.00,0
08/31/2020,REAL,50.00,50.00,50.00,50.00,60500
08/31/2020,REAL-W,3.00,3.00,2.00,2.00,44541000
08/31/2020,RELI,308.00,308.00,300.00,300.00,200
08/31/2020,RICY,88.00,92.00,85.00,88.00,105200
08/31/2020,RIGS,258.00,260.00,246.00,246.00,71600
08/31/2020,RIMO,50.00,50.00,50.00,50.00,0
08/31/2020,RISE,426.00,428.00,422.00,426.00,445000
08/31/2020,RMBA,590.00,675.00,580.00,610.00,1597900
08/31/2020,RODA,50.00,50.00,50.00,50.00,38900
08/31/2020,RONY,83.00,93.00,83.00,90.00,26500
08/31/2020,ROTI,1195.00,1195.00,1180.00,1185.00,861200
08/31/2020,RUIS,288.00,288.00,272.00,288.00,18200
08/31/2020,SAFE,193.00,194.00,193.00,194.00,259200
08/31/2020,SAME,115.00,133.00,115.00,125.00,112278600
08/31/2020,SAMF,368.00,400.00,368.00,396.00,74900
08/31/2020,SAPX,2190.00,2190.00,2190.00,2190.00,0
08/31/2020,SATU,50.00,50.00,50.00,50.00,0
08/31/2020,SBAT,256.00,266.00,252.00,258.00,9555200
08/31/2020,SBAT-W,18.00,19.00,16.00,17.00,30339300
08/31/2020,SCCO,10475.00,10475.00,10000.00,10000.00,4100
08/31/2020,SCMA,1280.00,1285.00,1200.00,1240.00,36926900
08/31/2020,SCPI,29000.00,29000.00,29000.00,29000.00,0
08/31/2020,SDMU,50.00,50.00,50.00,50.00,100
08/31/2020,SDPC,114.00,115.00,109.00,109.00,78400
08/31/2020,SDRA,780.00,780.00,780.00,780.00,0
08/31/2020,SFAN,945.00,970.00,930.00,955.00,543100
08/31/2020,SGER,298.00,304.00,292.00,296.00,5483800
08/31/2020,SGER-W,65.00,70.00,63.00,69.00,351900
08/31/2020,SGRO,1695.00,1700.00,1690.00,1690.00,106500
08/31/2020,SHID,3600.00,3600.00,3600.00,3600.00,0
08/31/2020,SHIP,615.00,615.00,575.00,575.00,639500
08/31/2020,SIDO,1425.00,1440.00,1380.00,1385.00,20437800
08/31/2020,SILO,4320.00,4320.00,4250.00,4260.00,136200
08/31/2020,SIMA,50.00,50.00,50.00,50.00,0
08/31/2020,SIMP,340.00,342.00,322.00,324.00,12606200
08/31/2020,SINI,515.00,515.00,462.00,468.00,8600
08/31/2020,SINI-W,220.00,460.00,200.00,416.00,47400
08/31/2020,SIPD,1165.00,1170.00,1165.00,1165.00,53200
08/31/2020,SKBM,310.00,350.00,292.00,292.00,10600
08/31/2020,SKLT,1630.00,1630.00,1630.00,1630.00,0
08/31/2020,SKRN,685.00,690.00,640.00,655.00,315600
08/31/2020,SKYB,51.00,51.00,51.00,51.00,0
08/31/2020,SLIS,5150.00,5250.00,5125.00,5125.00,266300
08/31/2020,SMAR,3200.00,3260.00,3180.00,3180.00,800
08/31/2020,SMBR,610.00,625.00,565.00,575.00,37340300
08/31/2020,SMCB,1170.00,1170.00,1080.00,1080.00,225000
08/31/2020,SMDM,99.00,99.00,98.00,99.00,2200
08/31/2020,SMDR,300.00,308.00,284.00,290.00,4939600
08/31/2020,SMGR,10650.00,10800.00,10150.00,10550.00,9855700
08/31/2020,SMKL,180.00,180.00,171.00,180.00,41900
08/31/2020,SMKL-W,23.00,24.00,23.00,24.00,1000
08/31/2020,SMMA,17625.00,17800.00,17500.00,17800.00,47000
08/31/2020,SMMT,88.00,88.00,81.00,84.00,129700
08/31/2020,SMRA,670.00,685.00,620.00,645.00,108762800
08/31/2020,SMRU,50.00,50.00,50.00,50.00,0
08/31/2020,SMSM,1175.00,1250.00,1175.00,1250.00,6536000
08/31/2020,SOCI,131.00,137.00,126.00,130.00,12058800
08/31/2020,SOFA,74.00,75.00,72.00,72.00,595900
08/31/2020,SOFA-W,4.00,5.00,4.00,4.00,7678800
08/31/2020,SONA,5975.00,5975.00,5975.00,5975.00,0
08/31/2020,SOSS,424.00,424.00,390.00,416.00,108600
08/31/2020,SOSS-W,50.00,66.00,32.00,66.00,12600
08/31/2020,SOTS,220.00,220.00,190.00,198.00,1400
08/31/2020,SOTS-W,36.00,36.00,36.00,36.00,500
08/31/2020,SPMA,262.00,262.00,256.00,260.00,11300
08/31/2020,SPTO,472.00,482.00,468.00,468.00,201100
08/31/2020,SQMI,167.00,182.00,167.00,171.00,12512500
08/31/2020,SRAJ,141.00,143.00,132.00,132.00,107100
08/31/2020,SRIL,228.00,228.00,214.00,220.00,34720900
08/31/2020,SRSN,56.00,56.00,55.00,56.00,6158300
08/31/2020,SRTG,2880.00,2920.00,2820.00,2820.00,38000
08/31/2020,SSIA,386.00,392.00,360.00,376.00,49406400
08/31/2020,SSMS,810.00,860.00,805.00,860.00,4143600
08/31/2020,SSTM,500.00,525.00,494.00,494.00,15600
08/31/2020,STAR,140.00,140.00,129.00,131.00,3000
08/31/2020,STTP,6725.00,6725.00,6725.00,6725.00,500
08/31/2020,SUGI,50.00,50.00,50.00,50.00,0
08/31/2020,SULI,50.00,50.00,50.00,50.00,20100
08/31/2020,SUPR,4140.00,4140.00,4140.00,4140.00,0
08/31/2020,SURE,2890.00,2890.00,2890.00,2890.00,0
08/31/2020,SWAT,98.00,102.00,96.00,98.00,2073400
08/31/2020,TALF,234.00,234.00,234.00,234.00,0
08/31/2020,TAMA,170.00,170.00,154.00,161.00,10000
08/31/2020,TAMA-W,6.00,7.00,5.00,6.00,1036800
08/31/2020,TAMU,52.00,58.00,52.00,58.00,11134600
08/31/2020,TARA,50.00,50.00,50.00,50.00,1500
08/31/2020,TAXI,50.00,50.00,50.00,50.00,6600
08/31/2020,TBIG,1245.00,1315.00,1245.00,1305.00,145291100
08/31/2020,TBLA,800.00,815.00,790.00,795.00,9596100
08/31/2020,TBMS,695.00,710.00,685.00,685.00,44900
08/31/2020,TCID,7000.00,7000.00,6825.00,6850.00,10600
08/31/2020,TCPI,4390.00,4460.00,4330.00,4330.00,10108000
08/31/2020,TDPM,182.00,185.00,167.00,169.00,16937700
08/31/2020,TEBE,1400.00,1400.00,1400.00,1400.00,0
08/31/2020,TECH,150.00,165.00,138.00,139.00,11616600
08/31/2020,TELE,121.00,121.00,121.00,121.00,0
08/31/2020,TFAS,143.00,158.00,143.00,158.00,13300
08/31/2020,TFCO,284.00,286.00,284.00,286.00,4500
08/31/2020,TGKA,7700.00,8000.00,7700.00,8000.00,500
08/31/2020,TGRA,67.00,72.00,66.00,67.00,1498000
08/31/2020,TIFA,398.00,430.00,398.00,430.00,208600
08/31/2020,TINS,830.00,840.00,785.00,795.00,51259200
08/31/2020,TIRA,274.00,274.00,272.00,272.00,500
08/31/2020,TIRT,53.00,53.00,53.00,53.00,94200
08/31/2020,TKIM,6975.00,7075.00,6525.00,6825.00,13916100
08/31/2020,TLKM,2960.00,2980.00,2860.00,2860.00,204261100
08/31/2020,TMAS,118.00,118.00,111.00,113.00,2320200
08/31/2020,TMPO,139.00,139.00,130.00,132.00,1700
08/31/2020,TNCA,192.00,192.00,192.00,192.00,1000
08/31/2020,TOBA,470.00,470.00,438.00,438.00,204400
08/31/2020,TOPS,50.00,50.00,50.00,50.00,5000
08/31/2020,TOTL,306.00,316.00,292.00,296.00,5067400
08/31/2020,TOTO,222.00,226.00,220.00,220.00,1110000
08/31/2020,TOWR,1030.00,1045.00,1020.00,1035.00,169153400
08/31/2020,TOYS,560.00,570.00,550.00,555.00,2356300
08/31/2020,TOYS-W,13.00,14.00,12.00,14.00,3328600
08/31/2020,TPIA,7125.00,7200.00,7075.00,7125.00,3482600
08/31/2020,TPMA,356.00,356.00,342.00,346.00,4400
08/31/2020,TRAM,50.00,50.00,50.00,50.00,0
08/31/2020,TRAM-W,11.00,11.00,11.00,11.00,0
08/31/2020,TRIL,50.00,50.00,50.00,50.00,0
08/31/2020,TRIM,124.00,124.00,116.00,117.00,900
08/31/2020,TRIN,252.00,254.00,244.00,244.00,13825700
08/31/2020,TRIN-W,10.00,10.00,9.00,9.00,4698100
08/31/2020,TRIO,426.00,426.00,426.00,426.00,0
08/31/2020,TRIS,204.00,204.00,204.00,204.00,0
08/31/2020,TRIS-W,50.00,50.00,50.00,50.00,0
08/31/2020,TRJA,350.00,360.00,320.00,320.00,3860400
08/31/2020,TRST,392.00,394.00,392.00,394.00,20400
08/31/2020,TRUK,118.00,118.00,117.00,118.00,333400
08/31/2020,TRUS,342.00,342.00,342.00,342.00,900
08/31/2020,TSPC,1380.00,1380.00,1330.00,1335.00,665900
08/31/2020,TUGU,2270.00,2490.00,2200.00,2490.00,8700
08/31/2020,TURI,1340.00,1340.00,1340.00,1340.00,100000
08/31/2020,UANG,288.00,288.00,250.00,260.00,105400
08/31/2020,UCID,1450.00,1470.00,1435.00,1470.00,113700
08/31/2020,ULTJ,1815.00,1830.00,1775.00,1775.00,1726500
08/31/2020,UNIC,3830.00,3900.00,3830.00,3890.00,800
08/31/2020,UNIT,153.00,153.00,153.00,153.00,200
08/31/2020,UNSP,62.00,63.00,61.00,62.00,112300
08/31/2020,UNTR,23700.00,23850.00,22500.00,23000.00,6523200
08/31/2020,UNVR,8275.00,8275.00,8150.00,8225.00,17339800
08/31/2020,URBN,1345.00,1345.00,1340.00,1340.00,2500
08/31/2020,URBN-W,18.00,18.00,18.00,18.00,2900
08/31/2020,VICO,84.00,87.00,80.00,85.00,51200
08/31/2020,VINS,89.00,91.00,87.00,89.00,144300
08/31/2020,VINS-W,2.00,2.00,1.00,2.00,2094900
08/31/2020,VIVA,50.00,50.00,50.00,50.00,10200
08/31/2020,VOKS,194.00,197.00,192.00,193.00,216800
08/31/2020,VRNA,112.00,112.00,102.00,109.00,15500
08/31/2020,WAPO,70.00,70.00,70.00,70.00,200
08/31/2020,WEGE,196.00,198.00,188.00,190.00,24067600
08/31/2020,WEHA,71.00,71.00,69.00,70.00,144300
08/31/2020,WICO,490.00,490.00,490.00,490.00,2600
08/31/2020,WIIM,398.00,404.00,372.00,378.00,41139500
08/31/2020,WIKA,1300.00,1305.00,1220.00,1240.00,28789500
08/31/2020,WINS,100.00,104.00,100.00,100.00,128700
08/31/2020,WOMF,250.00,250.00,232.00,240.00,703300
08/31/2020,WOOD,406.00,416.00,396.00,402.00,46873700
08/31/2020,WOWS,71.00,78.00,71.00,75.00,7823100
08/31/2020,WSBP,174.00,175.00,167.00,168.00,51673300
08/31/2020,WSKT,660.00,665.00,635.00,650.00,41232000
08/31/2020,WTON,278.00,280.00,268.00,270.00,13533100
08/31/2020,XAFA,1056.00,1056.00,1056.00,1056.00,0
08/31/2020,XAQA,830.00,830.00,822.00,822.00,200
08/31/2020,XASG,87.00,87.00,87.00,87.00,0
08/31/2020,XBES,888.00,888.00,860.00,860.00,600
08/31/2020,XBID,465.00,465.00,465.00,465.00,100
08/31/2020,XBIN,451.00,451.00,451.00,451.00,100
08/31/2020,XBLQ,411.00,411.00,411.00,411.00,0
08/31/2020,XBNI,969.00,969.00,969.00,969.00,300
08/31/2020,XBSK,347.00,347.00,347.00,347.00,100
08/31/2020,XCID,81.00,86.00,78.00,84.00,180900
08/31/2020,XCIS,105.00,105.00,105.00,105.00,0
08/31/2020,XCLQ,86.00,86.00,86.00,86.00,100
08/31/2020,XDIF,409.00,409.00,409.00,409.00,0
08/31/2020,XIHD,430.00,430.00,425.00,425.00,5300
08/31/2020,XIIC,979.00,979.00,979.00,979.00,200
08/31/2020,XIID,472.00,472.00,460.00,460.00,3900
08/31/2020,XIIF,497.00,497.00,490.00,490.00,900
08/31/2020,XIIT,493.00,493.00,481.00,481.00,101500
08/31/2020,XIJI,586.00,586.00,577.00,577.00,10900
08/31/2020,XILV,109.00,109.00,106.00,106.00,5200
08/31/2020,XIML,245.00,245.00,239.00,239.00,109700
08/31/2020,XIPI,153.00,153.00,149.00,149.00,200
08/31/2020,XISB,398.00,398.00,398.00,398.00,0
08/31/2020,XISC,580.00,580.00,580.00,580.00,100
08/31/2020,XISI,285.00,285.00,277.00,277.00,12900
08/31/2020,XISR,358.00,358.00,343.00,343.00,169200
08/31/2020,XKIV,405.00,405.00,388.00,388.00,2600
08/31/2020,XMIG,150.00,150.00,150.00,150.00,0
08/31/2020,XMJM,1001.00,1001.00,1001.00,1001.00,0
08/31/2020,XMTS,406.00,406.00,406.00,406.00,0
08/31/2020,XNVE,128.00,128.00,128.00,128.00,100
08/31/2020,XPCR,793.00,793.00,793.00,793.00,100
08/31/2020,XPDV,415.00,415.00,415.00,415.00,0
08/31/2020,XPES,363.00,363.00,363.00,363.00,500
08/31/2020,XPFT,690.00,690.00,690.00,690.00,0
08/31/2020,XPID,471.00,471.00,471.00,471.00,3000
08/31/2020,XPLC,397.00,397.00,397.00,397.00,0
08/31/2020,XPLQ,427.00,427.00,427.00,427.00,0
08/31/2020,XPMI,850.00,850.00,845.00,845.00,300
08/31/2020,XPSG,374.00,374.00,374.00,374.00,1000
08/31/2020,XPTD,416.00,416.00,416.00,416.00,0
08/31/2020,XSBC,97.00,97.00,97.00,97.00,10100
08/31/2020,XSMU,117.00,117.00,117.00,117.00,0
08/31/2020,XSPI,750.00,750.00,750.00,750.00,0
08/31/2020,XSRI,170.00,170.00,170.00,170.00,0
08/31/2020,XSSI,106.00,106.00,106.00,106.00,600
08/31/2020,XSSK,597.00,597.00,597.00,597.00,100
08/31/2020,YELO,50.00,50.00,50.00,50.00,1500
08/31/2020,YELO-W,5.00,6.00,5.00,6.00,1300
08/31/2020,YPAS,470.00,470.00,470.00,470.00,0
08/31/2020,YULE,180.00,180.00,180.00,180.00,0
08/31/2020,ZBRA,50.00,50.00,50.00,50.00,0
08/31/2020,ZINC,139.00,143.00,137.00,139.00,424473800
08/31/2020,ZONE,400.00,400.00,398.00,400.00,168500
