<date>,<ticker>,<open>,<high>,<low>,<close>,<volume>
08/12/2020,AALI,10100.00,10200.00,9850.00,10000.00,2736100
08/12/2020,ABBA,50.00,50.00,50.00,50.00,15700
08/12/2020,ABDA,6900.00,6900.00,6900.00,6900.00,0
08/12/2020,ABMM,995.00,1000.00,995.00,1000.00,1400
08/12/2020,ACES,1650.00,1660.00,1630.00,1640.00,9931500
08/12/2020,ACST,246.00,264.00,246.00,262.00,558400
08/12/2020,ADES,1095.00,1115.00,1080.00,1110.00,88400
08/12/2020,ADHI,605.00,620.00,595.00,610.00,16348000
08/12/2020,ADMF,7700.00,7775.00,7675.00,7750.00,87000
08/12/2020,ADMG,107.00,108.00,104.00,105.00,553000
08/12/2020,ADRO,1150.00,1150.00,1105.00,1120.00,46530100
08/12/2020,AGAR,510.00,510.00,476.00,476.00,400
08/12/2020,AGII,555.00,560.00,520.00,525.00,102200
08/12/2020,AGRO,242.00,298.00,238.00,274.00,609041300
08/12/2020,AGRS,149.00,155.00,149.00,155.00,33100
08/12/2020,AHAP,52.00,52.00,50.00,51.00,28300
08/12/2020,AIMS,180.00,180.00,180.00,180.00,0
08/12/2020,AISA,168.00,168.00,168.00,168.00,0
08/12/2020,AKKU,50.00,50.00,50.00,50.00,0
08/12/2020,AKPI,300.00,300.00,298.00,298.00,20600
08/12/2020,AKRA,2880.00,2900.00,2820.00,2860.00,19839100
08/12/2020,AKSI,298.00,310.00,294.00,302.00,87000
08/12/2020,ALDO,386.00,386.00,386.00,386.00,6800
08/12/2020,ALKA,316.00,336.00,294.00,332.00,31400
08/12/2020,ALMI,238.00,238.00,212.00,212.00,20900
08/12/2020,ALTO,354.00,354.00,354.00,354.00,400
08/12/2020,AMAG,224.00,226.00,218.00,222.00,509500
08/12/2020,AMAN,196.00,197.00,196.00,196.00,236800
08/12/2020,AMAR,374.00,378.00,348.00,358.00,247100
08/12/2020,AMFG,2650.00,2650.00,2650.00,2650.00,0
08/12/2020,AMIN,250.00,250.00,246.00,246.00,1400
08/12/2020,AMOR,1990.00,2000.00,1990.00,2000.00,29600
08/12/2020,AMRT,735.00,740.00,725.00,725.00,336700
08/12/2020,ANDI,50.00,50.00,50.00,50.00,129900
08/12/2020,ANJT,515.00,520.00,515.00,520.00,200
08/12/2020,ANTM,795.00,795.00,750.00,770.00,188570300
08/12/2020,APEX,150.00,153.00,141.00,142.00,34900
08/12/2020,APIC,885.00,885.00,835.00,850.00,34683100
08/12/2020,APII,157.00,171.00,157.00,158.00,106600
08/12/2020,APLI,120.00,120.00,120.00,120.00,400
08/12/2020,APLN,108.00,113.00,108.00,110.00,23996100
08/12/2020,ARGO,1700.00,1800.00,1700.00,1800.00,1100
08/12/2020,ARII,450.00,450.00,450.00,450.00,400
08/12/2020,ARKA,288.00,288.00,288.00,288.00,0
08/12/2020,ARMY,50.00,50.00,50.00,50.00,0
08/12/2020,ARNA,450.00,464.00,430.00,446.00,3443200
08/12/2020,ARTA,286.00,286.00,286.00,286.00,100
08/12/2020,ARTI,50.00,50.00,50.00,50.00,0
08/12/2020,ARTO,2720.00,2740.00,2710.00,2720.00,30400
08/12/2020,ASBI,298.00,298.00,274.00,288.00,2400
08/12/2020,ASDM,950.00,950.00,950.00,950.00,0
08/12/2020,ASGR,690.00,710.00,690.00,705.00,709500
08/12/2020,ASII,5225.00,5400.00,5175.00,5400.00,31304300
08/12/2020,ASJT,125.00,125.00,118.00,118.00,23700
08/12/2020,ASMI,1180.00,1190.00,1180.00,1185.00,21600
08/12/2020,ASPI,182.00,182.00,172.00,172.00,4687400
08/12/2020,ASPI-W,27.00,27.00,25.00,26.00,2951200
08/12/2020,ASRI,119.00,124.00,117.00,120.00,86445900
08/12/2020,ASRM,2050.00,2150.00,2050.00,2090.00,6500
08/12/2020,ASSA,600.00,605.00,575.00,580.00,9823000
08/12/2020,ATIC,605.00,605.00,605.00,605.00,100
08/12/2020,AUTO,885.00,895.00,875.00,885.00,1170000
08/12/2020,AYLS,50.00,50.00,50.00,50.00,0
08/12/2020,AYLS-W,4.00,4.00,4.00,4.00,260700
08/12/2020,BABP,50.00,50.00,50.00,50.00,10000
08/12/2020,BABP-W3,22.00,47.00,22.00,23.00,300
08/12/2020,BABP-W4,8.00,8.00,7.00,7.00,7335600
08/12/2020,BACA,400.00,400.00,400.00,400.00,50100
08/12/2020,BACA-W2,100.00,100.00,100.00,100.00,0
08/12/2020,BAJA,53.00,57.00,53.00,57.00,126600
08/12/2020,BALI,855.00,855.00,855.00,855.00,100
08/12/2020,BAPA,50.00,50.00,50.00,50.00,200
08/12/2020,BAPI,50.00,50.00,50.00,50.00,34000
08/12/2020,BAPI-W,3.00,3.00,2.00,3.00,3491100
08/12/2020,BATA,620.00,645.00,585.00,645.00,24500
08/12/2020,BAYU,1055.00,1055.00,1005.00,1040.00,1700
08/12/2020,BBCA,30875.00,31300.00,30800.00,31300.00,7122400
08/12/2020,BBHI,169.00,169.00,160.00,161.00,230400
08/12/2020,BBKP,198.00,204.00,194.00,198.00,220341800
08/12/2020,BBLD,362.00,450.00,362.00,450.00,1341200
08/12/2020,BBMD,1400.00,1400.00,1400.00,1400.00,100
08/12/2020,BBNI,4800.00,5200.00,4760.00,5125.00,181198500
08/12/2020,BBRI,3190.00,3370.00,3190.00,3350.00,459419200
08/12/2020,BBRM,50.00,50.00,50.00,50.00,0
08/12/2020,BBSS,125.00,128.00,120.00,127.00,4954200
08/12/2020,BBSS-W,5.00,5.00,4.00,5.00,2714400
08/12/2020,BBTN,1410.00,1490.00,1395.00,1465.00,138633400
08/12/2020,BBYB,296.00,298.00,280.00,294.00,15600
08/12/2020,BCAP,145.00,154.00,142.00,143.00,17389200
08/12/2020,BCIC,700.00,700.00,700.00,700.00,0
08/12/2020,BCIP,50.00,50.00,50.00,50.00,68000
08/12/2020,BDMN,2800.00,2850.00,2770.00,2800.00,2477300
08/12/2020,BEEF,195.00,206.00,190.00,190.00,10940900
08/12/2020,BEEF-W,14.00,15.00,13.00,13.00,1359400
08/12/2020,BEKS,50.00,50.00,50.00,50.00,34700
08/12/2020,BELL,157.00,160.00,155.00,158.00,9130700
08/12/2020,BESS,302.00,308.00,300.00,308.00,2153600
08/12/2020,BESS-W,60.00,70.00,60.00,69.00,170900
08/12/2020,BEST,124.00,127.00,121.00,122.00,47304200
08/12/2020,BFIN,364.00,374.00,350.00,360.00,53177200
08/12/2020,BGTG,51.00,51.00,50.00,51.00,534500
08/12/2020,BHAT,446.00,450.00,438.00,446.00,140129300
08/12/2020,BHIT,50.00,50.00,50.00,50.00,2660600
08/12/2020,BIKA,179.00,179.00,179.00,179.00,0
08/12/2020,BIMA,50.00,50.00,50.00,50.00,2700
08/12/2020,BINA,850.00,850.00,840.00,840.00,155100
08/12/2020,BIPI,50.00,50.00,50.00,50.00,3600
08/12/2020,BIPI-W,7.00,8.00,7.00,8.00,351400
08/12/2020,BIPP,66.00,72.00,64.00,64.00,116700
08/12/2020,BIRD,1020.00,1100.00,1015.00,1080.00,2105200
08/12/2020,BISI,910.00,910.00,900.00,905.00,570200
08/12/2020,BJBR,930.00,960.00,925.00,960.00,31931500
08/12/2020,BJTM,555.00,580.00,550.00,570.00,43431600
08/12/2020,BKDP,51.00,51.00,51.00,51.00,20200
08/12/2020,BKSL,50.00,50.00,50.00,50.00,1500800
08/12/2020,BKSW,73.00,76.00,73.00,74.00,34200
08/12/2020,BLTA,50.00,50.00,50.00,50.00,1400
08/12/2020,BLTZ,3600.00,3600.00,3600.00,3600.00,100
08/12/2020,BLUE,540.00,550.00,540.00,545.00,120800
08/12/2020,BMAS,290.00,294.00,278.00,278.00,2800
08/12/2020,BMRI,6000.00,6275.00,5950.00,6150.00,46455200
08/12/2020,BMSR,56.00,56.00,52.00,53.00,400
08/12/2020,BMTR,214.00,264.00,212.00,264.00,287557800
08/12/2020,BNBA,308.00,314.00,308.00,314.00,167200
08/12/2020,BNBR,50.00,50.00,50.00,50.00,3800
08/12/2020,BNGA,790.00,815.00,785.00,805.00,16630100
08/12/2020,BNII,204.00,226.00,204.00,210.00,38054700
08/12/2020,BNLI,1235.00,1240.00,1220.00,1220.00,21388400
08/12/2020,BOGA,1475.00,1475.00,1455.00,1475.00,74199800
08/12/2020,BOLA,163.00,166.00,163.00,163.00,19300
08/12/2020,BOLT,850.00,850.00,850.00,850.00,666000
08/12/2020,BOSS,72.00,78.00,72.00,78.00,447700
08/12/2020,BPFI,1280.00,1280.00,1280.00,1280.00,0
08/12/2020,BPII,10000.00,10000.00,10000.00,10000.00,0
08/12/2020,BPTR,98.00,98.00,87.00,87.00,2700
08/12/2020,BRAM,5100.00,5100.00,5100.00,5100.00,200
08/12/2020,BRIS,570.00,635.00,560.00,590.00,703486100
08/12/2020,BRMS,50.00,50.00,50.00,50.00,3198000
08/12/2020,BRNA,970.00,970.00,970.00,970.00,100
08/12/2020,BRPT,945.00,945.00,915.00,925.00,88289900
08/12/2020,BRPT-W,590.00,590.00,590.00,590.00,200
08/12/2020,BSDE,720.00,720.00,695.00,715.00,47225200
08/12/2020,BSIM,500.00,510.00,500.00,510.00,32600
08/12/2020,BSIM-W3,20.00,20.00,13.00,19.00,10900
08/12/2020,BSSR,1300.00,1305.00,1275.00,1300.00,7200
08/12/2020,BSWD,1750.00,1750.00,1750.00,1750.00,0
08/12/2020,BTEK,50.00,50.00,50.00,50.00,0
08/12/2020,BTEL,50.00,50.00,50.00,50.00,0
08/12/2020,BTON,176.00,176.00,166.00,173.00,246900
08/12/2020,BTPN,2250.00,2400.00,2230.00,2340.00,367800
08/12/2020,BTPS,3870.00,4050.00,3870.00,4020.00,9620200
08/12/2020,BUDI,91.00,93.00,90.00,93.00,299000
08/12/2020,BUKK,710.00,715.00,705.00,710.00,15900
08/12/2020,BULL,292.00,292.00,284.00,284.00,194316500
08/12/2020,BULL-W2,86.00,86.00,86.00,86.00,0
08/12/2020,BUMI,50.00,50.00,50.00,50.00,7888300
08/12/2020,BUVA,57.00,57.00,55.00,56.00,14800
08/12/2020,BVIC,61.00,65.00,61.00,65.00,197200
08/12/2020,BWPT,115.00,115.00,110.00,112.00,75879400
08/12/2020,BYAN,13275.00,13275.00,13275.00,13275.00,0
08/12/2020,CAKK,50.00,50.00,50.00,50.00,2600
08/12/2020,CAKK-W,5.00,5.00,4.00,4.00,500
08/12/2020,CAMP,208.00,210.00,200.00,206.00,769200
08/12/2020,CANI,122.00,125.00,122.00,125.00,400
08/12/2020,CARE,354.00,356.00,344.00,346.00,120297900
08/12/2020,CARS,50.00,50.00,50.00,50.00,121100
08/12/2020,CASA,326.00,334.00,326.00,334.00,426400
08/12/2020,CASA-W,36.00,36.00,36.00,36.00,0
08/12/2020,CASH,595.00,600.00,585.00,590.00,3055800
08/12/2020,CASH-W,28.00,33.00,28.00,30.00,39153600
08/12/2020,CASS,202.00,202.00,195.00,195.00,1631300
08/12/2020,CBMF,244.00,244.00,210.00,228.00,4791900
08/12/2020,CCSI,248.00,250.00,242.00,246.00,323000
08/12/2020,CEKA,1925.00,1960.00,1925.00,1960.00,59900
08/12/2020,CENT,149.00,151.00,140.00,143.00,17968800
08/12/2020,CFIN,186.00,191.00,185.00,187.00,973500
08/12/2020,CINT,250.00,252.00,250.00,252.00,13300
08/12/2020,CITA,1935.00,1990.00,1935.00,1935.00,5400
08/12/2020,CITY,69.00,69.00,56.00,59.00,288200
08/12/2020,CITY-W,20.00,22.00,16.00,18.00,113800
08/12/2020,CKRA,76.00,76.00,76.00,76.00,0
08/12/2020,CLAY,1985.00,1985.00,1985.00,1985.00,1700
08/12/2020,CLEO,530.00,530.00,520.00,520.00,7017200
08/12/2020,CLPI,710.00,725.00,700.00,720.00,460900
08/12/2020,CMNP,1000.00,1000.00,930.00,960.00,292200
08/12/2020,CMPP,184.00,184.00,184.00,184.00,0
08/12/2020,CNKO,50.00,50.00,50.00,50.00,0
08/12/2020,CNTB,250.00,250.00,250.00,250.00,0
08/12/2020,CNTX,218.00,218.00,218.00,218.00,34000
08/12/2020,COCO,750.00,795.00,750.00,795.00,9600
08/12/2020,COCO-W,175.00,175.00,175.00,175.00,0
08/12/2020,COWL,50.00,50.00,50.00,50.00,0
08/12/2020,CPIN,6300.00,6325.00,6175.00,6200.00,6694800
08/12/2020,CPRI,50.00,50.00,50.00,50.00,0
08/12/2020,CPRI-W,13.00,15.00,13.00,15.00,2400
08/12/2020,CPRO,50.00,50.00,50.00,50.00,27500
08/12/2020,CSAP,298.00,304.00,298.00,298.00,7001100
08/12/2020,CSIS,50.00,50.00,50.00,50.00,149800
08/12/2020,CSMI,230.00,230.00,196.00,200.00,130400
08/12/2020,CSRA,364.00,390.00,354.00,388.00,6608600
08/12/2020,CTBN,2450.00,2450.00,2450.00,2450.00,0
08/12/2020,CTRA,680.00,700.00,640.00,680.00,65455100
08/12/2020,CTTH,50.00,50.00,50.00,50.00,11600
08/12/2020,DADA,78.00,85.00,78.00,81.00,47095100
08/12/2020,DADA-W,5.00,6.00,5.00,5.00,14504100
08/12/2020,DART,234.00,250.00,234.00,250.00,11000
08/12/2020,DAYA,570.00,570.00,570.00,570.00,0
08/12/2020,DEAL,79.00,85.00,79.00,82.00,2882700
08/12/2020,DEAL-W,11.00,11.00,11.00,11.00,0
08/12/2020,DEFI,1755.00,1760.00,1740.00,1760.00,17100
08/12/2020,DEWA,50.00,50.00,50.00,50.00,7000
08/12/2020,DFAM,330.00,340.00,328.00,328.00,6200
08/12/2020,DFAM-W,120.00,120.00,120.00,120.00,0
08/12/2020,DGIK,50.00,50.00,50.00,50.00,1000
08/12/2020,DIGI,1960.00,1960.00,1960.00,1960.00,0
08/12/2020,DILD,180.00,190.00,179.00,182.00,44438600
08/12/2020,DIVA,1930.00,2230.00,1905.00,2200.00,1119100
08/12/2020,DKFT,131.00,131.00,128.00,130.00,2564600
08/12/2020,DLTA,4500.00,4500.00,4490.00,4490.00,40900
08/12/2020,DMAS,228.00,234.00,224.00,234.00,61348700
08/12/2020,DMMX,234.00,244.00,224.00,230.00,7057400
08/12/2020,DMND,945.00,950.00,940.00,950.00,28100
08/12/2020,DNAR,230.00,230.00,230.00,230.00,300
08/12/2020,DNET,3480.00,3480.00,3480.00,3480.00,12200
08/12/2020,DOID,286.00,288.00,274.00,274.00,65495900
08/12/2020,DPNS,250.00,260.00,250.00,250.00,700
08/12/2020,DPUM,64.00,64.00,59.00,59.00,59100
08/12/2020,DSFI,64.00,67.00,63.00,66.00,178300
08/12/2020,DSNG,434.00,434.00,416.00,420.00,3742100
08/12/2020,DSSA,20400.00,20400.00,20400.00,20400.00,100
08/12/2020,DUCK,376.00,382.00,362.00,372.00,12971800
08/12/2020,DUTI,4100.00,4190.00,4100.00,4190.00,1900
08/12/2020,DVLA,2500.00,2500.00,2420.00,2450.00,28500
08/12/2020,DWGL,236.00,248.00,236.00,236.00,5900
08/12/2020,DWGL-W,44.00,44.00,38.00,44.00,16300
08/12/2020,DYAN,50.00,50.00,50.00,50.00,222100
08/12/2020,EAST,52.00,53.00,52.00,53.00,192000
08/12/2020,EAST-W,6.00,6.00,5.00,6.00,158300
08/12/2020,ECII,660.00,700.00,660.00,700.00,22600
08/12/2020,EKAD,1230.00,1240.00,1220.00,1230.00,325100
08/12/2020,ELSA,250.00,252.00,242.00,242.00,63947400
08/12/2020,ELTY,50.00,50.00,50.00,50.00,100
08/12/2020,EMDE,202.00,202.00,202.00,202.00,0
08/12/2020,EMTK,4900.00,5475.00,4800.00,5475.00,291500
08/12/2020,ENRG,51.00,51.00,50.00,50.00,3841200
08/12/2020,ENVY,99.00,100.00,93.00,95.00,269864800
08/12/2020,EPAC,250.00,272.00,248.00,262.00,11551800
08/12/2020,EPMT,1880.00,1880.00,1875.00,1875.00,4700
08/12/2020,ERAA,1725.00,1730.00,1620.00,1670.00,24051500
08/12/2020,ERTX,130.00,130.00,119.00,129.00,1400
08/12/2020,ESIP,218.00,228.00,214.00,222.00,8032900
08/12/2020,ESIP-W,15.00,15.00,13.00,13.00,2829000
08/12/2020,ESSA,160.00,160.00,154.00,156.00,1258300
08/12/2020,ESTA,96.00,100.00,96.00,100.00,156700
08/12/2020,ESTI,50.00,50.00,50.00,50.00,37100
08/12/2020,ETWA,72.00,76.00,70.00,73.00,2300
08/12/2020,EXCL,2430.00,2450.00,2410.00,2430.00,9634000
08/12/2020,FAST,900.00,905.00,895.00,905.00,31700
08/12/2020,FASW,6950.00,6950.00,6900.00,6950.00,1500
08/12/2020,FILM,160.00,170.00,160.00,165.00,1663000
08/12/2020,FINN,50.00,50.00,50.00,50.00,0
08/12/2020,FIRE,134.00,136.00,130.00,130.00,4347000
08/12/2020,FISH,2700.00,2770.00,2660.00,2770.00,1300
08/12/2020,FITT,68.00,74.00,65.00,66.00,8821900
08/12/2020,FITT-W,23.00,25.00,23.00,23.00,4200
08/12/2020,FMII,745.00,745.00,745.00,745.00,0
08/12/2020,FOOD,131.00,131.00,131.00,131.00,234100
08/12/2020,FORU,83.00,83.00,83.00,83.00,700
08/12/2020,FORZ,50.00,50.00,50.00,50.00,200
08/12/2020,FPNI,92.00,103.00,92.00,96.00,11122000
08/12/2020,FREN,132.00,133.00,127.00,128.00,218484900
08/12/2020,FREN-W,52.00,58.00,52.00,54.00,8253100
08/12/2020,FUJI,104.00,106.00,103.00,106.00,25400
08/12/2020,GAMA,50.00,50.00,50.00,50.00,100
08/12/2020,GDST,52.00,57.00,52.00,55.00,222700
08/12/2020,GDYR,1425.00,1425.00,1425.00,1425.00,0
08/12/2020,GEMA,372.00,372.00,372.00,372.00,1500
08/12/2020,GEMS,2550.00,2550.00,2550.00,2550.00,0
08/12/2020,GGRM,51100.00,51325.00,50700.00,51000.00,984900
08/12/2020,GGRP,268.00,290.00,268.00,288.00,9800
08/12/2020,GHON,1560.00,1605.00,1560.00,1560.00,3700
08/12/2020,GIAA,256.00,258.00,250.00,254.00,23168600
08/12/2020,GJTL,570.00,570.00,540.00,550.00,1915300
08/12/2020,GLOB,154.00,154.00,144.00,144.00,300
08/12/2020,GLVA,296.00,320.00,296.00,320.00,85600
08/12/2020,GMFI,80.00,82.00,80.00,82.00,2729700
08/12/2020,GMTD,17975.00,17975.00,17975.00,17975.00,0
08/12/2020,GOLD,180.00,204.00,180.00,204.00,117100
08/12/2020,GOLL,50.00,50.00,50.00,50.00,0
08/12/2020,GOOD,1310.00,1310.00,1295.00,1300.00,342200
08/12/2020,GPRA,50.00,51.00,50.00,50.00,431700
08/12/2020,GREN,328.00,328.00,328.00,328.00,0
08/12/2020,GSMF,95.00,95.00,90.00,91.00,18300
08/12/2020,GTBO,75.00,75.00,75.00,75.00,0
08/12/2020,GWSA,100.00,100.00,100.00,100.00,9400
08/12/2020,GZCO,50.00,50.00,50.00,50.00,0
08/12/2020,HADE,50.00,50.00,50.00,50.00,0
08/12/2020,HDFA,150.00,150.00,150.00,150.00,0
08/12/2020,HDIT,560.00,560.00,505.00,505.00,300
08/12/2020,HDTX,120.00,120.00,120.00,120.00,0
08/12/2020,HEAL,3180.00,3180.00,3120.00,3150.00,158500
08/12/2020,HELI,200.00,200.00,192.00,195.00,600
08/12/2020,HELI-W,9.00,9.00,8.00,9.00,122600
08/12/2020,HERO,865.00,865.00,800.00,835.00,19500
08/12/2020,HEXA,3480.00,3500.00,3390.00,3490.00,130300
08/12/2020,HITS,560.00,585.00,535.00,585.00,18800
08/12/2020,HKMU,77.00,77.00,73.00,74.00,51087800
08/12/2020,HMSP,1705.00,1725.00,1685.00,1720.00,41716800
08/12/2020,HOKI,645.00,650.00,635.00,645.00,9557900
08/12/2020,HOKI-W,625.00,625.00,625.00,625.00,0
08/12/2020,HOME,50.00,50.00,50.00,50.00,0
08/12/2020,HOTL,50.00,50.00,50.00,50.00,11400
08/12/2020,HRME,51.00,53.00,51.00,52.00,4165400
08/12/2020,HRTA,256.00,258.00,250.00,258.00,657300
08/12/2020,HRUM,1380.00,1415.00,1335.00,1415.00,5581800
08/12/2020,IATA,50.00,50.00,50.00,50.00,1000
08/12/2020,IBFN,254.00,300.00,254.00,300.00,11100
08/12/2020,IBFN-W,7.00,7.00,7.00,7.00,0
08/12/2020,IBST,8200.00,8200.00,8200.00,8200.00,0
08/12/2020,ICBP,10225.00,10300.00,10125.00,10150.00,7687000
08/12/2020,ICON,55.00,60.00,55.00,58.00,53100
08/12/2020,IDPR,179.00,183.00,170.00,180.00,132400
08/12/2020,IFII,130.00,134.00,129.00,129.00,256100
08/12/2020,IFSH,400.00,420.00,400.00,420.00,3700
08/12/2020,IGAR,318.00,334.00,312.00,324.00,375100
08/12/2020,IIKP,50.00,50.00,50.00,50.00,0
08/12/2020,IKAI,50.00,50.00,50.00,50.00,300
08/12/2020,IKAN,590.00,600.00,560.00,560.00,7632900
08/12/2020,IKBI,222.00,240.00,220.00,236.00,23600
08/12/2020,IMAS,685.00,705.00,660.00,660.00,24332500
08/12/2020,IMJS,260.00,274.00,254.00,254.00,18166100
08/12/2020,IMPC,1220.00,1255.00,1220.00,1255.00,527900
08/12/2020,INAF,3450.00,3450.00,3160.00,3230.00,11329200
08/12/2020,INAI,352.00,356.00,340.00,340.00,3300
08/12/2020,INCF,50.00,50.00,50.00,50.00,0
08/12/2020,INCI,655.00,655.00,640.00,650.00,87100
08/12/2020,INCO,3620.00,3620.00,3500.00,3540.00,14306000
08/12/2020,INDF,7050.00,7150.00,7000.00,7050.00,16834200
08/12/2020,INDO,122.00,133.00,122.00,124.00,831600
08/12/2020,INDO-W,33.00,35.00,30.00,31.00,336600
08/12/2020,INDR,2260.00,2270.00,2250.00,2270.00,161500
08/12/2020,INDS,2080.00,2080.00,1960.00,1970.00,7200
08/12/2020,INDX,55.00,55.00,55.00,55.00,100
08/12/2020,INDY,1065.00,1065.00,1025.00,1035.00,21323600
08/12/2020,INKP,9350.00,9725.00,9250.00,9475.00,11797600
08/12/2020,INOV,248.00,248.00,220.00,222.00,33000
08/12/2020,INPC,51.00,51.00,50.00,51.00,400
08/12/2020,INPC-W,4.00,4.00,3.00,3.00,110000
08/12/2020,INPP,695.00,695.00,695.00,695.00,500
08/12/2020,INPS,1560.00,1700.00,1530.00,1700.00,14700
08/12/2020,INRU,750.00,750.00,750.00,750.00,0
08/12/2020,INTA,280.00,280.00,280.00,280.00,7000
08/12/2020,INTD,150.00,154.00,132.00,135.00,43700
08/12/2020,INTP,11800.00,11900.00,11725.00,11825.00,3636500
08/12/2020,IPCC,426.00,426.00,420.00,422.00,8060200
08/12/2020,IPCM,222.00,226.00,220.00,222.00,565700
08/12/2020,IPOL,80.00,84.00,80.00,84.00,134900
08/12/2020,IPTV,310.00,358.00,308.00,328.00,107302800
08/12/2020,IPTV-W,70.00,70.00,38.00,48.00,13254600
08/12/2020,IRRA,580.00,590.00,580.00,590.00,7794300
08/12/2020,ISAT,2410.00,2440.00,2340.00,2390.00,2976300
08/12/2020,ISSP,126.00,126.00,124.00,126.00,1542700
08/12/2020,ITIC,805.00,905.00,785.00,875.00,4664800
08/12/2020,ITMA,410.00,410.00,410.00,410.00,0
08/12/2020,ITMA-W,45.00,45.00,45.00,45.00,0
08/12/2020,ITMG,8375.00,8375.00,8075.00,8125.00,6189000
08/12/2020,JAST,69.00,70.00,67.00,68.00,3550700
08/12/2020,JAWA,53.00,60.00,52.00,55.00,112200
08/12/2020,JAYA,71.00,77.00,71.00,74.00,1297700
08/12/2020,JAYA-W,10.00,10.00,10.00,10.00,10000
08/12/2020,JECC,5950.00,5950.00,5950.00,5950.00,300
08/12/2020,JGLE,50.00,50.00,50.00,50.00,0
08/12/2020,JIHD,480.00,480.00,480.00,480.00,0
08/12/2020,JKON,340.00,340.00,328.00,338.00,436500
08/12/2020,JKSW,60.00,60.00,60.00,60.00,0
08/12/2020,JMAS,191.00,204.00,190.00,204.00,3200
08/12/2020,JPFA,1115.00,1115.00,1095.00,1100.00,27636000
08/12/2020,JRPT,422.00,428.00,418.00,424.00,1712600
08/12/2020,JSKY,78.00,87.00,78.00,80.00,32582200
08/12/2020,JSMR,4060.00,4140.00,4060.00,4120.00,5327000
08/12/2020,JSPT,995.00,995.00,995.00,995.00,4100
08/12/2020,JTPE,770.00,790.00,770.00,790.00,2707700
08/12/2020,KAEF,3400.00,3410.00,3120.00,3230.00,38048600
08/12/2020,KARW,50.00,50.00,50.00,50.00,0
08/12/2020,KAYU,50.00,51.00,50.00,50.00,508300
08/12/2020,KBAG,256.00,260.00,244.00,244.00,625000
08/12/2020,KBAG-W,56.00,56.00,55.00,55.00,467600
08/12/2020,KBLI,378.00,378.00,360.00,368.00,4245300
08/12/2020,KBLM,212.00,214.00,200.00,202.00,293100
08/12/2020,KBLV,274.00,296.00,274.00,296.00,300
08/12/2020,KBRI,50.00,50.00,50.00,50.00,0
08/12/2020,KDSI,725.00,730.00,720.00,725.00,1282400
08/12/2020,KEEN,320.00,320.00,298.00,314.00,3421300
08/12/2020,KEJU,1090.00,1100.00,1045.00,1070.00,131600
08/12/2020,KIAS,50.00,50.00,50.00,50.00,0
08/12/2020,KICI,226.00,226.00,226.00,226.00,0
08/12/2020,KIJA,144.00,144.00,142.00,142.00,1859400
08/12/2020,KINO,3260.00,3270.00,3160.00,3270.00,475700
08/12/2020,KIOS,155.00,160.00,155.00,160.00,1200
08/12/2020,KIOS-W,68.00,68.00,16.00,67.00,8300
08/12/2020,KJEN,1240.00,1240.00,1240.00,1240.00,100
08/12/2020,KKGI,208.00,208.00,208.00,208.00,678000
08/12/2020,KLBF,1620.00,1620.00,1600.00,1615.00,46451800
08/12/2020,KMTR,320.00,326.00,300.00,324.00,111500
08/12/2020,KOBX,91.00,91.00,90.00,90.00,30800
08/12/2020,KOIN,110.00,110.00,103.00,103.00,1200
08/12/2020,KONI,525.00,525.00,525.00,525.00,0
08/12/2020,KOPI,484.00,484.00,484.00,484.00,300
08/12/2020,KOTA,640.00,650.00,635.00,645.00,10922600
08/12/2020,KOTA-W,370.00,370.00,370.00,370.00,11500
08/12/2020,KPAL,57.00,59.00,56.00,57.00,374900
08/12/2020,KPAS,51.00,51.00,50.00,51.00,309300
08/12/2020,KPAS-W,10.00,10.00,10.00,10.00,450100
08/12/2020,KPIG,110.00,120.00,107.00,109.00,49726100
08/12/2020,KRAH,505.00,505.00,505.00,505.00,100
08/12/2020,KRAS,370.00,380.00,370.00,372.00,40166500
08/12/2020,KREN,97.00,97.00,91.00,93.00,16264600
08/12/2020,LAND,208.00,216.00,198.00,212.00,156400
08/12/2020,LAPD,50.00,50.00,50.00,50.00,0
08/12/2020,LCGP,114.00,114.00,114.00,114.00,0
08/12/2020,LCKM,374.00,374.00,374.00,374.00,0
08/12/2020,LEAD,50.00,50.00,50.00,50.00,1400
08/12/2020,LIFE,5250.00,5250.00,5250.00,5250.00,0
08/12/2020,LINK,1950.00,1960.00,1925.00,1935.00,1050600
08/12/2020,LION,272.00,290.00,272.00,280.00,10600
08/12/2020,LMAS,50.00,50.00,50.00,50.00,56600
08/12/2020,LMPI,77.00,79.00,76.00,79.00,70400
08/12/2020,LMSH,246.00,246.00,246.00,246.00,0
08/12/2020,LPCK,800.00,800.00,780.00,790.00,933100
08/12/2020,LPGI,3900.00,4000.00,3850.00,3900.00,143100
08/12/2020,LPIN,228.00,228.00,218.00,218.00,34800
08/12/2020,LPKR,140.00,143.00,139.00,140.00,7393800
08/12/2020,LPLI,76.00,76.00,76.00,76.00,0
08/12/2020,LPPF,1260.00,1280.00,1230.00,1260.00,24568500
08/12/2020,LPPS,76.00,76.00,68.00,74.00,31500
08/12/2020,LRNA,180.00,180.00,166.00,166.00,406300
08/12/2020,LSIP,995.00,1000.00,980.00,990.00,18642300
08/12/2020,LTLS,442.00,442.00,434.00,436.00,2900
08/12/2020,LUCK,204.00,224.00,197.00,204.00,25551700
08/12/2020,MABA,50.00,50.00,50.00,50.00,0
08/12/2020,MAGP,50.00,50.00,50.00,50.00,0
08/12/2020,MAIN,645.00,645.00,610.00,615.00,13545600
08/12/2020,MAMI,50.00,50.00,50.00,50.00,1800
08/12/2020,MAMI-W,4.00,5.00,4.00,5.00,519000
08/12/2020,MAMIP,600.00,600.00,600.00,600.00,0
08/12/2020,MAPA,2110.00,2200.00,2100.00,2190.00,2406000
08/12/2020,MAPB,1230.00,1340.00,1230.00,1340.00,5100
08/12/2020,MAPI,700.00,700.00,685.00,695.00,7729000
08/12/2020,MARI,50.00,50.00,50.00,50.00,379900
08/12/2020,MARK,910.00,910.00,865.00,885.00,6773900
08/12/2020,MASA,565.00,565.00,565.00,565.00,500
08/12/2020,MAYA,6500.00,6500.00,6500.00,6500.00,0
08/12/2020,MBAP,1800.00,1880.00,1795.00,1820.00,236800
08/12/2020,MBSS,420.00,420.00,412.00,416.00,1385600
08/12/2020,MBTO,70.00,70.00,68.00,68.00,2000
08/12/2020,MCAS,2250.00,2270.00,2200.00,2200.00,822300
08/12/2020,MCOR,128.00,136.00,125.00,129.00,13045900
08/12/2020,MDIA,50.00,50.00,50.00,50.00,500
08/12/2020,MDKA,1890.00,1890.00,1785.00,1810.00,267636700
08/12/2020,MDKI,155.00,155.00,154.00,155.00,7800
08/12/2020,MDLN,59.00,60.00,55.00,55.00,42696700
08/12/2020,MDRN,50.00,50.00,50.00,50.00,700
08/12/2020,MEDC,550.00,575.00,535.00,540.00,220635400
08/12/2020,MEDC-W,33.00,37.00,29.00,32.00,46809200
08/12/2020,MEGA,7050.00,7050.00,7050.00,7050.00,400
08/12/2020,MERK,3410.00,3420.00,3370.00,3380.00,47700
08/12/2020,META,112.00,112.00,111.00,111.00,37800
08/12/2020,MFIN,940.00,955.00,935.00,950.00,8700
08/12/2020,MFMI,520.00,530.00,515.00,520.00,1400
08/12/2020,MGNA,50.00,50.00,50.00,50.00,0
08/12/2020,MGRO,825.00,840.00,825.00,835.00,4299700
08/12/2020,MICE,308.00,310.00,290.00,298.00,89800
08/12/2020,MIDI,1315.00,1315.00,1315.00,1315.00,0
08/12/2020,MIKA,2340.00,2350.00,2280.00,2300.00,19132900
08/12/2020,MINA,50.00,50.00,50.00,50.00,400
08/12/2020,MIRA,50.00,50.00,50.00,50.00,0
08/12/2020,MITI,51.00,51.00,51.00,51.00,0
08/12/2020,MKNT,50.00,50.00,50.00,50.00,10100
08/12/2020,MKPI,14375.00,14375.00,14375.00,14375.00,100
08/12/2020,MLBI,9700.00,9700.00,9625.00,9650.00,15700
08/12/2020,MLIA,515.00,520.00,505.00,515.00,4974200
08/12/2020,MLPL,51.00,51.00,50.00,50.00,5004000
08/12/2020,MLPT,580.00,590.00,575.00,580.00,128500
08/12/2020,MMLP,188.00,188.00,187.00,188.00,8262800
08/12/2020,MNCN,885.00,975.00,870.00,955.00,444704700
08/12/2020,MOLI,850.00,900.00,850.00,900.00,19200
08/12/2020,MPMX,488.00,488.00,478.00,480.00,1064700
08/12/2020,MPOW,56.00,63.00,55.00,57.00,356000
08/12/2020,MPPA,112.00,112.00,110.00,111.00,603400
08/12/2020,MPRO,940.00,940.00,940.00,940.00,0
08/12/2020,MRAT,138.00,139.00,130.00,134.00,190000
08/12/2020,MREI,4500.00,5625.00,4500.00,5200.00,671600
08/12/2020,MSIN,302.00,350.00,298.00,316.00,35253000
08/12/2020,MSKY,1100.00,1225.00,1025.00,1025.00,7102200
08/12/2020,MTDL,1625.00,1655.00,1565.00,1565.00,2680000
08/12/2020,MTFN,50.00,50.00,50.00,50.00,0
08/12/2020,MTLA,390.00,390.00,390.00,390.00,3600
08/12/2020,MTPS,195.00,195.00,182.00,182.00,74800
08/12/2020,MTRA,244.00,244.00,244.00,244.00,0
08/12/2020,MTSM,200.00,200.00,200.00,200.00,0
08/12/2020,MTWI,51.00,51.00,51.00,51.00,14500
08/12/2020,MYOH,1100.00,1125.00,1100.00,1125.00,219000
08/12/2020,MYOR,2250.00,2270.00,2230.00,2250.00,4408600
08/12/2020,MYRX,50.00,50.00,50.00,50.00,0
08/12/2020,MYRXP,50.00,50.00,50.00,50.00,0
08/12/2020,MYTX,54.00,54.00,54.00,54.00,100
08/12/2020,NASA,104.00,104.00,104.00,104.00,0
08/12/2020,NATO,276.00,290.00,274.00,290.00,1289400
08/12/2020,NATO-W,61.00,61.00,61.00,61.00,100
08/12/2020,NELY,133.00,140.00,130.00,130.00,5600
08/12/2020,NFCX,1900.00,1910.00,1900.00,1900.00,21500
08/12/2020,NICK,336.00,336.00,336.00,336.00,0
08/12/2020,NIKL,885.00,890.00,865.00,865.00,3613300
08/12/2020,NIPS,282.00,282.00,282.00,282.00,0
08/12/2020,NIRO,132.00,137.00,132.00,137.00,300
08/12/2020,NISP,715.00,720.00,710.00,710.00,305000
08/12/2020,NOBU,770.00,770.00,720.00,720.00,9800
08/12/2020,NRCA,316.00,316.00,310.00,316.00,249200
08/12/2020,NUSA,50.00,50.00,50.00,50.00,30000
08/12/2020,NZIA,170.00,195.00,170.00,170.00,9100
08/12/2020,NZIA-W,4.00,6.00,4.00,4.00,5684700
08/12/2020,OASA,398.00,398.00,398.00,398.00,0
08/12/2020,OCAP,174.00,174.00,174.00,174.00,0
08/12/2020,OKAS,72.00,78.00,72.00,77.00,132300
08/12/2020,OMRE,316.00,316.00,316.00,316.00,0
08/12/2020,OPMS,139.00,146.00,138.00,138.00,9503900
08/12/2020,PADI,50.00,50.00,50.00,50.00,1600
08/12/2020,PALM,282.00,320.00,282.00,306.00,311500
08/12/2020,PAMG,79.00,80.00,74.00,74.00,61762000
08/12/2020,PANI,60.00,66.00,57.00,63.00,196700
08/12/2020,PANR,84.00,84.00,81.00,82.00,1057500
08/12/2020,PANS,810.00,820.00,800.00,805.00,253800
08/12/2020,PBID,890.00,900.00,860.00,870.00,1122700
08/12/2020,PBRX,254.00,254.00,246.00,250.00,51600
08/12/2020,PBSA,750.00,750.00,750.00,750.00,0
08/12/2020,PCAR,368.00,378.00,346.00,378.00,102300
08/12/2020,PDES,450.00,450.00,450.00,450.00,100
08/12/2020,PEGE,150.00,185.00,140.00,142.00,494500
08/12/2020,PEHA,1905.00,1950.00,1800.00,1805.00,1525100
08/12/2020,PGAS,1210.00,1235.00,1200.00,1220.00,124317100
08/12/2020,PGJO,56.00,56.00,49.00,51.00,16900
08/12/2020,PGLI,224.00,224.00,190.00,190.00,2900
08/12/2020,PGUN,358.00,358.00,334.00,338.00,253600
08/12/2020,PICO,174.00,177.00,173.00,173.00,184000
08/12/2020,PJAA,520.00,535.00,515.00,530.00,20600
08/12/2020,PKPK,50.00,50.00,50.00,50.00,1300
08/12/2020,PLAS,50.00,50.00,50.00,50.00,0
08/12/2020,PLIN,2450.00,2450.00,2450.00,2450.00,0
08/12/2020,PMJS,126.00,128.00,126.00,128.00,26500
08/12/2020,PNBN,785.00,815.00,780.00,815.00,10762100
08/12/2020,PNBS,50.00,50.00,50.00,50.00,777800
08/12/2020,PNIN,720.00,725.00,715.00,720.00,3985300
08/12/2020,PNLF,183.00,186.00,181.00,185.00,45600000
08/12/2020,PNSE,900.00,900.00,900.00,900.00,0
08/12/2020,POLA,51.00,53.00,51.00,52.00,28000
08/12/2020,POLA-W,12.00,12.00,12.00,12.00,100
08/12/2020,POLI,1080.00,1275.00,1030.00,1210.00,245900
08/12/2020,POLL,3950.00,4000.00,3770.00,3780.00,12300
08/12/2020,POLU,910.00,970.00,910.00,910.00,900
08/12/2020,POLY,50.00,50.00,50.00,50.00,2400
08/12/2020,POOL,50.00,50.00,50.00,50.00,0
08/12/2020,PORT,452.00,452.00,452.00,452.00,0
08/12/2020,POSA,50.00,50.00,50.00,50.00,56000
08/12/2020,POSA-W,2.00,3.00,1.00,2.00,12954200
08/12/2020,POWR,635.00,640.00,630.00,630.00,9491600
08/12/2020,PPGL,192.00,196.00,191.00,193.00,15650700
08/12/2020,PPGL-W,12.00,13.00,11.00,13.00,11473800
08/12/2020,PPRE,180.00,182.00,175.00,179.00,10014300
08/12/2020,PPRO,50.00,50.00,50.00,50.00,6791900
08/12/2020,PRAS,132.00,140.00,121.00,138.00,151100
08/12/2020,PRDA,3110.00,3110.00,2990.00,3000.00,87500
08/12/2020,PRIM,256.00,300.00,256.00,258.00,10100
08/12/2020,PRIM-W,6.00,6.00,5.00,5.00,2400
08/12/2020,PSAB,252.00,258.00,246.00,258.00,109504800
08/12/2020,PSDN,113.00,113.00,106.00,111.00,1800
08/12/2020,PSGO,112.00,118.00,112.00,113.00,47600
08/12/2020,PSKT,50.00,50.00,50.00,50.00,0
08/12/2020,PSSI,165.00,165.00,159.00,165.00,1911200
08/12/2020,PTBA,2100.00,2100.00,2050.00,2060.00,36475500
08/12/2020,PTIS,164.00,164.00,164.00,164.00,0
08/12/2020,PTPP,990.00,1025.00,960.00,1010.00,105243700
08/12/2020,PTPW,1715.00,1715.00,1610.00,1625.00,4711400
08/12/2020,PTRO,1945.00,1950.00,1920.00,1930.00,682900
08/12/2020,PTSN,224.00,242.00,224.00,228.00,6499700
08/12/2020,PTSP,5275.00,5275.00,5275.00,5275.00,0
08/12/2020,PUDP,220.00,220.00,220.00,220.00,100
08/12/2020,PURA,129.00,130.00,126.00,129.00,51131100
08/12/2020,PURA-W,19.00,20.00,18.00,18.00,11855700
08/12/2020,PURE,109.00,119.00,109.00,113.00,2408000
08/12/2020,PURE-W,11.00,11.00,10.00,10.00,1419000
08/12/2020,PWON,396.00,408.00,390.00,406.00,234599200
08/12/2020,PYFA,1015.00,1025.00,935.00,960.00,3248300
08/12/2020,PZZA,625.00,630.00,615.00,620.00,1252800
08/12/2020,R-ABFII,28600.00,28600.00,28600.00,28600.00,0
08/12/2020,R-LQ45X,870.00,876.00,868.00,876.00,30900
08/12/2020,RAJA,119.00,119.00,114.00,115.00,14228200
08/12/2020,RALS,630.00,640.00,615.00,625.00,36410800
08/12/2020,RANC,440.00,440.00,426.00,430.00,2789000
08/12/2020,RBMS,50.00,50.00,50.00,50.00,100
08/12/2020,RDTX,5600.00,5700.00,5600.00,5700.00,200
08/12/2020,REAL,50.00,50.00,50.00,50.00,254200
08/12/2020,REAL-W,4.00,4.00,3.00,4.00,12849200
08/12/2020,RELI,340.00,340.00,340.00,340.00,0
08/12/2020,RICY,87.00,88.00,84.00,84.00,7500
08/12/2020,RIGS,216.00,230.00,216.00,228.00,19100
08/12/2020,RIMO,50.00,50.00,50.00,50.00,0
08/12/2020,RISE,420.00,422.00,416.00,420.00,393000
08/12/2020,RMBA,272.00,272.00,246.00,246.00,21300
08/12/2020,RODA,50.00,50.00,50.00,50.00,19800
08/12/2020,RONY,96.00,105.00,96.00,96.00,214000
08/12/2020,ROTI,1220.00,1230.00,1210.00,1225.00,263700
08/12/2020,RUIS,196.00,224.00,196.00,224.00,2567500
08/12/2020,SAFE,194.00,194.00,193.00,194.00,297500
08/12/2020,SAME,76.00,79.00,76.00,76.00,3732700
08/12/2020,SAMF,358.00,358.00,356.00,356.00,16100
08/12/2020,SAPX,2210.00,2210.00,2210.00,2210.00,16000
08/12/2020,SATU,50.00,50.00,50.00,50.00,0
08/12/2020,SBAT,197.00,216.00,188.00,189.00,10850600
08/12/2020,SBAT-W,12.00,12.00,10.00,11.00,11050900
08/12/2020,SCCO,9850.00,9850.00,9850.00,9850.00,0
08/12/2020,SCMA,1215.00,1275.00,1210.00,1260.00,49206300
08/12/2020,SCPI,29000.00,29000.00,29000.00,29000.00,0
08/12/2020,SDMU,50.00,50.00,50.00,50.00,0
08/12/2020,SDPC,120.00,124.00,120.00,122.00,78500
08/12/2020,SDRA,740.00,740.00,740.00,740.00,1100
08/12/2020,SFAN,925.00,965.00,925.00,965.00,43100
08/12/2020,SGER,262.00,262.00,256.00,262.00,8002000
08/12/2020,SGER-W,69.00,100.00,69.00,75.00,5188300
08/12/2020,SGRO,1700.00,1735.00,1700.00,1735.00,150400
08/12/2020,SHID,3700.00,3700.00,3700.00,3700.00,0
08/12/2020,SHIP,575.00,585.00,575.00,580.00,238800
08/12/2020,SIDO,1380.00,1395.00,1340.00,1370.00,11475700
08/12/2020,SILO,4650.00,4680.00,4610.00,4650.00,190100
08/12/2020,SIMA,50.00,50.00,50.00,50.00,0
08/12/2020,SIMP,320.00,320.00,314.00,316.00,5268600
08/12/2020,SINI,505.00,505.00,452.00,474.00,800
08/12/2020,SINI-W,342.00,342.00,250.00,250.00,200
08/12/2020,SIPD,1150.00,1200.00,1150.00,1150.00,535100
08/12/2020,SKBM,306.00,326.00,306.00,308.00,4300
08/12/2020,SKLT,1610.00,1610.00,1610.00,1610.00,0
08/12/2020,SKRN,690.00,730.00,670.00,720.00,14157600
08/12/2020,SKYB,51.00,51.00,51.00,51.00,0
08/12/2020,SLIS,5100.00,5250.00,5100.00,5175.00,291700
08/12/2020,SMAR,3300.00,3300.00,3230.00,3240.00,1100
08/12/2020,SMBR,540.00,540.00,510.00,515.00,11864400
08/12/2020,SMCB,1055.00,1060.00,1020.00,1030.00,103100
08/12/2020,SMDM,98.00,98.00,97.00,97.00,1000
08/12/2020,SMDR,248.00,252.00,242.00,246.00,554300
08/12/2020,SMGR,9550.00,10000.00,9500.00,9850.00,12787900
08/12/2020,SMKL,180.00,187.00,178.00,178.00,50600
08/12/2020,SMKL-W,20.00,28.00,20.00,23.00,4513000
08/12/2020,SMMA,17000.00,17000.00,17000.00,17000.00,200
08/12/2020,SMMT,89.00,90.00,86.00,87.00,245400
08/12/2020,SMRA,575.00,595.00,555.00,570.00,149410400
08/12/2020,SMRU,50.00,50.00,50.00,50.00,0
08/12/2020,SMSM,1330.00,1345.00,1290.00,1320.00,2778200
08/12/2020,SOCI,130.00,130.00,124.00,127.00,11133400
08/12/2020,SOFA,75.00,75.00,73.00,74.00,236200
08/12/2020,SOFA-W,6.00,6.00,5.00,5.00,8533600
08/12/2020,SONA,6000.00,6000.00,6000.00,6000.00,0
08/12/2020,SOSS,460.00,460.00,410.00,420.00,458500
08/12/2020,SOSS-W,42.00,56.00,41.00,56.00,12700
08/12/2020,SOTS,268.00,268.00,232.00,232.00,600
08/12/2020,SOTS-W,16.00,32.00,16.00,32.00,200
08/12/2020,SPMA,258.00,258.00,256.00,258.00,7600
08/12/2020,SPTO,448.00,448.00,438.00,440.00,133500
08/12/2020,SQMI,186.00,186.00,181.00,186.00,9652800
08/12/2020,SRAJ,122.00,138.00,122.00,135.00,5600
08/12/2020,SRIL,195.00,196.00,191.00,195.00,24478300
08/12/2020,SRSN,57.00,57.00,55.00,56.00,7901600
08/12/2020,SRTG,2900.00,2900.00,2840.00,2840.00,91400
08/12/2020,SSIA,360.00,360.00,348.00,348.00,28333200
08/12/2020,SSMS,825.00,835.00,810.00,835.00,197700
08/12/2020,SSTM,560.00,560.00,555.00,555.00,400
08/12/2020,STAR,140.00,140.00,140.00,140.00,100
08/12/2020,STTP,6950.00,7350.00,6950.00,7350.00,1100
08/12/2020,SUGI,50.00,50.00,50.00,50.00,0
08/12/2020,SULI,50.00,50.00,50.00,50.00,100100
08/12/2020,SUPR,4200.00,4200.00,4200.00,4200.00,0
08/12/2020,SURE,2900.00,2900.00,2900.00,2900.00,0
08/12/2020,SWAT,91.00,99.00,85.00,86.00,7635800
08/12/2020,TALF,230.00,230.00,230.00,230.00,0
08/12/2020,TAMA,172.00,172.00,172.00,172.00,100
08/12/2020,TAMA-W,7.00,7.00,6.00,7.00,216500
08/12/2020,TAMU,54.00,55.00,54.00,55.00,1644400
08/12/2020,TARA,50.00,50.00,50.00,50.00,72700
08/12/2020,TAXI,50.00,50.00,50.00,50.00,0
08/12/2020,TBIG,1330.00,1340.00,1280.00,1290.00,38291500
08/12/2020,TBLA,825.00,835.00,815.00,820.00,4582200
08/12/2020,TBMS,700.00,700.00,660.00,660.00,19000
08/12/2020,TCID,6900.00,6950.00,6900.00,6950.00,1400
08/12/2020,TCPI,4200.00,4270.00,4180.00,4180.00,10195900
08/12/2020,TDPM,94.00,95.00,93.00,94.00,3878400
08/12/2020,TEBE,1400.00,1400.00,1400.00,1400.00,0
08/12/2020,TECH,122.00,127.00,117.00,119.00,815700
08/12/2020,TELE,121.00,121.00,121.00,121.00,0
08/12/2020,TFAS,158.00,160.00,158.00,160.00,106600
08/12/2020,TFCO,282.00,282.00,282.00,282.00,100
08/12/2020,TGKA,7500.00,7500.00,7500.00,7500.00,0
08/12/2020,TGRA,64.00,68.00,64.00,66.00,952100
08/12/2020,TIFA,400.00,402.00,400.00,400.00,33100
08/12/2020,TINS,780.00,780.00,750.00,760.00,19503600
08/12/2020,TIRA,274.00,276.00,274.00,276.00,8100
08/12/2020,TIRT,50.00,52.00,50.00,52.00,5200
08/12/2020,TKIM,7050.00,7225.00,6850.00,6950.00,18507300
08/12/2020,TLKM,2930.00,2960.00,2920.00,2950.00,110934800
08/12/2020,TMAS,108.00,110.00,107.00,108.00,1153500
08/12/2020,TMPO,127.00,127.00,127.00,127.00,100
08/12/2020,TNCA,200.00,200.00,200.00,200.00,600
08/12/2020,TOBA,344.00,346.00,342.00,342.00,53400
08/12/2020,TOPS,50.00,50.00,50.00,50.00,700
08/12/2020,TOTL,296.00,296.00,290.00,294.00,4382900
08/12/2020,TOTO,224.00,224.00,220.00,222.00,165200
08/12/2020,TOWR,1070.00,1095.00,1065.00,1090.00,422196700
08/12/2020,TOYS,680.00,685.00,640.00,640.00,7665900
08/12/2020,TOYS-W,15.00,15.00,12.00,12.00,26317500
08/12/2020,TPIA,7375.00,7400.00,7325.00,7400.00,2278000
08/12/2020,TPMA,366.00,366.00,366.00,366.00,3200
08/12/2020,TRAM,50.00,50.00,50.00,50.00,0
08/12/2020,TRAM-W,11.00,11.00,11.00,11.00,0
08/12/2020,TRIL,50.00,50.00,50.00,50.00,0
08/12/2020,TRIM,119.00,119.00,114.00,115.00,6000
08/12/2020,TRIN,230.00,234.00,222.00,234.00,14972700
08/12/2020,TRIN-W,9.00,10.00,8.00,9.00,4514500
08/12/2020,TRIO,426.00,426.00,426.00,426.00,0
08/12/2020,TRIS,202.00,202.00,202.00,202.00,44600
08/12/2020,TRIS-W,6.00,6.00,6.00,6.00,0
08/12/2020,TRST,420.00,420.00,420.00,420.00,0
08/12/2020,TRUK,115.00,116.00,114.00,115.00,273100
08/12/2020,TRUS,304.00,304.00,284.00,284.00,1400
08/12/2020,TSPC,1375.00,1390.00,1375.00,1380.00,287100
08/12/2020,TUGU,2440.00,2550.00,2410.00,2550.00,6500
08/12/2020,TURI,1400.00,1405.00,1390.00,1390.00,217700
08/12/2020,UANG,324.00,328.00,304.00,304.00,351100
08/12/2020,UCID,1465.00,1470.00,1450.00,1455.00,132700
08/12/2020,ULTJ,1610.00,1615.00,1600.00,1605.00,950100
08/12/2020,UNIC,3500.00,3500.00,3500.00,3500.00,100
08/12/2020,UNIT,153.00,153.00,153.00,153.00,0
08/12/2020,UNSP,59.00,59.00,55.00,55.00,5155000
08/12/2020,UNTR,24000.00,24000.00,22650.00,23525.00,9508600
08/12/2020,UNVR,8075.00,8125.00,8025.00,8050.00,11451200
08/12/2020,URBN,1350.00,1350.00,1350.00,1350.00,0
08/12/2020,URBN-W,21.00,22.00,19.00,19.00,1045100
08/12/2020,VICO,73.00,73.00,72.00,72.00,4500
08/12/2020,VINS,91.00,94.00,89.00,90.00,108100
08/12/2020,VINS-W,2.00,3.00,1.00,2.00,4801200
08/12/2020,VIVA,50.00,50.00,50.00,50.00,700
08/12/2020,VOKS,198.00,198.00,190.00,197.00,111800
08/12/2020,VRNA,112.00,112.00,104.00,104.00,2400
08/12/2020,WAPO,61.00,61.00,61.00,61.00,100
08/12/2020,WEGE,193.00,197.00,189.00,195.00,39219300
08/12/2020,WEHA,73.00,74.00,72.00,73.00,449700
08/12/2020,WICO,575.00,575.00,575.00,575.00,2200
08/12/2020,WIIM,370.00,382.00,364.00,366.00,71503100
08/12/2020,WIKA,1180.00,1215.00,1150.00,1215.00,42921900
08/12/2020,WINS,96.00,96.00,96.00,96.00,1000
08/12/2020,WOMF,264.00,264.00,248.00,248.00,380500
08/12/2020,WOOD,414.00,418.00,400.00,406.00,50520300
08/12/2020,WOWS,80.00,82.00,76.00,76.00,8035700
08/12/2020,WSBP,173.00,175.00,169.00,169.00,90045300
08/12/2020,WSKT,645.00,670.00,645.00,655.00,44248300
08/12/2020,WTON,280.00,286.00,280.00,282.00,13759100
08/12/2020,XAFA,1038.00,1038.00,1038.00,1038.00,0
08/12/2020,XAQA,804.00,804.00,804.00,804.00,0
08/12/2020,XASG,87.00,87.00,87.00,87.00,0
08/12/2020,XBES,838.00,838.00,838.00,838.00,0
08/12/2020,XBID,459.00,459.00,459.00,459.00,0
08/12/2020,XBIN,454.00,454.00,454.00,454.00,100
08/12/2020,XBLQ,395.00,395.00,395.00,395.00,0
08/12/2020,XBNI,919.00,919.00,919.00,919.00,0
08/12/2020,XBSK,338.00,338.00,338.00,338.00,1500
08/12/2020,XCID,76.00,80.00,76.00,80.00,30300
08/12/2020,XCIS,105.00,105.00,105.00,105.00,0
08/12/2020,XCLQ,85.00,85.00,85.00,85.00,1000
08/12/2020,XDIF,386.00,386.00,386.00,386.00,0
08/12/2020,XIHD,415.00,419.00,414.00,419.00,8500
08/12/2020,XIIC,931.00,931.00,931.00,931.00,0
08/12/2020,XIID,438.00,438.00,438.00,438.00,0
08/12/2020,XIIF,466.00,476.00,466.00,476.00,19400
08/12/2020,XIIT,473.00,474.00,470.00,474.00,86600
08/12/2020,XIJI,575.00,577.00,575.00,577.00,2200
08/12/2020,XILV,106.00,106.00,106.00,106.00,100
08/12/2020,XIML,231.00,231.00,231.00,231.00,0
08/12/2020,XIPI,141.00,141.00,141.00,141.00,0
08/12/2020,XISB,398.00,398.00,398.00,398.00,0
08/12/2020,XISC,542.00,558.00,542.00,558.00,1000
08/12/2020,XISI,274.00,278.00,274.00,278.00,500
08/12/2020,XISR,340.00,346.00,340.00,346.00,100300
08/12/2020,XKIV,392.00,392.00,392.00,392.00,1000
08/12/2020,XMIG,141.00,141.00,141.00,141.00,0
08/12/2020,XMJM,1001.00,1001.00,1001.00,1001.00,0
08/12/2020,XMTS,406.00,406.00,406.00,406.00,0
08/12/2020,XNVE,121.00,122.00,121.00,122.00,3100
08/12/2020,XPCR,785.00,785.00,785.00,785.00,0
08/12/2020,XPDV,394.00,394.00,394.00,394.00,0
08/12/2020,XPES,349.00,349.00,349.00,349.00,0
08/12/2020,XPFT,670.00,670.00,670.00,670.00,0
08/12/2020,XPID,430.00,430.00,430.00,430.00,0
08/12/2020,XPLC,397.00,397.00,397.00,397.00,0
08/12/2020,XPLQ,424.00,424.00,424.00,424.00,100
08/12/2020,XPMI,820.00,830.00,820.00,830.00,1800
08/12/2020,XPSG,343.00,343.00,343.00,343.00,0
08/12/2020,XPTD,416.00,416.00,416.00,416.00,0
08/12/2020,XSBC,94.00,94.00,94.00,94.00,0
08/12/2020,XSMU,109.00,109.00,109.00,109.00,0
08/12/2020,XSPI,750.00,750.00,750.00,750.00,0
08/12/2020,XSRI,154.00,154.00,154.00,154.00,0
08/12/2020,XSSI,112.00,112.00,112.00,112.00,0
08/12/2020,XSSK,583.00,583.00,583.00,583.00,0
08/12/2020,YELO,50.00,50.00,50.00,50.00,14000
08/12/2020,YELO-W,6.00,7.00,6.00,6.00,19800
08/12/2020,YPAS,446.00,446.00,446.00,446.00,0
08/12/2020,YULE,192.00,192.00,192.00,192.00,100
08/12/2020,ZBRA,50.00,50.00,50.00,50.00,200
08/12/2020,ZINC,138.00,141.00,136.00,138.00,200692700
08/12/2020,ZONE,404.00,404.00,402.00,402.00,28400
