<date>,<ticker>,<open>,<high>,<low>,<close>,<volume>
07/22/2020,AALI,9550.00,9675.00,9450.00,9475.00,2662800
07/22/2020,ABBA,50.00,50.00,50.00,50.00,1282500
07/22/2020,ABDA,6750.00,6750.00,6750.00,6750.00,0
07/22/2020,ABMM,1105.00,1105.00,1100.00,1100.00,5000
07/22/2020,ACES,1660.00,1685.00,1600.00,1625.00,10969700
07/22/2020,ACST,264.00,312.00,262.00,290.00,20326700
07/22/2020,ADES,885.00,885.00,855.00,870.00,29200
07/22/2020,ADHI,630.00,640.00,625.00,630.00,12852500
07/22/2020,ADMF,7725.00,7775.00,7700.00,7750.00,62700
07/22/2020,ADMG,100.00,105.00,100.00,104.00,632500
07/22/2020,ADRO,1140.00,1150.00,1120.00,1125.00,38753200
07/22/2020,AGAR,505.00,505.00,486.00,486.00,200
07/22/2020,AGII,570.00,570.00,560.00,560.00,187000
07/22/2020,AGRO,222.00,226.00,218.00,220.00,28025400
07/22/2020,AGRS,101.00,104.00,101.00,101.00,85600
07/22/2020,AHAP,50.00,50.00,50.00,50.00,100
07/22/2020,AIMS,180.00,180.00,180.00,180.00,0
07/22/2020,AISA,168.00,168.00,168.00,168.00,0
07/22/2020,AKKU,50.00,50.00,50.00,50.00,700
07/22/2020,AKPI,430.00,430.00,382.00,382.00,300
07/22/2020,AKRA,2500.00,2730.00,2500.00,2700.00,49695900
07/22/2020,AKSI,216.00,232.00,214.00,214.00,76200
07/22/2020,ALDO,364.00,364.00,364.00,364.00,200
07/22/2020,ALKA,420.00,420.00,420.00,420.00,0
07/22/2020,ALMI,206.00,212.00,206.00,212.00,13900
07/22/2020,ALTO,344.00,346.00,344.00,346.00,2000
07/22/2020,AMAG,278.00,322.00,278.00,308.00,4190000
07/22/2020,AMAN,195.00,195.00,195.00,195.00,215500
07/22/2020,AMAR,374.00,398.00,370.00,376.00,89300
07/22/2020,AMFG,2900.00,2900.00,2850.00,2850.00,1800
07/22/2020,AMIN,250.00,272.00,250.00,272.00,25000
07/22/2020,AMOR,2160.00,2160.00,2000.00,2150.00,44400
07/22/2020,AMRT,755.00,760.00,745.00,750.00,125600
07/22/2020,ANDI,50.00,50.00,50.00,50.00,60700
07/22/2020,ANJT,590.00,615.00,580.00,580.00,16400
07/22/2020,ANTM,690.00,705.00,685.00,685.00,192426100
07/22/2020,APEX,184.00,184.00,172.00,172.00,16000
07/22/2020,APIC,850.00,860.00,845.00,845.00,10971300
07/22/2020,APII,254.00,270.00,238.00,242.00,165500
07/22/2020,APLI,120.00,120.00,114.00,114.00,5200
07/22/2020,APLN,118.00,118.00,114.00,114.00,19647000
07/22/2020,ARGO,1200.00,1200.00,1200.00,1200.00,0
07/22/2020,ARII,510.00,510.00,458.00,490.00,53800
07/22/2020,ARKA,288.00,288.00,288.00,288.00,0
07/22/2020,ARMY,50.00,50.00,50.00,50.00,0
07/22/2020,ARNA,436.00,442.00,434.00,440.00,3515600
07/22/2020,ARTA,364.00,364.00,350.00,350.00,300
07/22/2020,ARTI,50.00,50.00,50.00,50.00,0
07/22/2020,ARTO,2780.00,2840.00,2770.00,2800.00,183800
07/22/2020,ASBI,296.00,326.00,296.00,298.00,14200
07/22/2020,ASDM,930.00,930.00,925.00,925.00,3300
07/22/2020,ASGR,660.00,660.00,650.00,655.00,1341600
07/22/2020,ASII,5375.00,5400.00,5200.00,5300.00,29493500
07/22/2020,ASJT,120.00,128.00,117.00,120.00,46900
07/22/2020,ASMI,1160.00,1165.00,1160.00,1160.00,30700
07/22/2020,ASPI,266.00,266.00,252.00,252.00,9218600
07/22/2020,ASPI-W,32.00,32.00,28.00,28.00,4846900
07/22/2020,ASRI,133.00,133.00,129.00,129.00,54658500
07/22/2020,ASRM,1990.00,1990.00,1990.00,1990.00,0
07/22/2020,ASSA,480.00,505.00,470.00,500.00,14015100
07/22/2020,ATIC,620.00,650.00,620.00,650.00,300
07/22/2020,AUTO,935.00,945.00,930.00,935.00,909500
07/22/2020,AYLS,50.00,50.00,50.00,50.00,2700
07/22/2020,AYLS-W,4.00,5.00,4.00,5.00,1936200
07/22/2020,BABP,50.00,50.00,50.00,50.00,4900
07/22/2020,BABP-W3,20.00,21.00,20.00,21.00,1200
07/22/2020,BABP-W4,8.00,9.00,7.00,8.00,35200
07/22/2020,BACA,330.00,362.00,330.00,336.00,28700
07/22/2020,BACA-W2,100.00,100.00,100.00,100.00,0
07/22/2020,BAJA,60.00,60.00,56.00,57.00,567300
07/22/2020,BALI,810.00,850.00,810.00,850.00,5300
07/22/2020,BAPA,50.00,50.00,50.00,50.00,75600
07/22/2020,BAPI,50.00,50.00,50.00,50.00,1100
07/22/2020,BAPI-W,2.00,3.00,2.00,3.00,5914800
07/22/2020,BATA,565.00,565.00,565.00,565.00,400
07/22/2020,BAYU,1020.00,1095.00,1020.00,1020.00,19100
07/22/2020,BBCA,31050.00,31250.00,30650.00,30900.00,8945100
07/22/2020,BBHI,141.00,157.00,141.00,141.00,890000
07/22/2020,BBKP,181.00,181.00,176.00,179.00,41832000
07/22/2020,BBLD,380.00,382.00,380.00,382.00,3000
07/22/2020,BBMD,1365.00,1410.00,1360.00,1410.00,2200
07/22/2020,BBNI,4700.00,4750.00,4660.00,4670.00,48427100
07/22/2020,BBRI,3160.00,3170.00,3090.00,3100.00,173557500
07/22/2020,BBRM,50.00,50.00,50.00,50.00,0
07/22/2020,BBSS,140.00,140.00,137.00,138.00,6368800
07/22/2020,BBSS-W,5.00,6.00,4.00,5.00,48847300
07/22/2020,BBTN,1310.00,1320.00,1280.00,1285.00,61318900
07/22/2020,BBYB,290.00,290.00,288.00,290.00,11200
07/22/2020,BCAP,156.00,156.00,154.00,156.00,9044000
07/22/2020,BCIC,450.00,450.00,450.00,450.00,0
07/22/2020,BCIP,50.00,51.00,50.00,50.00,2707900
07/22/2020,BDMN,2760.00,2860.00,2750.00,2840.00,3325300
07/22/2020,BEEF,224.00,224.00,216.00,216.00,2193100
07/22/2020,BEEF-W,14.00,14.00,12.00,13.00,450700
07/22/2020,BEKS,50.00,50.00,50.00,50.00,1507600
07/22/2020,BELL,700.00,705.00,695.00,705.00,1222100
07/22/2020,BESS,242.00,248.00,240.00,242.00,577400
07/22/2020,BESS-W,40.00,42.00,39.00,40.00,303700
07/22/2020,BEST,127.00,128.00,122.00,123.00,33153200
07/22/2020,BFIN,268.00,274.00,258.00,272.00,13836200
07/22/2020,BGTG,53.00,53.00,50.00,52.00,1670100
07/22/2020,BHAT,436.00,442.00,434.00,434.00,133796700
07/22/2020,BHIT,50.00,50.00,50.00,50.00,254800
07/22/2020,BIKA,177.00,185.00,177.00,185.00,1100
07/22/2020,BIMA,50.00,50.00,50.00,50.00,0
07/22/2020,BINA,840.00,855.00,840.00,855.00,236700
07/22/2020,BIPI,50.00,50.00,50.00,50.00,109700
07/22/2020,BIPI-W,8.00,8.00,8.00,8.00,200
07/22/2020,BIPP,55.00,66.00,55.00,59.00,696500
07/22/2020,BIRD,965.00,1075.00,965.00,1075.00,6059100
07/22/2020,BISI,825.00,830.00,815.00,830.00,44600
07/22/2020,BJBR,935.00,980.00,920.00,920.00,30373600
07/22/2020,BJTM,535.00,540.00,530.00,535.00,10197600
07/22/2020,BKDP,55.00,55.00,53.00,53.00,1200
07/22/2020,BKSL,50.00,50.00,50.00,50.00,1002700
07/22/2020,BKSW,72.00,75.00,72.00,75.00,86600
07/22/2020,BLTA,50.00,50.00,50.00,50.00,500
07/22/2020,BLTZ,3600.00,3600.00,3600.00,3600.00,0
07/22/2020,BLUE,510.00,515.00,505.00,510.00,172400
07/22/2020,BMAS,260.00,296.00,260.00,274.00,4000
07/22/2020,BMRI,5375.00,5525.00,5300.00,5425.00,59622500
07/22/2020,BMSR,57.00,57.00,54.00,56.00,7800
07/22/2020,BMTR,202.00,204.00,200.00,202.00,27372800
07/22/2020,BNBA,298.00,302.00,298.00,302.00,77900
07/22/2020,BNBR,50.00,50.00,50.00,50.00,300
07/22/2020,BNGA,800.00,805.00,785.00,800.00,8550000
07/22/2020,BNII,163.00,165.00,163.00,164.00,548600
07/22/2020,BNLI,1280.00,1285.00,1275.00,1280.00,11742000
07/22/2020,BOGA,1410.00,1415.00,1385.00,1395.00,64305000
07/22/2020,BOLA,165.00,165.00,162.00,162.00,5400
07/22/2020,BOLT,865.00,865.00,865.00,865.00,100
07/22/2020,BOSS,76.00,80.00,76.00,79.00,1669700
07/22/2020,BPFI,1185.00,1185.00,1185.00,1185.00,0
07/22/2020,BPII,10000.00,10000.00,10000.00,10000.00,0
07/22/2020,BPTR,78.00,78.00,73.00,77.00,2400
07/22/2020,BRAM,5325.00,5325.00,5325.00,5325.00,0
07/22/2020,BRIS,486.00,488.00,474.00,480.00,61110600
07/22/2020,BRMS,50.00,50.00,50.00,50.00,80127400
07/22/2020,BRNA,930.00,930.00,930.00,930.00,0
07/22/2020,BRPT,1225.00,1230.00,1175.00,1180.00,60466100
07/22/2020,BRPT-W,870.00,870.00,870.00,870.00,0
07/22/2020,BSDE,735.00,740.00,715.00,720.00,36859500
07/22/2020,BSIM,520.00,530.00,510.00,510.00,95200
07/22/2020,BSIM-W3,40.00,40.00,18.00,18.00,70400
07/22/2020,BSSR,1270.00,1270.00,1250.00,1265.00,38200
07/22/2020,BSWD,1750.00,1750.00,1750.00,1750.00,0
07/22/2020,BTEK,50.00,50.00,50.00,50.00,0
07/22/2020,BTEL,50.00,50.00,50.00,50.00,0
07/22/2020,BTON,190.00,191.00,188.00,190.00,7000
07/22/2020,BTPN,2200.00,2210.00,2170.00,2200.00,102800
07/22/2020,BTPS,3200.00,3300.00,3160.00,3210.00,27460800
07/22/2020,BUDI,90.00,95.00,90.00,91.00,671700
07/22/2020,BUKK,720.00,725.00,710.00,710.00,10600
07/22/2020,BULL,314.00,316.00,308.00,308.00,139519300
07/22/2020,BULL-W2,96.00,100.00,92.00,97.00,51000
07/22/2020,BUMI,50.00,50.00,50.00,50.00,2090100
07/22/2020,BUVA,55.00,55.00,53.00,54.00,70900
07/22/2020,BVIC,59.00,64.00,59.00,59.00,1711600
07/22/2020,BWPT,115.00,125.00,111.00,117.00,504899800
07/22/2020,BYAN,13300.00,13500.00,13250.00,13500.00,2000
07/22/2020,CAKK,50.00,50.00,50.00,50.00,96800
07/22/2020,CAKK-W,8.00,8.00,7.00,8.00,24000
07/22/2020,CAMP,208.00,208.00,202.00,206.00,442900
07/22/2020,CANI,130.00,130.00,130.00,130.00,100
07/22/2020,CARE,348.00,348.00,340.00,340.00,35435600
07/22/2020,CARS,50.00,50.00,50.00,50.00,125500
07/22/2020,CASA,348.00,352.00,332.00,332.00,18100
07/22/2020,CASA-W,80.00,110.00,80.00,110.00,700
07/22/2020,CASH,570.00,585.00,570.00,575.00,4284200
07/22/2020,CASH-W,23.00,23.00,21.00,22.00,4256400
07/22/2020,CASS,182.00,228.00,182.00,224.00,35964100
07/22/2020,CBMF,224.00,224.00,191.00,206.00,4302000
07/22/2020,CCSI,250.00,250.00,246.00,250.00,808200
07/22/2020,CEKA,2020.00,2020.00,1990.00,2010.00,291600
07/22/2020,CENT,99.00,101.00,93.00,94.00,12039000
07/22/2020,CFIN,192.00,195.00,191.00,191.00,5182400
07/22/2020,CINT,246.00,270.00,246.00,248.00,111000
07/22/2020,CITA,1700.00,1700.00,1700.00,1700.00,11200
07/22/2020,CITY,52.00,53.00,52.00,53.00,50800
07/22/2020,CITY-W,14.00,16.00,14.00,16.00,68500
07/22/2020,CKRA,76.00,76.00,76.00,76.00,0
07/22/2020,CLAY,1960.00,1960.00,1960.00,1960.00,0
07/22/2020,CLEO,462.00,462.00,458.00,458.00,6604900
07/22/2020,CLPI,710.00,710.00,700.00,700.00,72300
07/22/2020,CMNP,1305.00,1320.00,1300.00,1300.00,13900
07/22/2020,CMPP,184.00,184.00,184.00,184.00,0
07/22/2020,CNKO,50.00,50.00,50.00,50.00,200
07/22/2020,CNTB,250.00,250.00,250.00,250.00,0
07/22/2020,CNTX,240.00,240.00,240.00,240.00,0
07/22/2020,COCO,780.00,800.00,780.00,800.00,7900
07/22/2020,COCO-W,140.00,390.00,140.00,390.00,200
07/22/2020,COWL,50.00,50.00,50.00,50.00,0
07/22/2020,CPIN,6050.00,6075.00,5925.00,5925.00,10406700
07/22/2020,CPRI,50.00,50.00,50.00,50.00,0
07/22/2020,CPRI-W,13.00,15.00,13.00,15.00,16200
07/22/2020,CPRO,50.00,50.00,50.00,50.00,0
07/22/2020,CSAP,340.00,340.00,324.00,324.00,24700
07/22/2020,CSIS,50.00,53.00,50.00,52.00,2824900
07/22/2020,CSMI,244.00,244.00,210.00,212.00,110400
07/22/2020,CSRA,298.00,312.00,286.00,306.00,6840000
07/22/2020,CTBN,2450.00,2450.00,2450.00,2450.00,0
07/22/2020,CTRA,660.00,665.00,640.00,645.00,30747400
07/22/2020,CTTH,50.00,50.00,50.00,50.00,0
07/22/2020,DADA,95.00,101.00,92.00,93.00,114238200
07/22/2020,DADA-W,5.00,6.00,5.00,5.00,44201000
07/22/2020,DART,214.00,226.00,200.00,226.00,65600
07/22/2020,DAYA,655.00,655.00,655.00,655.00,0
07/22/2020,DEAL,81.00,90.00,81.00,89.00,2536300
07/22/2020,DEAL-W,80.00,80.00,80.00,80.00,200
07/22/2020,DEFI,1790.00,1800.00,1790.00,1795.00,28900
07/22/2020,DEWA,50.00,50.00,50.00,50.00,100
07/22/2020,DFAM,330.00,350.00,300.00,350.00,28700
07/22/2020,DFAM-W,120.00,120.00,120.00,120.00,0
07/22/2020,DGIK,50.00,50.00,50.00,50.00,1300
07/22/2020,DIGI,1700.00,1700.00,1700.00,1700.00,0
07/22/2020,DILD,181.00,181.00,177.00,180.00,3586700
07/22/2020,DIVA,1850.00,1900.00,1845.00,1875.00,84200
07/22/2020,DKFT,120.00,124.00,118.00,118.00,6641900
07/22/2020,DLTA,4800.00,4840.00,4790.00,4830.00,18200
07/22/2020,DMAS,216.00,232.00,216.00,226.00,176131400
07/22/2020,DMMX,230.00,242.00,220.00,238.00,55858000
07/22/2020,DMND,960.00,965.00,950.00,960.00,24500
07/22/2020,DNAR,252.00,252.00,252.00,252.00,26000
07/22/2020,DNET,3350.00,3380.00,3350.00,3380.00,8400
07/22/2020,DOID,240.00,252.00,236.00,244.00,109153800
07/22/2020,DPNS,272.00,278.00,272.00,274.00,9600
07/22/2020,DPUM,71.00,77.00,70.00,76.00,184000
07/22/2020,DSFI,63.00,68.00,63.00,67.00,163200
07/22/2020,DSNG,362.00,370.00,356.00,362.00,4264000
07/22/2020,DSSA,20875.00,20875.00,20875.00,20875.00,0
07/22/2020,DUCK,434.00,440.00,428.00,430.00,1651800
07/22/2020,DUTI,4960.00,4960.00,4960.00,4960.00,23000
07/22/2020,DVLA,2190.00,2450.00,2190.00,2260.00,148600
07/22/2020,DWGL,250.00,250.00,248.00,248.00,500
07/22/2020,DWGL-W,54.00,55.00,54.00,55.00,2000
07/22/2020,DYAN,50.00,50.00,50.00,50.00,16300
07/22/2020,EAST,59.00,60.00,58.00,58.00,833300
07/22/2020,EAST-W,7.00,7.00,6.00,7.00,1292000
07/22/2020,ECII,700.00,700.00,700.00,700.00,300
07/22/2020,EKAD,1375.00,1375.00,1290.00,1315.00,3442400
07/22/2020,ELSA,240.00,246.00,238.00,238.00,74342700
07/22/2020,ELTY,50.00,50.00,50.00,50.00,0
07/22/2020,EMDE,200.00,202.00,200.00,202.00,700
07/22/2020,EMTK,4790.00,4800.00,4750.00,4750.00,900
07/22/2020,ENRG,51.00,53.00,50.00,51.00,52741200
07/22/2020,ENVY,124.00,126.00,116.00,116.00,90834200
07/22/2020,EPAC,286.00,296.00,270.00,270.00,14450200
07/22/2020,EPMT,1875.00,1885.00,1875.00,1875.00,11100
07/22/2020,ERAA,1485.00,1570.00,1460.00,1515.00,50579900
07/22/2020,ERTX,126.00,126.00,113.00,113.00,11500
07/22/2020,ESIP,196.00,202.00,196.00,202.00,348800
07/22/2020,ESIP-W,11.00,12.00,10.00,12.00,3280500
07/22/2020,ESSA,155.00,173.00,155.00,168.00,9047600
07/22/2020,ESTA,99.00,101.00,98.00,99.00,58400
07/22/2020,ESTI,50.00,50.00,50.00,50.00,136200
07/22/2020,ETWA,67.00,75.00,67.00,74.00,62700
07/22/2020,EXCL,2900.00,2920.00,2790.00,2800.00,11019600
07/22/2020,FAST,920.00,940.00,920.00,925.00,19900
07/22/2020,FASW,7300.00,7300.00,7300.00,7300.00,0
07/22/2020,FILM,179.00,181.00,175.00,176.00,1737200
07/22/2020,FINN,50.00,50.00,50.00,50.00,0
07/22/2020,FIRE,104.00,106.00,104.00,106.00,1541200
07/22/2020,FISH,3000.00,3050.00,2940.00,2940.00,11400
07/22/2020,FITT,67.00,70.00,67.00,67.00,12900
07/22/2020,FITT-W,28.00,36.00,22.00,28.00,27500
07/22/2020,FMII,800.00,800.00,800.00,800.00,0
07/22/2020,FOOD,124.00,124.00,119.00,122.00,10605700
07/22/2020,FORU,84.00,101.00,84.00,101.00,288100
07/22/2020,FORZ,50.00,50.00,50.00,50.00,100
07/22/2020,FPNI,91.00,92.00,91.00,91.00,446000
07/22/2020,FREN,100.00,100.00,97.00,98.00,37770800
07/22/2020,FREN-W,25.00,26.00,25.00,25.00,1543100
07/22/2020,FUJI,103.00,107.00,103.00,106.00,10021000
07/22/2020,GAMA,50.00,50.00,50.00,50.00,2000
07/22/2020,GDST,59.00,60.00,58.00,58.00,81500
07/22/2020,GDYR,1400.00,1400.00,1375.00,1380.00,3700
07/22/2020,GEMA,372.00,372.00,372.00,372.00,0
07/22/2020,GEMS,2550.00,2550.00,2550.00,2550.00,0
07/22/2020,GGRM,49200.00,49950.00,49050.00,49725.00,684000
07/22/2020,GGRP,288.00,300.00,280.00,288.00,9000
07/22/2020,GHON,1910.00,1910.00,1495.00,1780.00,29100
07/22/2020,GIAA,260.00,262.00,256.00,256.00,21670100
07/22/2020,GJTL,402.00,406.00,400.00,400.00,597900
07/22/2020,GLOB,160.00,160.00,149.00,149.00,3200
07/22/2020,GLVA,322.00,324.00,316.00,324.00,3031400
07/22/2020,GMFI,86.00,87.00,84.00,85.00,5932500
07/22/2020,GMTD,17975.00,17975.00,17975.00,17975.00,0
07/22/2020,GOLD,190.00,190.00,179.00,180.00,503700
07/22/2020,GOLL,50.00,50.00,50.00,50.00,0
07/22/2020,GOOD,1295.00,1300.00,1290.00,1300.00,214500
07/22/2020,GPRA,52.00,54.00,50.00,52.00,18563600
07/22/2020,GREN,328.00,328.00,328.00,328.00,0
07/22/2020,GSMF,117.00,117.00,113.00,113.00,3400
07/22/2020,GTBO,75.00,75.00,75.00,75.00,0
07/22/2020,GWSA,102.00,103.00,100.00,100.00,100300
07/22/2020,GZCO,50.00,50.00,50.00,50.00,110500
07/22/2020,HADE,50.00,50.00,50.00,50.00,0
07/22/2020,HDFA,190.00,190.00,175.00,175.00,300
07/22/2020,HDIT,488.00,488.00,488.00,488.00,200
07/22/2020,HDTX,120.00,120.00,120.00,120.00,0
07/22/2020,HEAL,3050.00,3100.00,2990.00,3080.00,112800
07/22/2020,HELI,200.00,208.00,200.00,208.00,125300
07/22/2020,HELI-W,10.00,10.00,8.00,10.00,299200
07/22/2020,HERO,855.00,870.00,835.00,840.00,23000
07/22/2020,HEXA,3610.00,3610.00,3580.00,3590.00,60900
07/22/2020,HITS,498.00,498.00,498.00,498.00,5200
07/22/2020,HKMU,80.00,81.00,78.00,80.00,24241800
07/22/2020,HMSP,1815.00,1830.00,1765.00,1780.00,64495000
07/22/2020,HOKI,655.00,660.00,650.00,650.00,3773200
07/22/2020,HOKI-W,565.00,565.00,565.00,565.00,22500
07/22/2020,HOME,50.00,50.00,50.00,50.00,0
07/22/2020,HOTL,52.00,52.00,50.00,50.00,2053300
07/22/2020,HRME,63.00,67.00,63.00,64.00,132807200
07/22/2020,HRTA,236.00,240.00,232.00,238.00,245600
07/22/2020,HRUM,1195.00,1200.00,1185.00,1190.00,364800
07/22/2020,IATA,50.00,50.00,50.00,50.00,500
07/22/2020,IBFN,292.00,312.00,292.00,312.00,14200
07/22/2020,IBFN-W,9.00,9.00,6.00,7.00,155900
07/22/2020,IBST,8200.00,8200.00,8200.00,8200.00,0
07/22/2020,ICBP,9375.00,9425.00,9325.00,9375.00,5859000
07/22/2020,ICON,59.00,61.00,56.00,59.00,32800
07/22/2020,IDPR,192.00,212.00,187.00,206.00,1836800
07/22/2020,IFII,125.00,136.00,125.00,133.00,263600
07/22/2020,IFSH,448.00,448.00,448.00,448.00,0
07/22/2020,IGAR,262.00,270.00,262.00,270.00,1000
07/22/2020,IIKP,50.00,50.00,50.00,50.00,0
07/22/2020,IKAI,50.00,50.00,50.00,50.00,0
07/22/2020,IKAN,635.00,655.00,625.00,655.00,10681300
07/22/2020,IKBI,226.00,226.00,220.00,220.00,35500
07/22/2020,IMAS,700.00,740.00,695.00,715.00,10625500
07/22/2020,IMJS,284.00,294.00,270.00,280.00,11538400
07/22/2020,IMPC,1270.00,1280.00,1270.00,1275.00,846400
07/22/2020,INAF,1560.00,1880.00,1545.00,1880.00,17267800
07/22/2020,INAI,360.00,360.00,360.00,360.00,2700
07/22/2020,INCF,53.00,54.00,50.00,53.00,3690600
07/22/2020,INCI,590.00,610.00,580.00,605.00,341500
07/22/2020,INCO,3300.00,3370.00,3260.00,3290.00,33863800
07/22/2020,INDF,6725.00,6800.00,6650.00,6675.00,14452000
07/22/2020,INDO,147.00,151.00,144.00,147.00,483200
07/22/2020,INDO-W,44.00,45.00,40.00,43.00,337600
07/22/2020,INDR,2260.00,2260.00,2260.00,2260.00,10300
07/22/2020,INDS,2270.00,2330.00,2260.00,2300.00,74800
07/22/2020,INDX,52.00,52.00,52.00,52.00,12300
07/22/2020,INDY,965.00,995.00,950.00,950.00,26607500
07/22/2020,INKP,8150.00,8250.00,8000.00,8025.00,9232400
07/22/2020,INOV,270.00,270.00,234.00,254.00,5953900
07/22/2020,INPC,51.00,51.00,50.00,50.00,128200
07/22/2020,INPC-W,3.00,4.00,3.00,4.00,4091300
07/22/2020,INPP,665.00,700.00,665.00,700.00,2400
07/22/2020,INPS,1635.00,1635.00,1540.00,1610.00,16000
07/22/2020,INRU,835.00,835.00,835.00,835.00,0
07/22/2020,INTA,282.00,282.00,282.00,282.00,0
07/22/2020,INTD,140.00,140.00,140.00,140.00,0
07/22/2020,INTP,12350.00,12450.00,12175.00,12275.00,2935600
07/22/2020,IPCC,432.00,436.00,432.00,434.00,2049900
07/22/2020,IPCM,220.00,226.00,216.00,222.00,857900
07/22/2020,IPOL,72.00,74.00,70.00,73.00,122200
07/22/2020,IPTV,344.00,344.00,338.00,344.00,37328800
07/22/2020,IPTV-W,73.00,73.00,30.00,71.00,340400
07/22/2020,IRRA,630.00,645.00,610.00,610.00,5635900
07/22/2020,ISAT,2560.00,2580.00,2530.00,2550.00,2691500
07/22/2020,ISSP,128.00,129.00,125.00,126.00,2953700
07/22/2020,ITIC,800.00,805.00,750.00,750.00,448000
07/22/2020,ITMA,410.00,410.00,410.00,410.00,0
07/22/2020,ITMA-W,45.00,45.00,45.00,45.00,0
07/22/2020,ITMG,7900.00,7925.00,7725.00,7750.00,2790300
07/22/2020,JAST,83.00,89.00,83.00,84.00,20452900
07/22/2020,JAWA,69.00,69.00,66.00,68.00,12000
07/22/2020,JAYA,78.00,89.00,78.00,78.00,1591400
07/22/2020,JAYA-W,12.00,13.00,12.00,13.00,242900
07/22/2020,JECC,6800.00,6800.00,6800.00,6800.00,0
07/22/2020,JGLE,50.00,50.00,50.00,50.00,0
07/22/2020,JIHD,610.00,610.00,570.00,570.00,6100
07/22/2020,JKON,320.00,340.00,320.00,340.00,538600
07/22/2020,JKSW,60.00,60.00,60.00,60.00,0
07/22/2020,JMAS,230.00,230.00,212.00,220.00,21800
07/22/2020,JPFA,1140.00,1150.00,1120.00,1125.00,20937300
07/22/2020,JRPT,414.00,416.00,412.00,414.00,1512100
07/22/2020,JSKY,80.00,83.00,79.00,80.00,8104900
07/22/2020,JSMR,4330.00,4330.00,4220.00,4230.00,3951000
07/22/2020,JSPT,995.00,995.00,995.00,995.00,0
07/22/2020,JTPE,765.00,770.00,765.00,765.00,252700
07/22/2020,KAEF,1790.00,2140.00,1780.00,2140.00,72274600
07/22/2020,KARW,51.00,51.00,50.00,50.00,14300
07/22/2020,KAYU,53.00,54.00,52.00,53.00,1878200
07/22/2020,KBAG,366.00,388.00,342.00,388.00,22329500
07/22/2020,KBAG-W,72.00,90.00,72.00,89.00,123900
07/22/2020,KBLI,400.00,406.00,386.00,394.00,9421300
07/22/2020,KBLM,228.00,230.00,222.00,226.00,303200
07/22/2020,KBLV,312.00,312.00,312.00,312.00,200
07/22/2020,KBRI,50.00,50.00,50.00,50.00,0
07/22/2020,KDSI,805.00,805.00,765.00,770.00,37500
07/22/2020,KEEN,330.00,350.00,328.00,338.00,2037500
07/22/2020,KEJU,1050.00,1060.00,1050.00,1050.00,985500
07/22/2020,KIAS,50.00,50.00,50.00,50.00,2800
07/22/2020,KICI,254.00,270.00,252.00,256.00,20600
07/22/2020,KIJA,145.00,148.00,144.00,146.00,933600
07/22/2020,KINO,3400.00,3450.00,3350.00,3350.00,318300
07/22/2020,KIOS,210.00,210.00,202.00,202.00,700
07/22/2020,KIOS-W,16.00,16.00,16.00,16.00,0
07/22/2020,KJEN,1100.00,1100.00,1100.00,1100.00,0
07/22/2020,KKGI,220.00,220.00,191.00,206.00,1200
07/22/2020,KLBF,1535.00,1640.00,1520.00,1575.00,365930700
07/22/2020,KMTR,304.00,304.00,284.00,302.00,102500
07/22/2020,KOBX,91.00,93.00,91.00,91.00,216400
07/22/2020,KOIN,98.00,98.00,98.00,98.00,0
07/22/2020,KONI,478.00,478.00,478.00,478.00,0
07/22/2020,KOPI,510.00,510.00,498.00,510.00,22800
07/22/2020,KOTA,635.00,640.00,630.00,630.00,7939500
07/22/2020,KOTA-W,540.00,540.00,540.00,540.00,100
07/22/2020,KPAL,61.00,67.00,61.00,65.00,923200
07/22/2020,KPAS,54.00,54.00,52.00,53.00,1431000
07/22/2020,KPAS-W,11.00,11.00,10.00,10.00,105000
07/22/2020,KPIG,111.00,111.00,109.00,110.00,611900
07/22/2020,KRAH,498.00,498.00,474.00,474.00,800
07/22/2020,KRAS,370.00,374.00,364.00,364.00,28781100
07/22/2020,KREN,123.00,125.00,122.00,122.00,12220800
07/22/2020,LAND,210.00,216.00,206.00,208.00,203600
07/22/2020,LAPD,50.00,50.00,50.00,50.00,0
07/22/2020,LCGP,114.00,114.00,114.00,114.00,0
07/22/2020,LCKM,368.00,370.00,368.00,370.00,13500
07/22/2020,LEAD,50.00,50.00,50.00,50.00,20300
07/22/2020,LIFE,7000.00,7000.00,7000.00,7000.00,0
07/22/2020,LINK,2050.00,2080.00,2030.00,2030.00,1581600
07/22/2020,LION,324.00,398.00,324.00,398.00,108800
07/22/2020,LMAS,50.00,50.00,50.00,50.00,52300
07/22/2020,LMPI,81.00,84.00,81.00,84.00,300
07/22/2020,LMSH,260.00,260.00,260.00,260.00,100
07/22/2020,LPCK,835.00,835.00,810.00,820.00,688000
07/22/2020,LPGI,3760.00,3760.00,3700.00,3700.00,71100
07/22/2020,LPIN,224.00,236.00,224.00,230.00,36000
07/22/2020,LPKR,150.00,150.00,144.00,146.00,23014300
07/22/2020,LPLI,76.00,76.00,76.00,76.00,0
07/22/2020,LPPF,1515.00,1530.00,1445.00,1450.00,36272600
07/22/2020,LPPS,73.00,74.00,73.00,74.00,54300
07/22/2020,LRNA,140.00,140.00,135.00,138.00,12500
07/22/2020,LSIP,1010.00,1025.00,990.00,1000.00,47749900
07/22/2020,LTLS,434.00,436.00,432.00,434.00,41000
07/22/2020,LUCK,328.00,334.00,308.00,316.00,2052300
07/22/2020,MABA,50.00,50.00,50.00,50.00,0
07/22/2020,MAGP,50.00,50.00,50.00,50.00,100
07/22/2020,MAIN,620.00,630.00,615.00,615.00,7292000
07/22/2020,MAMI,50.00,50.00,50.00,50.00,8300
07/22/2020,MAMI-W,5.00,5.00,4.00,5.00,19400
07/22/2020,MAMIP,600.00,600.00,600.00,600.00,0
07/22/2020,MAPA,2320.00,2320.00,2260.00,2280.00,929900
07/22/2020,MAPB,1400.00,1400.00,1400.00,1400.00,700
07/22/2020,MAPI,695.00,710.00,685.00,700.00,50744000
07/22/2020,MARI,50.00,51.00,50.00,50.00,15529800
07/22/2020,MARK,790.00,790.00,775.00,775.00,3429300
07/22/2020,MASA,600.00,600.00,540.00,540.00,52100
07/22/2020,MAYA,6500.00,6500.00,6500.00,6500.00,0
07/22/2020,MBAP,1800.00,1800.00,1700.00,1750.00,90400
07/22/2020,MBSS,380.00,396.00,380.00,382.00,1445200
07/22/2020,MBTO,66.00,73.00,66.00,69.00,26600
07/22/2020,MCAS,1995.00,2030.00,1985.00,2000.00,2069400
07/22/2020,MCOR,149.00,150.00,138.00,138.00,7478000
07/22/2020,MDIA,50.00,50.00,50.00,50.00,0
07/22/2020,MDKA,1650.00,1700.00,1595.00,1630.00,107400400
07/22/2020,MDKI,165.00,165.00,155.00,157.00,128200
07/22/2020,MDLN,63.00,65.00,58.00,58.00,123967000
07/22/2020,MDRN,50.00,50.00,50.00,50.00,300
07/22/2020,MEDC,476.00,490.00,468.00,472.00,91692600
07/22/2020,MEDC-W,26.00,29.00,26.00,26.00,16342300
07/22/2020,MEGA,6550.00,6550.00,6550.00,6550.00,0
07/22/2020,MERK,3860.00,4040.00,3850.00,3940.00,698400
07/22/2020,META,112.00,114.00,111.00,112.00,882200
07/22/2020,MFIN,975.00,975.00,900.00,925.00,17100
07/22/2020,MFMI,515.00,520.00,500.00,520.00,8500
07/22/2020,MGNA,50.00,50.00,50.00,50.00,0
07/22/2020,MGRO,705.00,710.00,685.00,685.00,2709700
07/22/2020,MICE,298.00,300.00,298.00,300.00,5600
07/22/2020,MIDI,1450.00,1450.00,1450.00,1450.00,100
07/22/2020,MIKA,2330.00,2350.00,2270.00,2280.00,17047000
07/22/2020,MINA,50.00,50.00,50.00,50.00,0
07/22/2020,MIRA,50.00,50.00,50.00,50.00,0
07/22/2020,MITI,51.00,51.00,51.00,51.00,0
07/22/2020,MKNT,50.00,50.00,50.00,50.00,65700
07/22/2020,MKPI,14700.00,14700.00,14700.00,14700.00,1000
07/22/2020,MLBI,9875.00,9900.00,9850.00,9875.00,28500
07/22/2020,MLIA,580.00,580.00,555.00,555.00,10028500
07/22/2020,MLPL,55.00,55.00,52.00,52.00,2792500
07/22/2020,MLPT,590.00,635.00,580.00,610.00,676600
07/22/2020,MMLP,190.00,190.00,186.00,190.00,3028600
07/22/2020,MNCN,890.00,900.00,875.00,880.00,57226600
07/22/2020,MOLI,920.00,920.00,900.00,900.00,12300
07/22/2020,MPMX,492.00,494.00,490.00,492.00,981900
07/22/2020,MPOW,51.00,53.00,51.00,52.00,11400
07/22/2020,MPPA,118.00,119.00,113.00,114.00,1945200
07/22/2020,MPRO,745.00,745.00,745.00,745.00,200
07/22/2020,MRAT,147.00,178.00,145.00,167.00,3500200
07/22/2020,MREI,4700.00,4700.00,4700.00,4700.00,500
07/22/2020,MSIN,260.00,274.00,260.00,272.00,5745300
07/22/2020,MSKY,1000.00,1000.00,1000.00,1000.00,0
07/22/2020,MTDL,1435.00,1445.00,1410.00,1430.00,601200
07/22/2020,MTFN,50.00,50.00,50.00,50.00,0
07/22/2020,MTLA,386.00,390.00,386.00,390.00,700
07/22/2020,MTPS,135.00,135.00,135.00,135.00,700
07/22/2020,MTRA,244.00,244.00,244.00,244.00,0
07/22/2020,MTSM,228.00,228.00,220.00,220.00,400
07/22/2020,MTWI,53.00,53.00,50.00,51.00,79400
07/22/2020,MYOH,1080.00,1090.00,1055.00,1085.00,60000
07/22/2020,MYOR,2220.00,2230.00,2190.00,2220.00,1443600
07/22/2020,MYRX,50.00,50.00,50.00,50.00,0
07/22/2020,MYRXP,50.00,50.00,50.00,50.00,0
07/22/2020,MYTX,54.00,54.00,54.00,54.00,100
07/22/2020,NASA,110.00,117.00,106.00,113.00,15600
07/22/2020,NASA-W,104.00,104.00,104.00,104.00,0
07/22/2020,NATO,276.00,288.00,276.00,286.00,481400
07/22/2020,NATO-W,150.00,150.00,150.00,150.00,0
07/22/2020,NELY,123.00,125.00,123.00,123.00,800
07/22/2020,NFCX,1835.00,1875.00,1825.00,1850.00,1133400
07/22/2020,NICK,348.00,348.00,348.00,348.00,0
07/22/2020,NIKL,635.00,780.00,625.00,780.00,117826200
07/22/2020,NIPS,282.00,282.00,282.00,282.00,0
07/22/2020,NIRO,134.00,140.00,134.00,140.00,20100
07/22/2020,NISP,720.00,730.00,710.00,715.00,380400
07/22/2020,NOBU,780.00,780.00,745.00,750.00,3600
07/22/2020,NRCA,336.00,348.00,324.00,330.00,163100
07/22/2020,NUSA,50.00,50.00,50.00,50.00,1200
07/22/2020,NZIA,177.00,181.00,176.00,176.00,2700
07/22/2020,NZIA-W,5.00,7.00,5.00,6.00,548400
07/22/2020,OASA,390.00,390.00,350.00,350.00,2003100
07/22/2020,OCAP,174.00,174.00,174.00,174.00,1000
07/22/2020,OKAS,75.00,85.00,75.00,81.00,7054400
07/22/2020,OMRE,316.00,316.00,316.00,316.00,0
07/22/2020,OPMS,127.00,128.00,126.00,126.00,645800
07/22/2020,PADI,50.00,50.00,50.00,50.00,100
07/22/2020,PALM,200.00,200.00,183.00,187.00,838500
07/22/2020,PAMG,89.00,89.00,81.00,82.00,4067800
07/22/2020,PANI,59.00,62.00,59.00,60.00,46900
07/22/2020,PANR,88.00,90.00,86.00,88.00,2139700
07/22/2020,PANS,860.00,865.00,850.00,855.00,354100
07/22/2020,PBID,875.00,890.00,860.00,880.00,280100
07/22/2020,PBRX,260.00,260.00,246.00,246.00,39800
07/22/2020,PBSA,690.00,690.00,690.00,690.00,100
07/22/2020,PCAR,210.00,218.00,210.00,218.00,8000
07/22/2020,PDES,470.00,470.00,470.00,470.00,0
07/22/2020,PEGE,136.00,136.00,119.00,122.00,21500
07/22/2020,PEHA,1235.00,1525.00,1235.00,1525.00,5795100
07/22/2020,PGAS,1165.00,1230.00,1160.00,1220.00,414497900
07/22/2020,PGJO,84.00,84.00,72.00,75.00,561900
07/22/2020,PGLI,224.00,238.00,212.00,212.00,25500
07/22/2020,PGUN,322.00,392.00,322.00,366.00,2777400
07/22/2020,PICO,198.00,204.00,195.00,197.00,441000
07/22/2020,PJAA,550.00,555.00,545.00,550.00,49900
07/22/2020,PKPK,51.00,51.00,50.00,50.00,1605400
07/22/2020,PLAS,50.00,50.00,50.00,50.00,0
07/22/2020,PLIN,2390.00,2390.00,2390.00,2390.00,2400
07/22/2020,PMJS,130.00,130.00,126.00,126.00,3100
07/22/2020,PNBN,830.00,850.00,820.00,830.00,18211300
07/22/2020,PNBS,50.00,50.00,50.00,50.00,155000
07/22/2020,PNIN,725.00,730.00,720.00,725.00,58200
07/22/2020,PNLF,182.00,185.00,181.00,181.00,11532200
07/22/2020,PNSE,915.00,915.00,915.00,915.00,0
07/22/2020,POLA,54.00,54.00,50.00,52.00,34900
07/22/2020,POLA-W,27.00,27.00,27.00,27.00,5000
07/22/2020,POLI,1165.00,1180.00,1165.00,1170.00,3000
07/22/2020,POLL,4400.00,4500.00,4300.00,4400.00,45500
07/22/2020,POLU,780.00,780.00,780.00,780.00,100
07/22/2020,POLY,50.00,50.00,50.00,50.00,22300
07/22/2020,POOL,50.00,50.00,50.00,50.00,0
07/22/2020,PORT,494.00,494.00,492.00,492.00,200
07/22/2020,POSA,50.00,50.00,50.00,50.00,1400
07/22/2020,POSA-W,2.00,3.00,2.00,3.00,13804800
07/22/2020,POWR,600.00,600.00,590.00,600.00,17398200
07/22/2020,PPGL,146.00,146.00,146.00,146.00,96300
07/22/2020,PPGL-W,21.00,31.00,8.00,9.00,419155100
07/22/2020,PPRE,195.00,196.00,192.00,195.00,13659100
07/22/2020,PPRO,50.00,50.00,50.00,50.00,4259300
07/22/2020,PRAS,147.00,147.00,128.00,128.00,14300
07/22/2020,PRDA,3080.00,3080.00,3060.00,3060.00,17000
07/22/2020,PRIM,310.00,310.00,292.00,294.00,30800
07/22/2020,PRIM-W,7.00,7.00,6.00,7.00,593000
07/22/2020,PSAB,183.00,246.00,183.00,228.00,603317000
07/22/2020,PSDN,100.00,100.00,100.00,100.00,0
07/22/2020,PSGO,105.00,110.00,105.00,108.00,174700
07/22/2020,PSKT,50.00,50.00,50.00,50.00,20100
07/22/2020,PSSI,166.00,166.00,165.00,166.00,261000
07/22/2020,PTBA,2130.00,2140.00,2080.00,2080.00,31878600
07/22/2020,PTIS,163.00,163.00,163.00,163.00,100
07/22/2020,PTPP,1005.00,1005.00,980.00,985.00,19653800
07/22/2020,PTPW,1550.00,1570.00,1475.00,1530.00,2401300
07/22/2020,PTRO,1805.00,1810.00,1765.00,1800.00,1259500
07/22/2020,PTSN,200.00,212.00,198.00,204.00,6545400
07/22/2020,PTSP,4000.00,4100.00,4000.00,4100.00,2800
07/22/2020,PUDP,230.00,230.00,226.00,226.00,3700
07/22/2020,PURA,123.00,129.00,122.00,126.00,94909400
07/22/2020,PURA-W,12.00,13.00,11.00,12.00,50764700
07/22/2020,PURE,112.00,119.00,112.00,119.00,7200100
07/22/2020,PURE-W,11.00,12.00,11.00,12.00,2103700
07/22/2020,PWON,428.00,430.00,420.00,420.00,87189300
07/22/2020,PYFA,830.00,1030.00,830.00,1015.00,25374700
07/22/2020,PZZA,660.00,670.00,650.00,655.00,842700
07/22/2020,R-ABFII,28600.00,28600.00,28600.00,28600.00,0
07/22/2020,R-LQ45X,860.00,860.00,854.00,854.00,28200
07/22/2020,RAJA,115.00,123.00,113.00,121.00,60503600
07/22/2020,RALS,580.00,605.00,575.00,575.00,47603300
07/22/2020,RANC,414.00,414.00,402.00,408.00,6400
07/22/2020,RBMS,50.00,50.00,50.00,50.00,200
07/22/2020,RDTX,5100.00,5100.00,5100.00,5100.00,0
07/22/2020,REAL,51.00,51.00,50.00,50.00,33005000
07/22/2020,REAL-W,4.00,5.00,4.00,5.00,6647900
07/22/2020,RELI,290.00,290.00,290.00,290.00,100
07/22/2020,RICY,93.00,94.00,92.00,94.00,44500
07/22/2020,RIGS,214.00,222.00,214.00,222.00,3300
07/22/2020,RIMO,50.00,50.00,50.00,50.00,0
07/22/2020,RISE,424.00,430.00,424.00,426.00,398000
07/22/2020,RMBA,238.00,238.00,230.00,230.00,5800
07/22/2020,RODA,50.00,51.00,50.00,50.00,100500
07/22/2020,RONY,148.00,160.00,147.00,158.00,53200
07/22/2020,ROTI,1225.00,1230.00,1220.00,1225.00,209100
07/22/2020,RUIS,168.00,168.00,168.00,168.00,0
07/22/2020,SAFE,187.00,187.00,180.00,180.00,276100
07/22/2020,SAME,65.00,68.00,64.00,64.00,24793200
07/22/2020,SAMF,386.00,386.00,360.00,360.00,53400
07/22/2020,SAPX,2250.00,2250.00,2250.00,2250.00,0
07/22/2020,SATU,50.00,50.00,50.00,50.00,0
07/22/2020,SBAT,131.00,134.00,127.00,129.00,4316000
07/22/2020,SBAT-W,9.00,10.00,8.00,8.00,17700400
07/22/2020,SCCO,9800.00,9800.00,9750.00,9750.00,3600
07/22/2020,SCMA,1235.00,1245.00,1210.00,1225.00,19801300
07/22/2020,SCPI,29000.00,29000.00,29000.00,29000.00,0
07/22/2020,SDMU,50.00,50.00,50.00,50.00,500
07/22/2020,SDPC,145.00,168.00,145.00,157.00,5068100
07/22/2020,SDRA,735.00,775.00,735.00,770.00,16100
07/22/2020,SFAN,980.00,985.00,905.00,985.00,2107000
07/22/2020,SGRO,1900.00,1900.00,1895.00,1900.00,202000
07/22/2020,SHID,3650.00,3650.00,3650.00,3650.00,0
07/22/2020,SHIP,595.00,605.00,595.00,600.00,722200
07/22/2020,SIDO,1270.00,1270.00,1240.00,1245.00,8680900
07/22/2020,SILO,4950.00,5050.00,4950.00,5025.00,55400
07/22/2020,SIMA,50.00,50.00,50.00,50.00,0
07/22/2020,SIMP,316.00,326.00,314.00,316.00,20425700
07/22/2020,SINI,690.00,690.00,640.00,645.00,14900
07/22/2020,SINI-W,378.00,382.00,240.00,380.00,61900
07/22/2020,SIPD,975.00,980.00,970.00,980.00,11900
07/22/2020,SKBM,246.00,246.00,246.00,246.00,0
07/22/2020,SKLT,1610.00,1610.00,1610.00,1610.00,100
07/22/2020,SKRN,640.00,650.00,630.00,630.00,158200
07/22/2020,SKYB,51.00,51.00,51.00,51.00,0
07/22/2020,SLIS,5050.00,5225.00,5050.00,5050.00,298400
07/22/2020,SMAR,3240.00,3240.00,3200.00,3200.00,4000
07/22/2020,SMBR,406.00,426.00,392.00,410.00,87739000
07/22/2020,SMCB,1045.00,1055.00,1040.00,1040.00,75800
07/22/2020,SMDM,99.00,100.00,93.00,100.00,1400
07/22/2020,SMDR,230.00,236.00,230.00,234.00,1450400
07/22/2020,SMGR,9625.00,9675.00,9475.00,9600.00,3583200
07/22/2020,SMKL,182.00,184.00,177.00,177.00,50200
07/22/2020,SMKL-W,18.00,20.00,18.00,20.00,2200
07/22/2020,SMMA,16250.00,16250.00,16250.00,16250.00,0
07/22/2020,SMMT,83.00,89.00,80.00,85.00,769800
07/22/2020,SMRA,605.00,610.00,585.00,590.00,37891700
07/22/2020,SMRU,50.00,50.00,50.00,50.00,0
07/22/2020,SMSM,1185.00,1220.00,1160.00,1165.00,6113400
07/22/2020,SOCI,126.00,132.00,126.00,129.00,19748800
07/22/2020,SOFA,85.00,86.00,83.00,84.00,1036000
07/22/2020,SOFA-W,6.00,6.00,5.00,5.00,20562700
07/22/2020,SONA,6000.00,6000.00,6000.00,6000.00,0
07/22/2020,SOSS,432.00,432.00,384.00,384.00,17400
07/22/2020,SOSS-W,57.00,57.00,50.00,50.00,6200
07/22/2020,SOTS,222.00,222.00,202.00,202.00,2000
07/22/2020,SOTS-W,68.00,68.00,30.00,30.00,1700
07/22/2020,SPMA,258.00,258.00,246.00,254.00,243100
07/22/2020,SPTO,490.00,494.00,486.00,490.00,437000
07/22/2020,SQMI,181.00,238.00,181.00,200.00,298100800
07/22/2020,SRAJ,130.00,131.00,127.00,129.00,2800
07/22/2020,SRIL,200.00,204.00,199.00,199.00,16019600
07/22/2020,SRSN,60.00,60.00,58.00,59.00,2880000
07/22/2020,SRTG,2730.00,2770.00,2730.00,2730.00,32000
07/22/2020,SSIA,376.00,386.00,370.00,376.00,26433700
07/22/2020,SSMS,850.00,850.00,830.00,850.00,252200
07/22/2020,SSTM,655.00,655.00,655.00,655.00,100
07/22/2020,STAR,140.00,140.00,130.00,130.00,400
07/22/2020,STTP,8500.00,8500.00,8500.00,8500.00,100
07/22/2020,SUGI,50.00,50.00,50.00,50.00,0
07/22/2020,SULI,50.00,50.00,50.00,50.00,100
07/22/2020,SUPR,4650.00,4650.00,4650.00,4650.00,0
07/22/2020,SURE,2950.00,2950.00,2950.00,2950.00,0
07/22/2020,SWAT,96.00,98.00,94.00,96.00,1427200
07/22/2020,TALF,278.00,278.00,240.00,240.00,17000
07/22/2020,TAMA,159.00,200.00,150.00,162.00,134400
07/22/2020,TAMA-W,7.00,7.00,6.00,7.00,4424900
07/22/2020,TAMU,54.00,54.00,52.00,54.00,2771800
07/22/2020,TARA,114.00,114.00,114.00,114.00,9600
07/22/2020,TAXI,50.00,50.00,50.00,50.00,2100
07/22/2020,TBIG,1195.00,1245.00,1185.00,1225.00,65340900
07/22/2020,TBLA,725.00,725.00,705.00,705.00,7589900
07/22/2020,TBMS,640.00,645.00,600.00,600.00,107500
07/22/2020,TCID,7125.00,7125.00,6925.00,6975.00,3200
07/22/2020,TCPI,4060.00,4090.00,3900.00,3990.00,12944900
07/22/2020,TDPM,94.00,94.00,91.00,92.00,4372200
07/22/2020,TEBE,1405.00,1405.00,1405.00,1405.00,888300
07/22/2020,TECH,124.00,136.00,124.00,132.00,1193100
07/22/2020,TELE,121.00,121.00,121.00,121.00,0
07/22/2020,TFAS,160.00,167.00,160.00,161.00,2600
07/22/2020,TFCO,320.00,320.00,320.00,320.00,0
07/22/2020,TGKA,6400.00,6400.00,6400.00,6400.00,0
07/22/2020,TGRA,67.00,69.00,67.00,69.00,1167000
07/22/2020,TIFA,354.00,416.00,354.00,416.00,1106200
07/22/2020,TINS,660.00,710.00,660.00,695.00,132086700
07/22/2020,TIRA,260.00,276.00,260.00,276.00,500
07/22/2020,TIRT,51.00,51.00,50.00,51.00,85800
07/22/2020,TKIM,7200.00,7250.00,7025.00,7050.00,11321000
07/22/2020,TLKM,3070.00,3090.00,3060.00,3070.00,69462100
07/22/2020,TMAS,104.00,106.00,102.00,105.00,451900
07/22/2020,TMPO,147.00,147.00,137.00,145.00,1500
07/22/2020,TNCA,182.00,182.00,182.00,182.00,100
07/22/2020,TOBA,348.00,348.00,336.00,348.00,32500
07/22/2020,TOPS,50.00,50.00,50.00,50.00,137300
07/22/2020,TOTL,326.00,330.00,320.00,324.00,7689100
07/22/2020,TOTO,222.00,224.00,220.00,222.00,171700
07/22/2020,TOWR,1075.00,1085.00,1060.00,1080.00,127706600
07/22/2020,TPIA,7175.00,7250.00,7150.00,7200.00,2779000
07/22/2020,TPMA,324.00,324.00,324.00,324.00,1500
07/22/2020,TRAM,50.00,50.00,50.00,50.00,0
07/22/2020,TRAM-W,11.00,11.00,11.00,11.00,0
07/22/2020,TRIL,50.00,50.00,50.00,50.00,0
07/22/2020,TRIM,117.00,120.00,117.00,117.00,11200
07/22/2020,TRIN,282.00,286.00,270.00,274.00,22315400
07/22/2020,TRIN-W,16.00,16.00,13.00,14.00,25786100
07/22/2020,TRIO,426.00,426.00,426.00,426.00,0
07/22/2020,TRIS,194.00,218.00,194.00,218.00,500
07/22/2020,TRIS-W,6.00,6.00,6.00,6.00,0
07/22/2020,TRST,398.00,398.00,398.00,398.00,0
07/22/2020,TRUK,119.00,120.00,118.00,120.00,95300
07/22/2020,TRUS,334.00,334.00,334.00,334.00,100
07/22/2020,TSPC,1395.00,1410.00,1395.00,1395.00,853800
07/22/2020,TUGU,2600.00,2690.00,2600.00,2690.00,2700
07/22/2020,TURI,1370.00,1370.00,1370.00,1370.00,261000
07/22/2020,UANG,480.00,480.00,456.00,456.00,174700
07/22/2020,UCID,1505.00,1540.00,1500.00,1500.00,4909000
07/22/2020,ULTJ,1625.00,1655.00,1600.00,1615.00,853200
07/22/2020,UNIC,3750.00,3850.00,3750.00,3750.00,1500
07/22/2020,UNIT,141.00,150.00,141.00,150.00,1200
07/22/2020,UNSP,62.00,65.00,61.00,64.00,1432600
07/22/2020,UNTR,19500.00,20500.00,19500.00,20000.00,8892600
07/22/2020,UNVR,8100.00,8200.00,8000.00,8000.00,10728700
07/22/2020,URBN,1485.00,1490.00,1480.00,1480.00,158500
07/22/2020,URBN-W,24.00,24.00,24.00,24.00,0
07/22/2020,VICO,78.00,78.00,74.00,76.00,13700
07/22/2020,VINS,99.00,102.00,98.00,98.00,120300
07/22/2020,VINS-W,3.00,3.00,2.00,3.00,2150000
07/22/2020,VIVA,50.00,50.00,50.00,50.00,200
07/22/2020,VOKS,206.00,208.00,200.00,200.00,162900
07/22/2020,VRNA,101.00,120.00,100.00,120.00,8300
07/22/2020,WAPO,68.00,68.00,68.00,68.00,300
07/22/2020,WEGE,202.00,202.00,198.00,198.00,11361300
07/22/2020,WEHA,82.00,83.00,77.00,77.00,734900
07/22/2020,WICO,580.00,580.00,580.00,580.00,0
07/22/2020,WIIM,232.00,234.00,222.00,226.00,11597900
07/22/2020,WIKA,1220.00,1230.00,1210.00,1210.00,14176700
07/22/2020,WINS,93.00,93.00,93.00,93.00,30100
07/22/2020,WOMF,202.00,206.00,202.00,204.00,279400
07/22/2020,WOOD,424.00,426.00,400.00,410.00,46271100
07/22/2020,WOWS,108.00,109.00,101.00,103.00,21523900
07/22/2020,WSBP,204.00,206.00,200.00,202.00,26345800
07/22/2020,WSKT,720.00,730.00,710.00,710.00,27711400
07/22/2020,WTON,292.00,296.00,290.00,290.00,8259200
07/22/2020,XAFA,1019.00,1019.00,1019.00,1019.00,100
07/22/2020,XAQA,789.00,789.00,789.00,789.00,0
07/22/2020,XASG,80.00,80.00,80.00,80.00,0
07/22/2020,XBES,825.00,825.00,825.00,825.00,100
07/22/2020,XBID,453.00,453.00,453.00,453.00,0
07/22/2020,XBIN,435.00,435.00,435.00,435.00,0
07/22/2020,XBLQ,376.00,376.00,376.00,376.00,0
07/22/2020,XBNI,921.00,921.00,921.00,921.00,100
07/22/2020,XBSK,335.00,335.00,335.00,335.00,17000
07/22/2020,XCID,80.00,85.00,80.00,85.00,13800
07/22/2020,XCIS,105.00,105.00,105.00,105.00,0
07/22/2020,XCLQ,81.00,81.00,81.00,81.00,0
07/22/2020,XDIF,386.00,386.00,386.00,386.00,0
07/22/2020,XIHD,407.00,409.00,406.00,406.00,14100
07/22/2020,XIIC,912.00,912.00,912.00,912.00,0
07/22/2020,XIID,435.00,435.00,435.00,435.00,0
07/22/2020,XIIF,471.00,471.00,468.00,468.00,2700
07/22/2020,XIIT,466.00,466.00,458.00,463.00,19800
07/22/2020,XIJI,565.00,565.00,565.00,565.00,100
07/22/2020,XILV,101.00,101.00,101.00,101.00,10000
07/22/2020,XIML,230.00,230.00,230.00,230.00,200
07/22/2020,XIPI,141.00,141.00,140.00,141.00,35800
07/22/2020,XISB,398.00,398.00,398.00,398.00,0
07/22/2020,XISC,530.00,530.00,530.00,530.00,0
07/22/2020,XISI,268.00,268.00,268.00,268.00,0
07/22/2020,XISR,336.00,336.00,333.00,333.00,6500
07/22/2020,XKIV,368.00,368.00,368.00,368.00,0
07/22/2020,XMIG,143.00,143.00,143.00,143.00,0
07/22/2020,XMJM,1001.00,1001.00,1001.00,1001.00,0
07/22/2020,XMTS,406.00,406.00,406.00,406.00,0
07/22/2020,XNVE,116.00,116.00,116.00,116.00,1100
07/22/2020,XPCR,770.00,770.00,770.00,770.00,0
07/22/2020,XPDV,383.00,383.00,383.00,383.00,0
07/22/2020,XPES,359.00,359.00,359.00,359.00,0
07/22/2020,XPFT,520.00,520.00,520.00,520.00,0
07/22/2020,XPID,425.00,425.00,425.00,425.00,0
07/22/2020,XPLC,384.00,384.00,384.00,384.00,0
07/22/2020,XPLQ,391.00,391.00,391.00,391.00,0
07/22/2020,XPMI,796.00,796.00,796.00,796.00,0
07/22/2020,XPSG,343.00,343.00,343.00,343.00,0
07/22/2020,XPTD,416.00,416.00,416.00,416.00,0
07/22/2020,XSBC,92.00,92.00,92.00,92.00,0
07/22/2020,XSMU,109.00,109.00,109.00,109.00,0
07/22/2020,XSPI,750.00,750.00,750.00,750.00,0
07/22/2020,XSRI,154.00,154.00,154.00,154.00,0
07/22/2020,XSSI,115.00,115.00,115.00,115.00,0
07/22/2020,XSSK,576.00,576.00,576.00,576.00,0
07/22/2020,YELO,50.00,50.00,50.00,50.00,20100
07/22/2020,YELO-W,6.00,7.00,6.00,6.00,222100
07/22/2020,YPAS,478.00,478.00,478.00,478.00,0
07/22/2020,YULE,194.00,194.00,194.00,194.00,1200
07/22/2020,ZBRA,50.00,50.00,50.00,50.00,0
07/22/2020,ZINC,139.00,142.00,136.00,138.00,129093400
07/22/2020,ZONE,416.00,416.00,412.00,416.00,78500
