<date>,<ticker>,<open>,<high>,<low>,<close>,<volume>
07/24/2020,AALI,9450.00,9550.00,9200.00,9375.00,2017000
07/24/2020,ABBA,50.00,50.00,50.00,50.00,1060400
07/24/2020,ABDA,6750.00,6750.00,6750.00,6750.00,0
07/24/2020,ABMM,1145.00,1145.00,1120.00,1120.00,21800
07/24/2020,ACES,1660.00,1660.00,1625.00,1640.00,10768800
07/24/2020,ACST,278.00,308.00,278.00,288.00,6924000
07/24/2020,ADES,920.00,920.00,870.00,900.00,165500
07/24/2020,ADHI,640.00,645.00,630.00,640.00,25235700
07/24/2020,ADMF,7825.00,7850.00,7725.00,7800.00,219400
07/24/2020,ADMG,102.00,134.00,100.00,117.00,32979500
07/24/2020,ADRO,1130.00,1135.00,1085.00,1090.00,57475100
07/24/2020,AGAR,500.00,500.00,484.00,492.00,700
07/24/2020,AGII,560.00,560.00,555.00,555.00,143200
07/24/2020,AGRO,230.00,232.00,216.00,220.00,38167300
07/24/2020,AGRS,101.00,106.00,101.00,105.00,983100
07/24/2020,AHAP,50.00,51.00,50.00,50.00,20500
07/24/2020,AIMS,180.00,180.00,180.00,180.00,0
07/24/2020,AISA,168.00,168.00,168.00,168.00,0
07/24/2020,AKKU,50.00,50.00,50.00,50.00,0
07/24/2020,AKPI,340.00,340.00,340.00,340.00,600
07/24/2020,AKRA,2730.00,2730.00,2610.00,2640.00,14638900
07/24/2020,AKSI,190.00,190.00,186.00,186.00,118300
07/24/2020,ALDO,380.00,400.00,380.00,400.00,1700
07/24/2020,ALKA,418.00,418.00,414.00,414.00,500
07/24/2020,ALMI,206.00,208.00,206.00,208.00,5500
07/24/2020,ALTO,344.00,344.00,326.00,326.00,2100
07/24/2020,AMAG,304.00,308.00,288.00,296.00,4088900
07/24/2020,AMAN,195.00,196.00,195.00,196.00,221600
07/24/2020,AMAR,360.00,360.00,340.00,342.00,161000
07/24/2020,AMFG,2860.00,2860.00,2860.00,2860.00,25900
07/24/2020,AMIN,256.00,256.00,256.00,256.00,100
07/24/2020,AMOR,2050.00,2050.00,2050.00,2050.00,3300
07/24/2020,AMRT,750.00,755.00,745.00,745.00,540500
07/24/2020,ANDI,50.00,50.00,50.00,50.00,54200
07/24/2020,ANJT,600.00,620.00,600.00,620.00,250800
07/24/2020,ANTM,705.00,705.00,685.00,685.00,134255200
07/24/2020,APEX,160.00,172.00,160.00,165.00,14200
07/24/2020,APIC,855.00,855.00,820.00,840.00,11380600
07/24/2020,APII,234.00,234.00,220.00,226.00,36300
07/24/2020,APLI,119.00,121.00,117.00,118.00,5500
07/24/2020,APLN,115.00,120.00,115.00,116.00,50966800
07/24/2020,ARGO,1200.00,1200.00,1200.00,1200.00,0
07/24/2020,ARII,550.00,550.00,468.00,500.00,9900
07/24/2020,ARKA,288.00,288.00,288.00,288.00,0
07/24/2020,ARMY,50.00,50.00,50.00,50.00,0
07/24/2020,ARNA,440.00,440.00,432.00,434.00,171400
07/24/2020,ARTA,326.00,326.00,326.00,326.00,5400
07/24/2020,ARTI,50.00,50.00,50.00,50.00,0
07/24/2020,ARTO,2790.00,2800.00,2770.00,2780.00,81800
07/24/2020,ASBI,300.00,300.00,282.00,300.00,5500
07/24/2020,ASDM,910.00,910.00,910.00,910.00,0
07/24/2020,ASGR,665.00,670.00,655.00,660.00,322200
07/24/2020,ASII,5175.00,5175.00,5000.00,5050.00,32338100
07/24/2020,ASJT,126.00,126.00,120.00,125.00,11400
07/24/2020,ASMI,1160.00,1160.00,1150.00,1155.00,42900
07/24/2020,ASPI,238.00,248.00,238.00,238.00,11533200
07/24/2020,ASPI-W,28.00,32.00,27.00,32.00,11146500
07/24/2020,ASRI,131.00,131.00,127.00,128.00,70528200
07/24/2020,ASRM,1990.00,2000.00,1990.00,1990.00,4500
07/24/2020,ASSA,530.00,540.00,490.00,520.00,16539300
07/24/2020,ATIC,650.00,650.00,650.00,650.00,0
07/24/2020,AUTO,955.00,955.00,935.00,940.00,839300
07/24/2020,AYLS,50.00,50.00,50.00,50.00,300
07/24/2020,AYLS-W,4.00,4.00,4.00,4.00,428100
07/24/2020,BABP,50.00,50.00,50.00,50.00,500
07/24/2020,BABP-W3,22.00,22.00,22.00,22.00,0
07/24/2020,BABP-W4,8.00,8.00,7.00,7.00,350300
07/24/2020,BACA,314.00,314.00,294.00,294.00,98700
07/24/2020,BACA-W2,100.00,100.00,100.00,100.00,0
07/24/2020,BAJA,56.00,58.00,56.00,56.00,467500
07/24/2020,BALI,810.00,850.00,810.00,850.00,1100
07/24/2020,BAPA,50.00,50.00,50.00,50.00,2200
07/24/2020,BAPI,50.00,50.00,50.00,50.00,2200
07/24/2020,BAPI-W,3.00,3.00,2.00,3.00,3599400
07/24/2020,BATA,550.00,565.00,550.00,565.00,200
07/24/2020,BAYU,1145.00,1145.00,1145.00,1145.00,0
07/24/2020,BBCA,31000.00,31000.00,30500.00,30500.00,11673300
07/24/2020,BBHI,125.00,146.00,125.00,136.00,291400
07/24/2020,BBKP,179.00,181.00,179.00,180.00,25256700
07/24/2020,BBLD,382.00,382.00,382.00,382.00,5000
07/24/2020,BBMD,1350.00,1350.00,1350.00,1350.00,100
07/24/2020,BBNI,4710.00,4710.00,4590.00,4610.00,54602800
07/24/2020,BBRI,3130.00,3140.00,3090.00,3090.00,94805600
07/24/2020,BBRM,50.00,50.00,50.00,50.00,0
07/24/2020,BBSS,135.00,137.00,134.00,136.00,9710700
07/24/2020,BBSS-W,5.00,6.00,4.00,5.00,60504400
07/24/2020,BBTN,1295.00,1295.00,1265.00,1275.00,42495200
07/24/2020,BBYB,302.00,306.00,296.00,300.00,247500
07/24/2020,BCAP,156.00,157.00,154.00,156.00,7686700
07/24/2020,BCIC,450.00,450.00,450.00,450.00,0
07/24/2020,BCIP,50.00,50.00,50.00,50.00,30900
07/24/2020,BDMN,2780.00,2840.00,2770.00,2800.00,772300
07/24/2020,BEEF,212.00,216.00,204.00,206.00,7444900
07/24/2020,BEEF-W,12.00,14.00,12.00,13.00,837800
07/24/2020,BEKS,50.00,50.00,50.00,50.00,252900
07/24/2020,BELL,720.00,750.00,720.00,745.00,1051600
07/24/2020,BESS,230.00,242.00,230.00,232.00,438200
07/24/2020,BESS-W,39.00,39.00,39.00,39.00,97000
07/24/2020,BEST,125.00,129.00,124.00,125.00,50365000
07/24/2020,BFIN,268.00,274.00,268.00,270.00,5295000
07/24/2020,BGTG,51.00,52.00,50.00,51.00,3624500
07/24/2020,BHAT,438.00,442.00,434.00,440.00,133257300
07/24/2020,BHIT,50.00,50.00,50.00,50.00,11400
07/24/2020,BIKA,183.00,183.00,174.00,182.00,1200
07/24/2020,BIMA,50.00,50.00,50.00,50.00,200
07/24/2020,BINA,845.00,845.00,835.00,840.00,56800
07/24/2020,BIPI,50.00,50.00,50.00,50.00,25600
07/24/2020,BIPI-W,8.00,8.00,8.00,8.00,200
07/24/2020,BIPP,62.00,65.00,59.00,59.00,145200
07/24/2020,BIRD,1155.00,1155.00,1060.00,1095.00,4305300
07/24/2020,BISI,820.00,825.00,815.00,825.00,45900
07/24/2020,BJBR,910.00,915.00,895.00,900.00,15144800
07/24/2020,BJTM,535.00,535.00,530.00,530.00,6470800
07/24/2020,BKDP,51.00,57.00,50.00,50.00,176300
07/24/2020,BKSL,50.00,50.00,50.00,50.00,26549500
07/24/2020,BKSW,82.00,82.00,74.00,74.00,24300
07/24/2020,BLTA,50.00,50.00,50.00,50.00,200
07/24/2020,BLTZ,3600.00,3600.00,3600.00,3600.00,0
07/24/2020,BLUE,515.00,515.00,505.00,505.00,94700
07/24/2020,BMAS,258.00,280.00,258.00,270.00,9000
07/24/2020,BMRI,5700.00,5700.00,5550.00,5600.00,33301700
07/24/2020,BMSR,58.00,59.00,53.00,58.00,39300
07/24/2020,BMTR,216.00,216.00,204.00,206.00,41366000
07/24/2020,BNBA,300.00,304.00,300.00,304.00,243100
07/24/2020,BNBR,50.00,50.00,50.00,50.00,26200
07/24/2020,BNGA,800.00,820.00,775.00,780.00,8538300
07/24/2020,BNII,166.00,180.00,164.00,180.00,6635700
07/24/2020,BNLI,1275.00,1275.00,1270.00,1270.00,7129000
07/24/2020,BOGA,1370.00,1370.00,1340.00,1355.00,66549900
07/24/2020,BOLA,164.00,164.00,163.00,163.00,2800
07/24/2020,BOLT,865.00,865.00,865.00,865.00,100
07/24/2020,BOSS,79.00,84.00,79.00,82.00,9319200
07/24/2020,BPFI,1185.00,1185.00,1185.00,1185.00,0
07/24/2020,BPII,10000.00,10000.00,10000.00,10000.00,0
07/24/2020,BPTR,77.00,79.00,72.00,75.00,55200
07/24/2020,BRAM,5325.00,5325.00,5325.00,5325.00,0
07/24/2020,BRIS,490.00,496.00,482.00,484.00,64059500
07/24/2020,BRMS,50.00,50.00,50.00,50.00,382200
07/24/2020,BRNA,940.00,940.00,930.00,930.00,11900
07/24/2020,BRPT,1190.00,1190.00,1165.00,1175.00,27929400
07/24/2020,BRPT-W,800.00,875.00,700.00,800.00,14800
07/24/2020,BSDE,755.00,755.00,705.00,715.00,53895400
07/24/2020,BSIM,505.00,510.00,500.00,510.00,2100
07/24/2020,BSIM-W3,18.00,23.00,18.00,21.00,13200
07/24/2020,BSSR,1265.00,1325.00,1260.00,1320.00,5400
07/24/2020,BSWD,1750.00,1750.00,1750.00,1750.00,0
07/24/2020,BTEK,50.00,50.00,50.00,50.00,37400
07/24/2020,BTEL,50.00,50.00,50.00,50.00,0
07/24/2020,BTON,190.00,190.00,183.00,183.00,222000
07/24/2020,BTPN,2210.00,2210.00,2180.00,2190.00,57000
07/24/2020,BTPS,3250.00,3250.00,3160.00,3190.00,6080500
07/24/2020,BUDI,90.00,90.00,88.00,88.00,828100
07/24/2020,BUKK,725.00,750.00,675.00,675.00,147800
07/24/2020,BULL,308.00,318.00,306.00,308.00,170957100
07/24/2020,BULL-W2,90.00,100.00,90.00,94.00,87000
07/24/2020,BUMI,50.00,50.00,50.00,50.00,3967700
07/24/2020,BUVA,54.00,55.00,53.00,54.00,62200
07/24/2020,BVIC,62.00,63.00,58.00,61.00,725300
07/24/2020,BWPT,117.00,121.00,113.00,115.00,140191800
07/24/2020,BYAN,13450.00,13600.00,13450.00,13600.00,2600
07/24/2020,CAKK,50.00,50.00,50.00,50.00,28200
07/24/2020,CAKK-W,7.00,8.00,7.00,7.00,535300
07/24/2020,CAMP,204.00,208.00,200.00,206.00,1376500
07/24/2020,CANI,123.00,123.00,123.00,123.00,1000
07/24/2020,CARE,342.00,342.00,332.00,342.00,5144500
07/24/2020,CARS,50.00,50.00,50.00,50.00,203200
07/24/2020,CASA,312.00,312.00,294.00,294.00,57600
07/24/2020,CASA-W,140.00,140.00,140.00,140.00,100
07/24/2020,CASH,560.00,565.00,545.00,550.00,3571700
07/24/2020,CASH-W,21.00,22.00,20.00,20.00,3500200
07/24/2020,CASS,202.00,222.00,202.00,208.00,2184700
07/24/2020,CBMF,226.00,226.00,193.00,206.00,1001000
07/24/2020,CCSI,248.00,250.00,244.00,244.00,396600
07/24/2020,CEKA,2010.00,2010.00,1995.00,2010.00,126200
07/24/2020,CENT,93.00,97.00,93.00,97.00,4879700
07/24/2020,CFIN,195.00,196.00,195.00,195.00,101300
07/24/2020,CINT,250.00,270.00,248.00,270.00,89500
07/24/2020,CITA,1750.00,1750.00,1750.00,1750.00,22700
07/24/2020,CITY,53.00,53.00,51.00,53.00,25900
07/24/2020,CITY-W,15.00,15.00,14.00,15.00,6200
07/24/2020,CKRA,76.00,76.00,76.00,76.00,0
07/24/2020,CLAY,1960.00,1960.00,1960.00,1960.00,0
07/24/2020,CLEO,458.00,460.00,456.00,458.00,6338300
07/24/2020,CLPI,715.00,715.00,705.00,710.00,21900
07/24/2020,CMNP,1300.00,1300.00,1210.00,1215.00,58800
07/24/2020,CMPP,184.00,184.00,184.00,184.00,0
07/24/2020,CNKO,50.00,50.00,50.00,50.00,200
07/24/2020,CNTB,250.00,250.00,250.00,250.00,0
07/24/2020,CNTX,256.00,256.00,256.00,256.00,100
07/24/2020,COCO,830.00,850.00,780.00,830.00,17200
07/24/2020,COCO-W,390.00,390.00,175.00,390.00,6200
07/24/2020,COWL,50.00,50.00,50.00,50.00,0
07/24/2020,CPIN,6100.00,6125.00,6000.00,6000.00,10647900
07/24/2020,CPRI,50.00,50.00,50.00,50.00,100
07/24/2020,CPRI-W,16.00,16.00,8.00,14.00,172700
07/24/2020,CPRO,50.00,50.00,50.00,50.00,100
07/24/2020,CSAP,312.00,334.00,312.00,334.00,111400
07/24/2020,CSIS,52.00,52.00,51.00,51.00,442600
07/24/2020,CSMI,238.00,238.00,216.00,216.00,22900
07/24/2020,CSRA,308.00,310.00,300.00,304.00,3084000
07/24/2020,CTBN,2450.00,2450.00,2450.00,2450.00,0
07/24/2020,CTRA,660.00,660.00,640.00,645.00,28106500
07/24/2020,CTTH,50.00,50.00,50.00,50.00,20900
07/24/2020,DADA,88.00,89.00,83.00,84.00,108792300
07/24/2020,DADA-W,5.00,5.00,4.00,5.00,23747700
07/24/2020,DART,226.00,226.00,226.00,226.00,0
07/24/2020,DAYA,610.00,610.00,610.00,610.00,0
07/24/2020,DEAL,88.00,91.00,88.00,88.00,1701400
07/24/2020,DEAL-W,11.00,11.00,11.00,11.00,100
07/24/2020,DEFI,1795.00,1795.00,1790.00,1795.00,29900
07/24/2020,DEWA,50.00,50.00,50.00,50.00,300
07/24/2020,DFAM,350.00,350.00,350.00,350.00,0
07/24/2020,DFAM-W,120.00,120.00,120.00,120.00,0
07/24/2020,DGIK,50.00,50.00,50.00,50.00,5300
07/24/2020,DIGI,1705.00,1705.00,1690.00,1690.00,3500
07/24/2020,DILD,179.00,180.00,176.00,179.00,7353800
07/24/2020,DIVA,1900.00,1995.00,1890.00,1930.00,279100
07/24/2020,DKFT,123.00,143.00,122.00,129.00,43373600
07/24/2020,DLTA,4830.00,4840.00,4810.00,4810.00,4700
07/24/2020,DMAS,224.00,226.00,220.00,224.00,50423500
07/24/2020,DMMX,238.00,246.00,234.00,238.00,19577300
07/24/2020,DMND,950.00,960.00,935.00,955.00,49200
07/24/2020,DNAR,252.00,300.00,236.00,294.00,15900
07/24/2020,DNET,3380.00,3380.00,3300.00,3360.00,25100
07/24/2020,DOID,286.00,294.00,268.00,274.00,174713500
07/24/2020,DPNS,290.00,290.00,260.00,262.00,2000
07/24/2020,DPUM,75.00,75.00,67.00,67.00,222200
07/24/2020,DSFI,68.00,69.00,66.00,68.00,210800
07/24/2020,DSNG,358.00,360.00,352.00,354.00,2271300
07/24/2020,DSSA,20875.00,20875.00,20875.00,20875.00,0
07/24/2020,DUCK,416.00,420.00,396.00,400.00,4298700
07/24/2020,DUTI,4620.00,4620.00,4330.00,4350.00,41400
07/24/2020,DVLA,2350.00,2400.00,2220.00,2250.00,106100
07/24/2020,DWGL,248.00,248.00,232.00,236.00,8800
07/24/2020,DWGL-W,56.00,56.00,45.00,56.00,7300
07/24/2020,DYAN,50.00,51.00,50.00,50.00,501800
07/24/2020,EAST,57.00,59.00,57.00,58.00,854600
07/24/2020,EAST-W,7.00,7.00,6.00,7.00,2075100
07/24/2020,ECII,700.00,700.00,655.00,700.00,20500
07/24/2020,EKAD,1280.00,1295.00,1230.00,1240.00,1181500
07/24/2020,ELSA,238.00,240.00,232.00,234.00,21228000
07/24/2020,ELTY,50.00,50.00,50.00,50.00,800
07/24/2020,EMDE,202.00,202.00,202.00,202.00,0
07/24/2020,EMTK,4690.00,4690.00,4690.00,4690.00,100
07/24/2020,ENRG,51.00,52.00,50.00,51.00,15252200
07/24/2020,ENVY,116.00,117.00,108.00,113.00,90533500
07/24/2020,EPAC,276.00,286.00,262.00,264.00,15157600
07/24/2020,EPMT,1910.00,1910.00,1880.00,1880.00,16600
07/24/2020,ERAA,1475.00,1480.00,1450.00,1460.00,8672800
07/24/2020,ERTX,120.00,125.00,113.00,120.00,1500
07/24/2020,ESIP,198.00,199.00,195.00,199.00,272900
07/24/2020,ESIP-W,11.00,11.00,10.00,10.00,795900
07/24/2020,ESSA,166.00,168.00,163.00,164.00,1370100
07/24/2020,ESTA,99.00,100.00,95.00,97.00,107500
07/24/2020,ESTI,50.00,50.00,50.00,50.00,43100
07/24/2020,ETWA,73.00,77.00,69.00,70.00,70300
07/24/2020,EXCL,2830.00,2860.00,2740.00,2760.00,11446400
07/24/2020,FAST,920.00,920.00,910.00,920.00,21800
07/24/2020,FASW,7300.00,7300.00,7300.00,7300.00,0
07/24/2020,FILM,176.00,176.00,173.00,176.00,547800
07/24/2020,FINN,50.00,50.00,50.00,50.00,0
07/24/2020,FIRE,129.00,171.00,128.00,163.00,128301200
07/24/2020,FISH,2980.00,2980.00,2980.00,2980.00,500
07/24/2020,FITT,64.00,67.00,64.00,67.00,1900
07/24/2020,FITT-W,33.00,33.00,28.00,28.00,900
07/24/2020,FMII,745.00,745.00,745.00,745.00,0
07/24/2020,FOOD,125.00,125.00,119.00,124.00,4988800
07/24/2020,FORU,95.00,95.00,89.00,89.00,3700
07/24/2020,FORZ,50.00,50.00,50.00,50.00,2300
07/24/2020,FPNI,91.00,94.00,91.00,92.00,1675900
07/24/2020,FREN,107.00,139.00,106.00,139.00,2205588000
07/24/2020,FREN-W,27.00,73.00,27.00,69.00,251779800
07/24/2020,FUJI,119.00,119.00,107.00,107.00,64200
07/24/2020,GAMA,50.00,50.00,50.00,50.00,0
07/24/2020,GDST,58.00,61.00,58.00,59.00,529900
07/24/2020,GDYR,1380.00,1700.00,1380.00,1595.00,26900
07/24/2020,GEMA,366.00,366.00,366.00,366.00,0
07/24/2020,GEMS,2550.00,2550.00,2550.00,2550.00,0
07/24/2020,GGRM,49375.00,49375.00,47625.00,47700.00,1826000
07/24/2020,GGRP,272.00,272.00,272.00,272.00,500
07/24/2020,GHON,1670.00,1760.00,1655.00,1655.00,13700
07/24/2020,GIAA,260.00,260.00,256.00,256.00,14183700
07/24/2020,GJTL,422.00,520.00,412.00,515.00,68029700
07/24/2020,GLOB,164.00,164.00,144.00,144.00,10300
07/24/2020,GLVA,310.00,322.00,310.00,322.00,535300
07/24/2020,GMFI,84.00,86.00,84.00,86.00,5386900
07/24/2020,GMTD,17975.00,17975.00,17975.00,17975.00,100
07/24/2020,GOLD,170.00,186.00,170.00,186.00,11800
07/24/2020,GOLL,50.00,50.00,50.00,50.00,0
07/24/2020,GOOD,1300.00,1300.00,1285.00,1295.00,264500
07/24/2020,GPRA,51.00,52.00,50.00,50.00,1820400
07/24/2020,GREN,328.00,328.00,328.00,328.00,0
07/24/2020,GSMF,106.00,106.00,106.00,106.00,100
07/24/2020,GTBO,75.00,75.00,75.00,75.00,0
07/24/2020,GWSA,99.00,101.00,99.00,101.00,1100
07/24/2020,GZCO,50.00,50.00,50.00,50.00,63100
07/24/2020,HADE,50.00,50.00,50.00,50.00,0
07/24/2020,HDFA,173.00,173.00,152.00,152.00,1800
07/24/2020,HDIT,500.00,500.00,484.00,484.00,8200
07/24/2020,HDTX,120.00,120.00,120.00,120.00,0
07/24/2020,HEAL,3070.00,3070.00,3000.00,3030.00,179800
07/24/2020,HELI,200.00,200.00,198.00,199.00,71000
07/24/2020,HELI-W,9.00,10.00,9.00,10.00,358000
07/24/2020,HERO,855.00,855.00,835.00,835.00,81600
07/24/2020,HEXA,3570.00,3590.00,3500.00,3500.00,65500
07/24/2020,HITS,510.00,510.00,505.00,505.00,700
07/24/2020,HKMU,82.00,93.00,80.00,83.00,299816500
07/24/2020,HMSP,1750.00,1750.00,1665.00,1685.00,115665900
07/24/2020,HOKI,650.00,655.00,645.00,645.00,7002900
07/24/2020,HOKI-W,635.00,645.00,635.00,645.00,2000
07/24/2020,HOME,50.00,50.00,50.00,50.00,0
07/24/2020,HOTL,50.00,50.00,50.00,50.00,224200
07/24/2020,HRME,58.00,62.00,57.00,57.00,143091200
07/24/2020,HRTA,246.00,250.00,236.00,240.00,1207700
07/24/2020,HRUM,1205.00,1205.00,1195.00,1200.00,523200
07/24/2020,IATA,50.00,50.00,50.00,50.00,200
07/24/2020,IBFN,312.00,312.00,312.00,312.00,0
07/24/2020,IBFN-W,9.00,9.00,7.00,7.00,30500
07/24/2020,IBST,8200.00,8200.00,8200.00,8200.00,0
07/24/2020,ICBP,9300.00,9325.00,9175.00,9175.00,9935000
07/24/2020,ICON,72.00,72.00,58.00,58.00,76600
07/24/2020,IDPR,208.00,208.00,197.00,197.00,526200
07/24/2020,IFII,133.00,148.00,133.00,135.00,1321500
07/24/2020,IFSH,446.00,446.00,446.00,446.00,100
07/24/2020,IGAR,276.00,276.00,268.00,270.00,240500
07/24/2020,IIKP,50.00,50.00,50.00,50.00,0
07/24/2020,IKAI,50.00,50.00,50.00,50.00,10100
07/24/2020,IKAN,630.00,695.00,625.00,695.00,11026900
07/24/2020,IKBI,226.00,228.00,222.00,228.00,2400
07/24/2020,IMAS,720.00,720.00,670.00,675.00,7618200
07/24/2020,IMJS,270.00,276.00,260.00,260.00,5581200
07/24/2020,IMPC,1270.00,1275.00,1260.00,1270.00,605900
07/24/2020,INAF,2700.00,2930.00,2350.00,2610.00,62502500
07/24/2020,INAI,352.00,352.00,342.00,342.00,5200
07/24/2020,INCF,52.00,53.00,50.00,50.00,1427700
07/24/2020,INCI,660.00,705.00,645.00,680.00,1258800
07/24/2020,INCO,3300.00,3410.00,3270.00,3280.00,42603800
07/24/2020,INDF,6525.00,6525.00,6450.00,6475.00,13204100
07/24/2020,INDO,146.00,148.00,144.00,145.00,143500
07/24/2020,INDO-W,41.00,42.00,39.00,39.00,734900
07/24/2020,INDR,2300.00,2450.00,2300.00,2370.00,34000
07/24/2020,INDS,2250.00,2250.00,2160.00,2180.00,79000
07/24/2020,INDX,51.00,51.00,51.00,51.00,5600
07/24/2020,INDY,1050.00,1085.00,1010.00,1015.00,41788300
07/24/2020,INKP,8075.00,8075.00,7625.00,7675.00,9373400
07/24/2020,INOV,258.00,258.00,230.00,234.00,2017300
07/24/2020,INPC,52.00,52.00,50.00,51.00,4900
07/24/2020,INPC-W,4.00,4.00,4.00,4.00,260100
07/24/2020,INPP,680.00,700.00,665.00,700.00,3000
07/24/2020,INPS,1595.00,1700.00,1540.00,1655.00,10000
07/24/2020,INRU,835.00,835.00,770.00,825.00,9300
07/24/2020,INTA,290.00,290.00,290.00,290.00,600
07/24/2020,INTD,148.00,148.00,148.00,148.00,2000
07/24/2020,INTP,12400.00,12425.00,12175.00,12225.00,5844900
07/24/2020,IPCC,442.00,446.00,424.00,428.00,8902400
07/24/2020,IPCM,220.00,220.00,210.00,214.00,440900
07/24/2020,IPOL,73.00,74.00,71.00,74.00,180800
07/24/2020,IPTV,352.00,352.00,340.00,344.00,40459200
07/24/2020,IPTV-W,72.00,72.00,65.00,65.00,808100
07/24/2020,IRRA,630.00,635.00,615.00,620.00,5454700
07/24/2020,ISAT,2520.00,2590.00,2500.00,2510.00,1635300
07/24/2020,ISSP,139.00,141.00,130.00,131.00,11632500
07/24/2020,ITIC,685.00,685.00,655.00,655.00,384300
07/24/2020,ITMA,410.00,410.00,410.00,410.00,0
07/24/2020,ITMA-W,45.00,45.00,45.00,45.00,0
07/24/2020,ITMG,7900.00,7900.00,7650.00,7675.00,3677500
07/24/2020,JAST,81.00,89.00,81.00,85.00,7145200
07/24/2020,JAWA,67.00,67.00,67.00,67.00,0
07/24/2020,JAYA,74.00,80.00,74.00,74.00,1315900
07/24/2020,JAYA-W,13.00,13.00,11.00,12.00,255500
07/24/2020,JECC,6800.00,6800.00,6800.00,6800.00,0
07/24/2020,JGLE,50.00,50.00,50.00,50.00,1000
07/24/2020,JIHD,535.00,535.00,498.00,498.00,7800
07/24/2020,JKON,336.00,340.00,322.00,340.00,245900
07/24/2020,JKSW,60.00,60.00,60.00,60.00,0
07/24/2020,JMAS,196.00,204.00,193.00,204.00,21300
07/24/2020,JPFA,1160.00,1165.00,1120.00,1130.00,25838800
07/24/2020,JRPT,412.00,414.00,404.00,412.00,2714800
07/24/2020,JSKY,79.00,83.00,79.00,81.00,6000200
07/24/2020,JSMR,4180.00,4180.00,4010.00,4040.00,15587000
07/24/2020,JSPT,995.00,995.00,995.00,995.00,0
07/24/2020,JTPE,765.00,770.00,765.00,770.00,220200
07/24/2020,KAEF,2800.00,3330.00,2490.00,2740.00,164485900
07/24/2020,KARW,50.00,51.00,50.00,50.00,43200
07/24/2020,KAYU,53.00,70.00,51.00,53.00,10918400
07/24/2020,KBAG,384.00,388.00,374.00,380.00,13208200
07/24/2020,KBAG-W,83.00,83.00,83.00,83.00,38000
07/24/2020,KBLI,402.00,440.00,400.00,412.00,8738900
07/24/2020,KBLM,224.00,232.00,220.00,220.00,635500
07/24/2020,KBLV,310.00,350.00,310.00,350.00,6100
07/24/2020,KBRI,50.00,50.00,50.00,50.00,0
07/24/2020,KDSI,805.00,805.00,775.00,775.00,15100
07/24/2020,KEEN,344.00,348.00,332.00,348.00,2039100
07/24/2020,KEJU,1040.00,1040.00,1000.00,1020.00,229500
07/24/2020,KIAS,50.00,50.00,50.00,50.00,5600
07/24/2020,KICI,250.00,250.00,250.00,250.00,100
07/24/2020,KIJA,145.00,145.00,141.00,141.00,289900
07/24/2020,KINO,3400.00,3400.00,3250.00,3350.00,2468500
07/24/2020,KIOS,206.00,206.00,193.00,193.00,3100
07/24/2020,KIOS-W,20.00,20.00,20.00,20.00,0
07/24/2020,KJEN,1100.00,1100.00,1100.00,1100.00,0
07/24/2020,KKGI,222.00,222.00,195.00,208.00,31400
07/24/2020,KLBF,1600.00,1635.00,1510.00,1570.00,210299200
07/24/2020,KMTR,304.00,316.00,296.00,316.00,158800
07/24/2020,KOBX,91.00,93.00,91.00,92.00,141100
07/24/2020,KOIN,98.00,98.00,98.00,98.00,0
07/24/2020,KONI,494.00,494.00,494.00,494.00,200
07/24/2020,KOPI,510.00,510.00,500.00,500.00,21800
07/24/2020,KOTA,620.00,640.00,615.00,640.00,16146800
07/24/2020,KOTA-W,540.00,540.00,540.00,540.00,0
07/24/2020,KPAL,61.00,68.00,61.00,64.00,6638100
07/24/2020,KPAS,53.00,54.00,52.00,53.00,483400
07/24/2020,KPAS-W,9.00,11.00,9.00,11.00,263500
07/24/2020,KPIG,109.00,109.00,107.00,109.00,7277400
07/24/2020,KRAH,474.00,474.00,474.00,474.00,0
07/24/2020,KRAS,376.00,378.00,362.00,364.00,42722300
07/24/2020,KREN,121.00,121.00,115.00,116.00,24081900
07/24/2020,LAND,214.00,214.00,200.00,200.00,48600
07/24/2020,LAPD,50.00,50.00,50.00,50.00,0
07/24/2020,LCGP,114.00,114.00,114.00,114.00,0
07/24/2020,LCKM,370.00,372.00,370.00,372.00,17200
07/24/2020,LEAD,50.00,50.00,50.00,50.00,1700
07/24/2020,LIFE,6625.00,6625.00,6200.00,6200.00,19000
07/24/2020,LINK,2030.00,2040.00,1995.00,2000.00,2072100
07/24/2020,LION,394.00,408.00,394.00,396.00,129000
07/24/2020,LMAS,50.00,50.00,50.00,50.00,305300
07/24/2020,LMPI,80.00,83.00,80.00,83.00,400
07/24/2020,LMSH,266.00,266.00,266.00,266.00,200
07/24/2020,LPCK,810.00,825.00,810.00,815.00,816000
07/24/2020,LPGI,3710.00,3710.00,3710.00,3710.00,200
07/24/2020,LPIN,238.00,238.00,230.00,230.00,7000
07/24/2020,LPKR,144.00,145.00,141.00,144.00,10500200
07/24/2020,LPLI,76.00,76.00,76.00,76.00,0
07/24/2020,LPPF,1430.00,1430.00,1390.00,1400.00,8930700
07/24/2020,LPPS,71.00,73.00,71.00,73.00,200
07/24/2020,LRNA,139.00,139.00,128.00,138.00,67200
07/24/2020,LSIP,1015.00,1030.00,985.00,995.00,36025900
07/24/2020,LTLS,436.00,440.00,432.00,440.00,159000
07/24/2020,LUCK,290.00,358.00,274.00,322.00,12408900
07/24/2020,MABA,50.00,50.00,50.00,50.00,0
07/24/2020,MAGP,50.00,50.00,50.00,50.00,400
07/24/2020,MAIN,680.00,685.00,655.00,655.00,26584200
07/24/2020,MAMI,50.00,50.00,50.00,50.00,7600
07/24/2020,MAMI-W,5.00,5.00,4.00,5.00,240600
07/24/2020,MAMIP,600.00,600.00,600.00,600.00,0
07/24/2020,MAPA,2260.00,2290.00,2200.00,2200.00,2383600
07/24/2020,MAPB,1400.00,1400.00,1305.00,1315.00,12000
07/24/2020,MAPI,705.00,705.00,685.00,690.00,22253800
07/24/2020,MARI,50.00,50.00,50.00,50.00,597600
07/24/2020,MARK,780.00,905.00,770.00,890.00,29450500
07/24/2020,MASA,545.00,575.00,540.00,545.00,29200
07/24/2020,MAYA,6500.00,6500.00,6500.00,6500.00,0
07/24/2020,MBAP,1690.00,1770.00,1680.00,1700.00,168200
07/24/2020,MBSS,418.00,420.00,406.00,410.00,2955300
07/24/2020,MBTO,75.00,75.00,75.00,75.00,910500
07/24/2020,MCAS,2160.00,2170.00,2050.00,2090.00,2461900
07/24/2020,MCOR,139.00,140.00,135.00,135.00,6391800
07/24/2020,MDIA,50.00,50.00,50.00,50.00,1700
07/24/2020,MDKA,1735.00,1780.00,1685.00,1715.00,88978600
07/24/2020,MDKI,158.00,158.00,155.00,156.00,49400
07/24/2020,MDLN,56.00,59.00,55.00,56.00,35970000
07/24/2020,MDRN,50.00,50.00,50.00,50.00,0
07/24/2020,MEDC,482.00,482.00,462.00,466.00,82955700
07/24/2020,MEDC-W,27.00,27.00,24.00,25.00,21987700
07/24/2020,MEGA,6300.00,6300.00,6300.00,6300.00,100
07/24/2020,MERK,3890.00,3890.00,3720.00,3770.00,203700
07/24/2020,META,113.00,113.00,108.00,108.00,91400
07/24/2020,MFIN,970.00,970.00,900.00,940.00,20200
07/24/2020,MFMI,530.00,530.00,530.00,530.00,5500
07/24/2020,MGNA,50.00,50.00,50.00,50.00,0
07/24/2020,MGRO,685.00,695.00,675.00,680.00,2278400
07/24/2020,MICE,306.00,306.00,306.00,306.00,900
07/24/2020,MIDI,1440.00,1440.00,1440.00,1440.00,200
07/24/2020,MIKA,2330.00,2350.00,2300.00,2340.00,37639900
07/24/2020,MINA,50.00,50.00,50.00,50.00,0
07/24/2020,MIRA,50.00,50.00,50.00,50.00,100
07/24/2020,MITI,51.00,51.00,51.00,51.00,0
07/24/2020,MKNT,50.00,50.00,50.00,50.00,10100
07/24/2020,MKPI,14700.00,14700.00,14700.00,14700.00,0
07/24/2020,MLBI,9875.00,9875.00,9775.00,9800.00,43700
07/24/2020,MLIA,560.00,570.00,560.00,560.00,5903800
07/24/2020,MLPL,52.00,53.00,51.00,52.00,873300
07/24/2020,MLPT,590.00,595.00,570.00,580.00,275000
07/24/2020,MMLP,188.00,196.00,186.00,193.00,10987800
07/24/2020,MNCN,900.00,910.00,885.00,885.00,40369300
07/24/2020,MOLI,885.00,885.00,885.00,885.00,400
07/24/2020,MPMX,492.00,494.00,490.00,492.00,893600
07/24/2020,MPOW,53.00,58.00,51.00,54.00,146800
07/24/2020,MPPA,112.00,115.00,112.00,114.00,878700
07/24/2020,MPRO,715.00,730.00,715.00,730.00,200
07/24/2020,MRAT,167.00,167.00,156.00,157.00,482400
07/24/2020,MREI,4600.00,4600.00,4600.00,4600.00,500
07/24/2020,MSIN,274.00,274.00,258.00,266.00,2718900
07/24/2020,MSKY,1175.00,1175.00,1095.00,1150.00,11300
07/24/2020,MTDL,1460.00,1470.00,1430.00,1440.00,1190900
07/24/2020,MTFN,50.00,50.00,50.00,50.00,100
07/24/2020,MTLA,386.00,390.00,386.00,386.00,3500
07/24/2020,MTPS,138.00,138.00,132.00,132.00,2500
07/24/2020,MTRA,244.00,244.00,244.00,244.00,0
07/24/2020,MTSM,208.00,208.00,206.00,206.00,700
07/24/2020,MTWI,51.00,51.00,50.00,50.00,84000
07/24/2020,MYOH,1090.00,1100.00,1090.00,1100.00,28500
07/24/2020,MYOR,2270.00,2310.00,2240.00,2270.00,6376600
07/24/2020,MYRX,50.00,50.00,50.00,50.00,0
07/24/2020,MYRXP,50.00,50.00,50.00,50.00,0
07/24/2020,MYTX,51.00,53.00,51.00,51.00,900
07/24/2020,NASA,106.00,125.00,99.00,100.00,121800
07/24/2020,NASA-W,104.00,104.00,104.00,104.00,0
07/24/2020,NATO,278.00,290.00,278.00,286.00,413000
07/24/2020,NATO-W,120.00,120.00,120.00,120.00,300
07/24/2020,NELY,120.00,120.00,120.00,120.00,100
07/24/2020,NFCX,1900.00,1920.00,1870.00,1915.00,62100
07/24/2020,NICK,324.00,324.00,324.00,324.00,100
07/24/2020,NIKL,920.00,1130.00,865.00,865.00,84335500
07/24/2020,NIPS,282.00,282.00,282.00,282.00,0
07/24/2020,NIRO,144.00,144.00,144.00,144.00,0
07/24/2020,NISP,715.00,715.00,715.00,715.00,11300
07/24/2020,NOBU,745.00,745.00,745.00,745.00,100
07/24/2020,NRCA,324.00,324.00,310.00,316.00,308900
07/24/2020,NUSA,50.00,50.00,50.00,50.00,100100
07/24/2020,NZIA,176.00,218.00,175.00,196.00,25200
07/24/2020,NZIA-W,5.00,7.00,5.00,6.00,663700
07/24/2020,OASA,350.00,350.00,350.00,350.00,0
07/24/2020,OCAP,174.00,174.00,174.00,174.00,1000
07/24/2020,OKAS,83.00,88.00,83.00,85.00,4660400
07/24/2020,OMRE,316.00,316.00,316.00,316.00,0
07/24/2020,OPMS,136.00,138.00,134.00,135.00,1686200
07/24/2020,PADI,50.00,50.00,50.00,50.00,200300
07/24/2020,PALM,190.00,220.00,187.00,199.00,2721900
07/24/2020,PAMG,80.00,82.00,80.00,80.00,660000
07/24/2020,PANI,59.00,59.00,58.00,58.00,2900
07/24/2020,PANR,87.00,88.00,84.00,86.00,743100
07/24/2020,PANS,840.00,850.00,830.00,845.00,456700
07/24/2020,PBID,870.00,870.00,840.00,860.00,1029200
07/24/2020,PBRX,248.00,248.00,242.00,246.00,135400
07/24/2020,PBSA,690.00,690.00,690.00,690.00,200
07/24/2020,PCAR,224.00,282.00,224.00,282.00,37100
07/24/2020,PDES,470.00,470.00,470.00,470.00,0
07/24/2020,PEGE,118.00,120.00,118.00,119.00,22600
07/24/2020,PEHA,1980.00,2380.00,1775.00,1775.00,12316300
07/24/2020,PGAS,1250.00,1260.00,1210.00,1220.00,110530200
07/24/2020,PGJO,82.00,82.00,70.00,74.00,13900
07/24/2020,PGLI,234.00,236.00,214.00,230.00,11500
07/24/2020,PGUN,352.00,376.00,350.00,368.00,2828700
07/24/2020,PICO,202.00,202.00,192.00,195.00,486700
07/24/2020,PJAA,545.00,550.00,540.00,540.00,132000
07/24/2020,PKPK,50.00,53.00,50.00,50.00,1118200
07/24/2020,PLAS,50.00,50.00,50.00,50.00,0
07/24/2020,PLIN,2390.00,2390.00,2390.00,2390.00,0
07/24/2020,PMJS,125.00,126.00,125.00,125.00,46000
07/24/2020,PNBN,815.00,815.00,800.00,815.00,9372200
07/24/2020,PNBS,50.00,50.00,50.00,50.00,1200
07/24/2020,PNIN,720.00,730.00,720.00,725.00,64400
07/24/2020,PNLF,182.00,183.00,180.00,183.00,20902300
07/24/2020,PNSE,915.00,915.00,915.00,915.00,0
07/24/2020,POLA,51.00,56.00,50.00,52.00,340100
07/24/2020,POLA-W,22.00,22.00,22.00,22.00,100
07/24/2020,POLI,1075.00,1150.00,1075.00,1140.00,10600
07/24/2020,POLL,4400.00,4400.00,4260.00,4390.00,42400
07/24/2020,POLU,900.00,900.00,840.00,840.00,400
07/24/2020,POLY,50.00,50.00,50.00,50.00,12700
07/24/2020,POOL,50.00,50.00,50.00,50.00,0
07/24/2020,PORT,470.00,470.00,470.00,470.00,400
07/24/2020,POSA,50.00,50.00,50.00,50.00,5300
07/24/2020,POSA-W,3.00,3.00,2.00,3.00,4309300
07/24/2020,POWR,600.00,600.00,590.00,600.00,19027700
07/24/2020,PPGL,176.00,176.00,161.00,172.00,41236800
07/24/2020,PPGL-W,10.00,11.00,9.00,10.00,33198300
07/24/2020,PPRE,197.00,197.00,188.00,190.00,15153900
07/24/2020,PPRO,53.00,54.00,50.00,50.00,343724000
07/24/2020,PRAS,127.00,127.00,116.00,116.00,54900
07/24/2020,PRDA,3060.00,3110.00,3000.00,3100.00,180100
07/24/2020,PRIM,298.00,298.00,298.00,298.00,0
07/24/2020,PRIM-W,6.00,7.00,5.00,6.00,63600
07/24/2020,PSAB,230.00,244.00,218.00,226.00,231320200
07/24/2020,PSDN,100.00,100.00,100.00,100.00,0
07/24/2020,PSGO,105.00,120.00,104.00,105.00,6297400
07/24/2020,PSKT,50.00,50.00,50.00,50.00,200
07/24/2020,PSSI,164.00,167.00,162.00,165.00,20300
07/24/2020,PTBA,2100.00,2120.00,2070.00,2070.00,31699900
07/24/2020,PTIS,164.00,164.00,164.00,164.00,0
07/24/2020,PTPP,1060.00,1075.00,1040.00,1045.00,72045900
07/24/2020,PTPW,1530.00,1530.00,1485.00,1495.00,2850200
07/24/2020,PTRO,1925.00,1935.00,1875.00,1895.00,1687900
07/24/2020,PTSN,204.00,204.00,199.00,202.00,2005000
07/24/2020,PTSP,5000.00,5000.00,5000.00,5000.00,0
07/24/2020,PUDP,226.00,226.00,226.00,226.00,79200
07/24/2020,PURA,135.00,140.00,126.00,127.00,142491200
07/24/2020,PURA-W,13.00,16.00,13.00,15.00,172053400
07/24/2020,PURE,121.00,126.00,119.00,120.00,9923300
07/24/2020,PURE-W,12.00,12.00,11.00,11.00,3620700
07/24/2020,PWON,430.00,432.00,422.00,424.00,60554700
07/24/2020,PYFA,1300.00,1575.00,1180.00,1180.00,32403600
07/24/2020,PZZA,655.00,655.00,640.00,655.00,969400
07/24/2020,R-ABFII,28600.00,28600.00,28600.00,28600.00,0
07/24/2020,R-LQ45X,860.00,860.00,848.00,848.00,40100
07/24/2020,RAJA,122.00,126.00,117.00,119.00,27388600
07/24/2020,RALS,570.00,575.00,560.00,565.00,12255200
07/24/2020,RANC,410.00,440.00,410.00,428.00,1980700
07/24/2020,RBMS,50.00,50.00,50.00,50.00,5100
07/24/2020,RDTX,5050.00,5050.00,5050.00,5050.00,4500
07/24/2020,REAL,50.00,51.00,50.00,51.00,65595700
07/24/2020,REAL-W,5.00,5.00,4.00,4.00,4165700
07/24/2020,RELI,280.00,280.00,280.00,280.00,100
07/24/2020,RICY,94.00,94.00,94.00,94.00,10000
07/24/2020,RIGS,218.00,228.00,216.00,224.00,4200
07/24/2020,RIMO,50.00,50.00,50.00,50.00,0
07/24/2020,RISE,410.00,410.00,402.00,404.00,343600
07/24/2020,RMBA,234.00,234.00,234.00,234.00,200
07/24/2020,RODA,51.00,51.00,50.00,50.00,214200
07/24/2020,RONY,151.00,151.00,141.00,149.00,1700
07/24/2020,ROTI,1225.00,1230.00,1205.00,1230.00,204300
07/24/2020,RUIS,166.00,167.00,165.00,167.00,16300
07/24/2020,SAFE,180.00,196.00,170.00,196.00,176000
07/24/2020,SAME,64.00,69.00,64.00,66.00,159980500
07/24/2020,SAMF,398.00,398.00,368.00,380.00,1100
07/24/2020,SAPX,2250.00,2250.00,2250.00,2250.00,0
07/24/2020,SATU,50.00,50.00,50.00,50.00,100
07/24/2020,SBAT,140.00,151.00,140.00,141.00,5857600
07/24/2020,SBAT-W,10.00,11.00,8.00,10.00,32558700
07/24/2020,SCCO,9725.00,9725.00,9700.00,9725.00,5200
07/24/2020,SCMA,1270.00,1285.00,1240.00,1275.00,50369700
07/24/2020,SCPI,29000.00,29000.00,29000.00,29000.00,0
07/24/2020,SDMU,50.00,50.00,50.00,50.00,2000
07/24/2020,SDPC,150.00,161.00,145.00,145.00,2159900
07/24/2020,SDRA,770.00,770.00,770.00,770.00,0
07/24/2020,SFAN,980.00,980.00,980.00,980.00,100
07/24/2020,SGRO,1895.00,1900.00,1850.00,1900.00,89500
07/24/2020,SHID,3650.00,3650.00,3650.00,3650.00,0
07/24/2020,SHIP,590.00,590.00,555.00,585.00,471900
07/24/2020,SIDO,1275.00,1280.00,1230.00,1235.00,6333000
07/24/2020,SILO,4980.00,4990.00,4960.00,4960.00,35500
07/24/2020,SIMA,50.00,50.00,50.00,50.00,0
07/24/2020,SIMP,318.00,324.00,316.00,318.00,9561000
07/24/2020,SINI,710.00,710.00,620.00,655.00,300
07/24/2020,SINI-W,380.00,380.00,380.00,380.00,100
07/24/2020,SIPD,1010.00,1040.00,1010.00,1040.00,300
07/24/2020,SKBM,232.00,232.00,232.00,232.00,100
07/24/2020,SKLT,1610.00,1610.00,1610.00,1610.00,0
07/24/2020,SKRN,630.00,640.00,620.00,620.00,703800
07/24/2020,SKYB,51.00,51.00,51.00,51.00,0
07/24/2020,SLIS,5150.00,5300.00,5100.00,5125.00,322600
07/24/2020,SMAR,3200.00,3200.00,3180.00,3180.00,3400
07/24/2020,SMBR,530.00,630.00,476.00,478.00,228751400
07/24/2020,SMCB,1040.00,1045.00,1025.00,1040.00,22900
07/24/2020,SMDM,93.00,98.00,93.00,94.00,16600
07/24/2020,SMDR,242.00,256.00,234.00,240.00,3827400
07/24/2020,SMGR,9425.00,9425.00,9250.00,9275.00,3519200
07/24/2020,SMKL,179.00,179.00,178.00,178.00,45000
07/24/2020,SMKL-W,20.00,20.00,20.00,20.00,0
07/24/2020,SMMA,15500.00,16300.00,15200.00,16300.00,3700
07/24/2020,SMMT,90.00,101.00,85.00,93.00,2682600
07/24/2020,SMRA,605.00,605.00,585.00,590.00,25963000
07/24/2020,SMRU,50.00,50.00,50.00,50.00,0
07/24/2020,SMSM,1165.00,1190.00,1165.00,1175.00,3569900
07/24/2020,SOCI,131.00,148.00,129.00,141.00,125746800
07/24/2020,SOFA,82.00,84.00,79.00,80.00,2485800
07/24/2020,SOFA-W,5.00,6.00,4.00,6.00,17618100
07/24/2020,SONA,6000.00,6000.00,6000.00,6000.00,0
07/24/2020,SOSS,428.00,428.00,398.00,426.00,12700
07/24/2020,SOSS-W,50.00,50.00,50.00,50.00,0
07/24/2020,SOTS,222.00,222.00,222.00,222.00,100
07/24/2020,SOTS-W,43.00,43.00,32.00,33.00,5800
07/24/2020,SPMA,260.00,266.00,254.00,254.00,63500
07/24/2020,SPTO,490.00,492.00,478.00,480.00,3788500
07/24/2020,SQMI,194.00,206.00,193.00,194.00,28427600
07/24/2020,SRAJ,135.00,135.00,133.00,133.00,5400
07/24/2020,SRIL,202.00,202.00,198.00,199.00,24172900
07/24/2020,SRSN,59.00,60.00,57.00,60.00,10040400
07/24/2020,SRTG,2760.00,2760.00,2720.00,2740.00,25500
07/24/2020,SSIA,376.00,380.00,364.00,366.00,36737400
07/24/2020,SSMS,850.00,850.00,840.00,845.00,533100
07/24/2020,SSTM,700.00,700.00,700.00,700.00,100
07/24/2020,STAR,140.00,140.00,121.00,121.00,144300
07/24/2020,STTP,8500.00,8500.00,7925.00,7925.00,7300
07/24/2020,SUGI,50.00,50.00,50.00,50.00,0
07/24/2020,SULI,50.00,50.00,50.00,50.00,200
07/24/2020,SUPR,4650.00,4650.00,4650.00,4650.00,0
07/24/2020,SURE,2940.00,2940.00,2930.00,2930.00,500
07/24/2020,SWAT,95.00,95.00,93.00,93.00,1424000
07/24/2020,TALF,242.00,242.00,242.00,242.00,200
07/24/2020,TAMA,151.00,162.00,151.00,162.00,300
07/24/2020,TAMA-W,7.00,7.00,6.00,7.00,236200
07/24/2020,TAMU,54.00,67.00,54.00,67.00,52783400
07/24/2020,TARA,100.00,100.00,100.00,100.00,150300
07/24/2020,TAXI,50.00,50.00,50.00,50.00,0
07/24/2020,TBIG,1225.00,1225.00,1170.00,1185.00,71761800
07/24/2020,TBLA,710.00,725.00,695.00,715.00,3716000
07/24/2020,TBMS,610.00,630.00,610.00,630.00,12400
07/24/2020,TCID,7000.00,7000.00,7000.00,7000.00,7100
07/24/2020,TCPI,4130.00,4130.00,4000.00,4080.00,12220600
07/24/2020,TDPM,93.00,94.00,90.00,91.00,4559000
07/24/2020,TEBE,1405.00,1405.00,1400.00,1400.00,200
07/24/2020,TECH,135.00,144.00,128.00,131.00,6432600
07/24/2020,TELE,121.00,121.00,121.00,121.00,0
07/24/2020,TFAS,179.00,180.00,165.00,174.00,255100
07/24/2020,TFCO,308.00,308.00,308.00,308.00,100
07/24/2020,TGKA,6400.00,6400.00,6400.00,6400.00,0
07/24/2020,TGRA,68.00,74.00,68.00,70.00,6724400
07/24/2020,TIFA,430.00,436.00,410.00,412.00,170300
07/24/2020,TINS,695.00,710.00,670.00,680.00,42218700
07/24/2020,TIRA,270.00,270.00,260.00,270.00,8000
07/24/2020,TIRT,51.00,52.00,51.00,52.00,10200
07/24/2020,TKIM,7025.00,7025.00,6775.00,6825.00,11169200
07/24/2020,TLKM,3080.00,3080.00,3020.00,3020.00,137265100
07/24/2020,TMAS,104.00,125.00,104.00,118.00,20868000
07/24/2020,TMPO,145.00,145.00,136.00,136.00,1300
07/24/2020,TNCA,172.00,198.00,172.00,198.00,13800
07/24/2020,TOBA,348.00,348.00,348.00,348.00,23200
07/24/2020,TOPS,50.00,50.00,50.00,50.00,12500
07/24/2020,TOTL,314.00,320.00,310.00,312.00,7920100
07/24/2020,TOTO,226.00,226.00,220.00,220.00,112400
07/24/2020,TOWR,1095.00,1100.00,1070.00,1085.00,80812600
07/24/2020,TPIA,7300.00,7500.00,7300.00,7450.00,7319300
07/24/2020,TPMA,338.00,350.00,338.00,350.00,26500
07/24/2020,TRAM,50.00,50.00,50.00,50.00,0
07/24/2020,TRAM-W,11.00,11.00,11.00,11.00,0
07/24/2020,TRIL,50.00,50.00,50.00,50.00,0
07/24/2020,TRIM,113.00,116.00,113.00,116.00,2100
07/24/2020,TRIN,272.00,272.00,264.00,270.00,22208600
07/24/2020,TRIN-W,13.00,14.00,11.00,12.00,21170500
07/24/2020,TRIO,426.00,426.00,426.00,426.00,0
07/24/2020,TRIS,206.00,218.00,206.00,218.00,600
07/24/2020,TRIS-W,6.00,6.00,6.00,6.00,0
07/24/2020,TRST,390.00,390.00,390.00,390.00,0
07/24/2020,TRUK,119.00,121.00,119.00,120.00,324200
07/24/2020,TRUS,350.00,350.00,350.00,350.00,0
07/24/2020,TSPC,1465.00,1500.00,1395.00,1405.00,2132200
07/24/2020,TUGU,2610.00,2730.00,2610.00,2730.00,6600
07/24/2020,TURI,1355.00,1370.00,1355.00,1360.00,238700
07/24/2020,UANG,515.00,565.00,470.00,470.00,1731700
07/24/2020,UCID,1500.00,1535.00,1495.00,1505.00,2708500
07/24/2020,ULTJ,1610.00,1620.00,1600.00,1605.00,577900
07/24/2020,UNIC,3850.00,3950.00,3850.00,3940.00,2600
07/24/2020,UNIT,149.00,149.00,148.00,148.00,5400
07/24/2020,UNSP,63.00,64.00,62.00,63.00,1819600
07/24/2020,UNTR,20050.00,20125.00,19250.00,19450.00,2456700
07/24/2020,UNVR,8075.00,8100.00,8000.00,8050.00,12211100
07/24/2020,URBN,1475.00,1475.00,1470.00,1470.00,155600
07/24/2020,URBN-W,21.00,22.00,19.00,20.00,116000
07/24/2020,VICO,76.00,78.00,76.00,76.00,600
07/24/2020,VINS,100.00,102.00,97.00,98.00,105100
07/24/2020,VINS-W,2.00,3.00,2.00,3.00,2664300
07/24/2020,VIVA,50.00,50.00,50.00,50.00,300
07/24/2020,VOKS,208.00,210.00,200.00,200.00,777300
07/24/2020,VRNA,122.00,122.00,105.00,112.00,8000
07/24/2020,WAPO,68.00,68.00,65.00,65.00,3600
07/24/2020,WEGE,208.00,208.00,198.00,200.00,25838900
07/24/2020,WEHA,76.00,79.00,76.00,78.00,510100
07/24/2020,WICO,580.00,580.00,580.00,580.00,100
07/24/2020,WIIM,226.00,232.00,222.00,224.00,5040900
07/24/2020,WIKA,1255.00,1265.00,1225.00,1230.00,21809800
07/24/2020,WINS,92.00,92.00,89.00,92.00,452900
07/24/2020,WOMF,208.00,208.00,204.00,206.00,71700
07/24/2020,WOOD,404.00,412.00,380.00,392.00,53948900
07/24/2020,WOWS,96.00,97.00,90.00,90.00,13338800
07/24/2020,WSBP,202.00,202.00,199.00,202.00,96820400
07/24/2020,WSKT,730.00,730.00,705.00,710.00,43947300
07/24/2020,WTON,294.00,294.00,288.00,290.00,13059100
07/24/2020,XAFA,1030.00,1030.00,1030.00,1030.00,10000
07/24/2020,XAQA,789.00,789.00,789.00,789.00,0
07/24/2020,XASG,80.00,80.00,80.00,80.00,0
07/24/2020,XBES,822.00,822.00,822.00,822.00,200
07/24/2020,XBID,453.00,453.00,453.00,453.00,200
07/24/2020,XBIN,435.00,435.00,435.00,435.00,0
07/24/2020,XBLQ,376.00,376.00,376.00,376.00,0
07/24/2020,XBNI,911.00,913.00,909.00,913.00,25100
07/24/2020,XBSK,335.00,335.00,335.00,335.00,0
07/24/2020,XCID,82.00,83.00,75.00,80.00,71700
07/24/2020,XCIS,105.00,105.00,105.00,105.00,0
07/24/2020,XCLQ,81.00,81.00,81.00,81.00,0
07/24/2020,XDIF,386.00,386.00,386.00,386.00,0
07/24/2020,XIHD,411.00,411.00,405.00,405.00,106900
07/24/2020,XIIC,931.00,931.00,930.00,930.00,200
07/24/2020,XIID,436.00,443.00,436.00,438.00,2500
07/24/2020,XIIF,468.00,468.00,458.00,465.00,17200
07/24/2020,XIIT,462.00,466.00,459.00,466.00,40700
07/24/2020,XIJI,575.00,575.00,575.00,575.00,0
07/24/2020,XILV,102.00,102.00,102.00,102.00,0
07/24/2020,XIML,228.00,228.00,228.00,228.00,0
07/24/2020,XIPI,141.00,141.00,141.00,141.00,0
07/24/2020,XISB,398.00,398.00,398.00,398.00,0
07/24/2020,XISC,533.00,533.00,533.00,533.00,200
07/24/2020,XISI,274.00,274.00,274.00,274.00,0
07/24/2020,XISR,335.00,335.00,333.00,333.00,3100
07/24/2020,XKIV,368.00,368.00,368.00,368.00,0
07/24/2020,XMIG,143.00,143.00,143.00,143.00,0
07/24/2020,XMJM,1001.00,1001.00,1001.00,1001.00,0
07/24/2020,XMTS,406.00,406.00,406.00,406.00,0
07/24/2020,XNVE,116.00,116.00,116.00,116.00,50000
07/24/2020,XPCR,770.00,770.00,770.00,770.00,0
07/24/2020,XPDV,387.00,387.00,387.00,387.00,3000
07/24/2020,XPES,359.00,359.00,359.00,359.00,0
07/24/2020,XPFT,570.00,570.00,570.00,570.00,0
07/24/2020,XPID,425.00,425.00,425.00,425.00,0
07/24/2020,XPLC,397.00,397.00,397.00,397.00,100
07/24/2020,XPLQ,391.00,391.00,391.00,391.00,0
07/24/2020,XPMI,796.00,796.00,796.00,796.00,0
07/24/2020,XPSG,343.00,343.00,343.00,343.00,0
07/24/2020,XPTD,416.00,416.00,416.00,416.00,0
07/24/2020,XSBC,95.00,95.00,95.00,95.00,1800
07/24/2020,XSMU,109.00,109.00,109.00,109.00,0
07/24/2020,XSPI,750.00,750.00,750.00,750.00,0
07/24/2020,XSRI,154.00,154.00,154.00,154.00,0
07/24/2020,XSSI,118.00,120.00,118.00,120.00,200
07/24/2020,XSSK,576.00,576.00,576.00,576.00,0
07/24/2020,YELO,50.00,50.00,50.00,50.00,10400
07/24/2020,YELO-W,7.00,7.00,6.00,6.00,128700
07/24/2020,YPAS,468.00,468.00,468.00,468.00,0
07/24/2020,YULE,194.00,194.00,194.00,194.00,200
07/24/2020,ZBRA,50.00,50.00,50.00,50.00,100
07/24/2020,ZINC,139.00,141.00,136.00,137.00,129930200
07/24/2020,ZONE,416.00,416.00,414.00,416.00,61900
