<date>,<ticker>,<open>,<high>,<low>,<close>,<volume>
08/07/2020,AALI,9750.00,10175.00,9725.00,9750.00,6247200
08/07/2020,ABBA,50.00,50.00,50.00,50.00,55700
08/07/2020,ABDA,6900.00,6900.00,6900.00,6900.00,0
08/07/2020,ABMM,1050.00,1050.00,980.00,1000.00,2500
08/07/2020,ACES,1645.00,1690.00,1645.00,1660.00,14610700
08/07/2020,ACST,238.00,254.00,238.00,250.00,302400
08/07/2020,ADES,990.00,1005.00,985.00,995.00,140500
08/07/2020,ADHI,590.00,590.00,580.00,585.00,5864300
08/07/2020,ADMF,7675.00,7700.00,7575.00,7600.00,112300
08/07/2020,ADMG,103.00,111.00,103.00,106.00,1531900
08/07/2020,ADRO,1115.00,1130.00,1085.00,1095.00,42983500
08/07/2020,AGAR,490.00,490.00,490.00,490.00,200
08/07/2020,AGII,540.00,540.00,525.00,525.00,202600
08/07/2020,AGRO,240.00,240.00,230.00,234.00,20687600
08/07/2020,AGRS,146.00,154.00,146.00,146.00,108000
08/07/2020,AHAP,52.00,52.00,50.00,51.00,39600
08/07/2020,AIMS,180.00,180.00,180.00,180.00,0
08/07/2020,AISA,168.00,168.00,168.00,168.00,0
08/07/2020,AKKU,50.00,50.00,50.00,50.00,400
08/07/2020,AKPI,300.00,300.00,280.00,282.00,5400
08/07/2020,AKRA,2780.00,2830.00,2750.00,2770.00,13688000
08/07/2020,AKSI,248.00,254.00,248.00,252.00,10300
08/07/2020,ALDO,378.00,400.00,378.00,384.00,1300
08/07/2020,ALKA,360.00,360.00,360.00,360.00,1200
08/07/2020,ALMI,192.00,192.00,192.00,192.00,10400
08/07/2020,ALTO,374.00,374.00,374.00,374.00,0
08/07/2020,AMAG,236.00,250.00,234.00,238.00,259800
08/07/2020,AMAN,195.00,196.00,195.00,196.00,235400
08/07/2020,AMAR,364.00,372.00,352.00,370.00,461100
08/07/2020,AMFG,2830.00,2830.00,2830.00,2830.00,0
08/07/2020,AMIN,264.00,264.00,246.00,246.00,700
08/07/2020,AMOR,1990.00,1990.00,1990.00,1990.00,300
08/07/2020,AMRT,740.00,750.00,735.00,735.00,958300
08/07/2020,ANDI,50.00,50.00,50.00,50.00,81500
08/07/2020,ANJT,520.00,550.00,520.00,545.00,1200
08/07/2020,ANTM,840.00,865.00,835.00,840.00,263824700
08/07/2020,APEX,149.00,156.00,149.00,156.00,12400
08/07/2020,APIC,870.00,870.00,835.00,840.00,33813200
08/07/2020,APII,190.00,190.00,178.00,178.00,56200
08/07/2020,APLI,119.00,119.00,119.00,119.00,100
08/07/2020,APLN,110.00,111.00,108.00,109.00,12098600
08/07/2020,ARGO,1485.00,1485.00,1485.00,1485.00,0
08/07/2020,ARII,464.00,464.00,420.00,444.00,12400
08/07/2020,ARKA,288.00,288.00,288.00,288.00,0
08/07/2020,ARMY,50.00,50.00,50.00,50.00,0
08/07/2020,ARNA,420.00,422.00,416.00,420.00,2238700
08/07/2020,ARTA,302.00,302.00,302.00,302.00,0
08/07/2020,ARTI,50.00,50.00,50.00,50.00,0
08/07/2020,ARTO,2750.00,2750.00,2730.00,2740.00,22800
08/07/2020,ASBI,264.00,270.00,264.00,270.00,200
08/07/2020,ASDM,950.00,950.00,950.00,950.00,2200
08/07/2020,ASGR,665.00,675.00,655.00,670.00,470500
08/07/2020,ASII,5225.00,5300.00,5100.00,5275.00,35036700
08/07/2020,ASJT,125.00,132.00,125.00,130.00,44300
08/07/2020,ASMI,1185.00,1185.00,1170.00,1170.00,36400
08/07/2020,ASPI,200.00,204.00,189.00,190.00,13692400
08/07/2020,ASPI-W,28.00,28.00,25.00,26.00,5828400
08/07/2020,ASRI,120.00,122.00,118.00,118.00,9673500
08/07/2020,ASRM,1990.00,2200.00,1990.00,2150.00,74400
08/07/2020,ASSA,530.00,565.00,530.00,550.00,11896200
08/07/2020,ATIC,575.00,575.00,575.00,575.00,100
08/07/2020,AUTO,875.00,890.00,870.00,875.00,640700
08/07/2020,AYLS,50.00,50.00,50.00,50.00,2000
08/07/2020,AYLS-W,4.00,5.00,4.00,5.00,305600
08/07/2020,BABP,50.00,50.00,50.00,50.00,100
08/07/2020,BABP-W3,30.00,48.00,30.00,31.00,104100
08/07/2020,BABP-W4,7.00,8.00,7.00,7.00,207900
08/07/2020,BACA,400.00,410.00,374.00,406.00,6900
08/07/2020,BACA-W2,100.00,100.00,100.00,100.00,0
08/07/2020,BAJA,54.00,59.00,54.00,57.00,257000
08/07/2020,BALI,880.00,880.00,880.00,880.00,0
08/07/2020,BAPA,50.00,50.00,50.00,50.00,1000
08/07/2020,BAPI,50.00,50.00,50.00,50.00,14500
08/07/2020,BAPI-W,3.00,3.00,2.00,3.00,2093900
08/07/2020,BATA,595.00,615.00,575.00,600.00,7500
08/07/2020,BAYU,1085.00,1085.00,1025.00,1025.00,14600
08/07/2020,BBCA,31325.00,31425.00,30800.00,30900.00,8724200
08/07/2020,BBHI,137.00,180.00,137.00,167.00,2355000
08/07/2020,BBKP,184.00,206.00,183.00,193.00,889191200
08/07/2020,BBLD,360.00,382.00,360.00,382.00,1300
08/07/2020,BBMD,1465.00,1550.00,1400.00,1400.00,4800
08/07/2020,BBNI,4640.00,4680.00,4600.00,4620.00,28421200
08/07/2020,BBRI,3110.00,3130.00,3060.00,3110.00,89917300
08/07/2020,BBRM,50.00,50.00,50.00,50.00,0
08/07/2020,BBSS,130.00,134.00,123.00,125.00,11008000
08/07/2020,BBSS-W,5.00,5.00,4.00,5.00,1731400
08/07/2020,BBTN,1340.00,1350.00,1310.00,1330.00,35807000
08/07/2020,BBYB,290.00,290.00,290.00,290.00,1200
08/07/2020,BCAP,148.00,149.00,146.00,147.00,14290900
08/07/2020,BCIC,700.00,700.00,700.00,700.00,0
08/07/2020,BCIP,50.00,50.00,50.00,50.00,106600
08/07/2020,BDMN,2780.00,2800.00,2730.00,2770.00,543700
08/07/2020,BEEF,192.00,194.00,189.00,192.00,1846100
08/07/2020,BEEF-W,14.00,14.00,13.00,13.00,1258800
08/07/2020,BEKS,50.00,50.00,50.00,50.00,104600
08/07/2020,BELL,158.00,158.00,154.00,156.00,7452800
08/07/2020,BESS,282.00,294.00,276.00,290.00,2264300
08/07/2020,BESS-W,55.00,62.00,55.00,62.00,260500
08/07/2020,BEST,122.00,122.00,116.00,117.00,22681200
08/07/2020,BFIN,280.00,290.00,276.00,284.00,22839600
08/07/2020,BGTG,51.00,52.00,50.00,50.00,2556400
08/07/2020,BHAT,450.00,452.00,440.00,444.00,128344700
08/07/2020,BHIT,50.00,50.00,50.00,50.00,31300
08/07/2020,BIKA,190.00,190.00,190.00,190.00,0
08/07/2020,BIMA,50.00,50.00,50.00,50.00,1100
08/07/2020,BINA,840.00,855.00,840.00,850.00,10200
08/07/2020,BIPI,50.00,50.00,50.00,50.00,25200
08/07/2020,BIPI-W,7.00,8.00,7.00,8.00,10800
08/07/2020,BIPP,72.00,72.00,65.00,68.00,231700
08/07/2020,BIRD,1055.00,1060.00,1015.00,1020.00,539200
08/07/2020,BISI,915.00,920.00,895.00,900.00,740800
08/07/2020,BJBR,920.00,930.00,905.00,910.00,6958900
08/07/2020,BJTM,555.00,560.00,545.00,550.00,13095300
08/07/2020,BKDP,50.00,50.00,50.00,50.00,2700
08/07/2020,BKSL,50.00,50.00,50.00,50.00,181700
08/07/2020,BKSW,75.00,75.00,73.00,73.00,17000
08/07/2020,BLTA,50.00,50.00,50.00,50.00,50000
08/07/2020,BLTZ,3600.00,3600.00,3600.00,3600.00,0
08/07/2020,BLUE,535.00,540.00,525.00,530.00,119100
08/07/2020,BMAS,290.00,290.00,274.00,276.00,1900
08/07/2020,BMRI,5700.00,5800.00,5625.00,5800.00,28614400
08/07/2020,BMSR,54.00,59.00,54.00,54.00,27500
08/07/2020,BMTR,202.00,208.00,200.00,202.00,27832000
08/07/2020,BNBA,306.00,314.00,306.00,314.00,481400
08/07/2020,BNBR,50.00,50.00,50.00,50.00,100
08/07/2020,BNGA,765.00,770.00,740.00,750.00,3200700
08/07/2020,BNII,197.00,228.00,195.00,204.00,41641000
08/07/2020,BNLI,1240.00,1250.00,1235.00,1250.00,6809000
08/07/2020,BOGA,1450.00,1450.00,1430.00,1440.00,90540400
08/07/2020,BOLA,160.00,165.00,159.00,165.00,47000
08/07/2020,BOLT,855.00,855.00,855.00,855.00,0
08/07/2020,BOSS,76.00,78.00,76.00,76.00,1559500
08/07/2020,BPFI,1280.00,1280.00,1280.00,1280.00,0
08/07/2020,BPII,10000.00,10000.00,10000.00,10000.00,0
08/07/2020,BPTR,70.00,78.00,70.00,74.00,34400
08/07/2020,BRAM,5325.00,5325.00,5325.00,5325.00,0
08/07/2020,BRIS,565.00,565.00,545.00,550.00,71784900
08/07/2020,BRMS,50.00,50.00,50.00,50.00,494600
08/07/2020,BRNA,935.00,935.00,930.00,930.00,2000
08/07/2020,BRPT,925.00,930.00,880.00,885.00,80078800
08/07/2020,BRPT-W,600.00,600.00,600.00,600.00,300
08/07/2020,BSDE,705.00,705.00,680.00,685.00,18925400
08/07/2020,BSIM,500.00,515.00,500.00,515.00,5300
08/07/2020,BSIM-W3,20.00,20.00,17.00,17.00,18000
08/07/2020,BSSR,1280.00,1280.00,1275.00,1275.00,4300
08/07/2020,BSWD,1750.00,1750.00,1750.00,1750.00,0
08/07/2020,BTEK,50.00,50.00,50.00,50.00,100
08/07/2020,BTEL,50.00,50.00,50.00,50.00,0
08/07/2020,BTON,164.00,167.00,161.00,167.00,224800
08/07/2020,BTPN,2230.00,2230.00,2170.00,2180.00,185900
08/07/2020,BTPS,3600.00,3630.00,3570.00,3620.00,7794000
08/07/2020,BUDI,90.00,90.00,89.00,90.00,796300
08/07/2020,BUKK,705.00,705.00,695.00,705.00,26500
08/07/2020,BULL,296.00,300.00,288.00,288.00,199086800
08/07/2020,BULL-W2,96.00,96.00,86.00,86.00,846200
08/07/2020,BUMI,50.00,50.00,50.00,50.00,8858000
08/07/2020,BUVA,56.00,56.00,54.00,55.00,44000
08/07/2020,BVIC,60.00,67.00,60.00,61.00,3749400
08/07/2020,BWPT,117.00,122.00,115.00,117.00,296742400
08/07/2020,BYAN,13750.00,13750.00,13200.00,13200.00,13200
08/07/2020,CAKK,50.00,50.00,50.00,50.00,2600
08/07/2020,CAKK-W,6.00,8.00,4.00,5.00,1425200
08/07/2020,CAMP,198.00,200.00,196.00,197.00,125100
08/07/2020,CANI,124.00,124.00,124.00,124.00,0
08/07/2020,CARE,340.00,346.00,338.00,340.00,187857200
08/07/2020,CARS,50.00,50.00,50.00,50.00,21400
08/07/2020,CASA,310.00,326.00,308.00,326.00,146600
08/07/2020,CASA-W,36.00,36.00,36.00,36.00,0
08/07/2020,CASH,585.00,600.00,580.00,595.00,5230500
08/07/2020,CASH-W,26.00,28.00,25.00,26.00,16219500
08/07/2020,CASS,187.00,204.00,187.00,197.00,1462000
08/07/2020,CBMF,248.00,248.00,216.00,238.00,5021300
08/07/2020,CCSI,248.00,252.00,242.00,242.00,256900
08/07/2020,CEKA,1950.00,1950.00,1910.00,1920.00,75600
08/07/2020,CENT,139.00,145.00,137.00,143.00,30862400
08/07/2020,CFIN,192.00,195.00,188.00,190.00,3227600
08/07/2020,CINT,242.00,252.00,242.00,252.00,87000
08/07/2020,CITA,1995.00,2000.00,1985.00,2000.00,54300
08/07/2020,CITY,62.00,62.00,51.00,54.00,31600
08/07/2020,CITY-W,16.00,16.00,15.00,15.00,5100
08/07/2020,CKRA,76.00,76.00,76.00,76.00,0
08/07/2020,CLAY,1990.00,1990.00,1990.00,1990.00,0
08/07/2020,CLEO,525.00,530.00,515.00,520.00,8831700
08/07/2020,CLPI,710.00,715.00,700.00,710.00,37800
08/07/2020,CMNP,985.00,1000.00,985.00,985.00,54700
08/07/2020,CMPP,184.00,184.00,184.00,184.00,0
08/07/2020,CNKO,50.00,50.00,50.00,50.00,100
08/07/2020,CNTB,250.00,250.00,250.00,250.00,0
08/07/2020,CNTX,240.00,240.00,240.00,240.00,100
08/07/2020,COCO,775.00,800.00,755.00,795.00,6800
08/07/2020,COCO-W,175.00,175.00,175.00,175.00,100
08/07/2020,COWL,50.00,50.00,50.00,50.00,0
08/07/2020,CPIN,6275.00,6275.00,6200.00,6250.00,5720300
08/07/2020,CPRI,50.00,50.00,50.00,50.00,327800
08/07/2020,CPRI-W,14.00,14.00,14.00,14.00,0
08/07/2020,CPRO,50.00,50.00,50.00,50.00,0
08/07/2020,CSAP,322.00,322.00,300.00,302.00,330300
08/07/2020,CSIS,50.00,50.00,50.00,50.00,176600
08/07/2020,CSMI,228.00,228.00,194.00,194.00,35800
08/07/2020,CSRA,316.00,386.00,316.00,346.00,39653000
08/07/2020,CTBN,2450.00,2450.00,2450.00,2450.00,0
08/07/2020,CTRA,645.00,655.00,625.00,635.00,52666000
08/07/2020,CTTH,50.00,51.00,50.00,51.00,8100
08/07/2020,DADA,73.00,75.00,71.00,72.00,50459300
08/07/2020,DADA-W,5.00,5.00,4.00,4.00,9261700
08/07/2020,DART,248.00,248.00,248.00,248.00,100
08/07/2020,DAYA,570.00,570.00,570.00,570.00,0
08/07/2020,DEAL,80.00,88.00,80.00,88.00,7796300
08/07/2020,DEAL-W,11.00,11.00,11.00,11.00,0
08/07/2020,DEFI,1785.00,1785.00,1770.00,1770.00,21300
08/07/2020,DEWA,50.00,50.00,50.00,50.00,2000
08/07/2020,DFAM,330.00,330.00,308.00,308.00,1200
08/07/2020,DFAM-W,120.00,120.00,120.00,120.00,0
08/07/2020,DGIK,50.00,50.00,50.00,50.00,100
08/07/2020,DIGI,1960.00,1960.00,1960.00,1960.00,0
08/07/2020,DILD,177.00,179.00,176.00,179.00,895000
08/07/2020,DIVA,1950.00,2000.00,1890.00,2000.00,268100
08/07/2020,DKFT,132.00,135.00,128.00,131.00,3724200
08/07/2020,DLTA,4530.00,4530.00,4490.00,4500.00,42100
08/07/2020,DMAS,234.00,236.00,220.00,222.00,76111600
08/07/2020,DMMX,240.00,246.00,238.00,244.00,25866900
08/07/2020,DMND,950.00,960.00,940.00,955.00,60000
08/07/2020,DNAR,284.00,284.00,262.00,262.00,800
08/07/2020,DNET,3400.00,3400.00,3400.00,3400.00,0
08/07/2020,DOID,288.00,292.00,274.00,278.00,176072500
08/07/2020,DPNS,260.00,262.00,250.00,250.00,6200
08/07/2020,DPUM,62.00,65.00,62.00,65.00,175000
08/07/2020,DSFI,60.00,67.00,60.00,65.00,302300
08/07/2020,DSNG,384.00,412.00,384.00,406.00,9820600
08/07/2020,DSSA,20500.00,20500.00,20500.00,20500.00,1600
08/07/2020,DUCK,318.00,318.00,306.00,314.00,3813100
08/07/2020,DUTI,3530.00,3920.00,3530.00,3920.00,6000
08/07/2020,DVLA,2350.00,2350.00,2280.00,2300.00,24900
08/07/2020,DWGL,197.00,230.00,196.00,212.00,29400
08/07/2020,DWGL-W,45.00,45.00,35.00,42.00,86000
08/07/2020,DYAN,50.00,50.00,50.00,50.00,3560800
08/07/2020,EAST,52.00,54.00,52.00,53.00,506100
08/07/2020,EAST-W,6.00,6.00,5.00,6.00,1908200
08/07/2020,ECII,750.00,750.00,750.00,750.00,15000
08/07/2020,EKAD,1245.00,1255.00,1220.00,1245.00,508000
08/07/2020,ELSA,246.00,246.00,236.00,236.00,83805100
08/07/2020,ELTY,50.00,50.00,50.00,50.00,3000
08/07/2020,EMDE,202.00,202.00,202.00,202.00,0
08/07/2020,EMTK,4290.00,4900.00,4120.00,4900.00,3252400
08/07/2020,ENRG,51.00,51.00,50.00,51.00,3577700
08/07/2020,ENVY,101.00,104.00,99.00,100.00,507124500
08/07/2020,EPAC,244.00,252.00,242.00,242.00,2721300
08/07/2020,EPMT,1855.00,1855.00,1800.00,1850.00,72200
08/07/2020,ERAA,1535.00,1640.00,1530.00,1620.00,74876200
08/07/2020,ERTX,120.00,120.00,113.00,113.00,500
08/07/2020,ESIP,234.00,244.00,232.00,236.00,16612100
08/07/2020,ESIP-W,14.00,15.00,14.00,15.00,4715200
08/07/2020,ESSA,155.00,158.00,155.00,155.00,972900
08/07/2020,ESTA,98.00,100.00,98.00,100.00,1700
08/07/2020,ESTI,50.00,50.00,50.00,50.00,900
08/07/2020,ETWA,64.00,64.00,64.00,64.00,1000
08/07/2020,EXCL,2530.00,2560.00,2410.00,2440.00,26103200
08/07/2020,FAST,900.00,920.00,900.00,915.00,41600
08/07/2020,FASW,7000.00,7000.00,7000.00,7000.00,500
08/07/2020,FILM,160.00,160.00,153.00,156.00,791400
08/07/2020,FINN,50.00,50.00,50.00,50.00,0
08/07/2020,FIRE,145.00,148.00,136.00,138.00,11064900
08/07/2020,FISH,2630.00,2710.00,2630.00,2690.00,700
08/07/2020,FITT,66.00,67.00,66.00,67.00,2100
08/07/2020,FITT-W,25.00,25.00,20.00,24.00,26900
08/07/2020,FMII,745.00,745.00,745.00,745.00,0
08/07/2020,FOOD,114.00,117.00,112.00,115.00,7663000
08/07/2020,FORU,98.00,98.00,82.00,95.00,2700
08/07/2020,FORZ,50.00,50.00,50.00,50.00,100
08/07/2020,FPNI,89.00,90.00,88.00,88.00,1908200
08/07/2020,FREN,147.00,150.00,140.00,143.00,167540500
08/07/2020,FREN-W,60.00,65.00,59.00,60.00,5297300
08/07/2020,FUJI,106.00,106.00,105.00,105.00,200
08/07/2020,GAMA,50.00,50.00,50.00,50.00,0
08/07/2020,GDST,54.00,57.00,54.00,56.00,200000
08/07/2020,GDYR,1430.00,1430.00,1425.00,1425.00,500
08/07/2020,GEMA,372.00,372.00,372.00,372.00,0
08/07/2020,GEMS,2550.00,2550.00,2550.00,2550.00,0
08/07/2020,GGRM,51550.00,51650.00,50250.00,50475.00,1382400
08/07/2020,GGRP,274.00,288.00,272.00,272.00,4100
08/07/2020,GHON,1405.00,1440.00,1350.00,1355.00,10400
08/07/2020,GIAA,270.00,280.00,260.00,260.00,227156100
08/07/2020,GJTL,585.00,585.00,545.00,560.00,5973000
08/07/2020,GLOB,160.00,160.00,131.00,132.00,53700
08/07/2020,GLVA,308.00,322.00,308.00,322.00,1500
08/07/2020,GMFI,81.00,87.00,81.00,83.00,18336700
08/07/2020,GMTD,17975.00,17975.00,17975.00,17975.00,0
08/07/2020,GOLD,182.00,212.00,182.00,202.00,150600
08/07/2020,GOLL,50.00,50.00,50.00,50.00,0
08/07/2020,GOOD,1335.00,1350.00,1325.00,1325.00,281800
08/07/2020,GPRA,51.00,51.00,50.00,51.00,163900
08/07/2020,GREN,328.00,328.00,328.00,328.00,0
08/07/2020,GSMF,100.00,100.00,100.00,100.00,44000
08/07/2020,GTBO,75.00,75.00,75.00,75.00,0
08/07/2020,GWSA,103.00,103.00,99.00,99.00,20500
08/07/2020,GZCO,50.00,50.00,50.00,50.00,20300
08/07/2020,HADE,50.00,50.00,50.00,50.00,0
08/07/2020,HDFA,163.00,163.00,143.00,143.00,6500
08/07/2020,HDIT,555.00,555.00,496.00,496.00,500
08/07/2020,HDTX,120.00,120.00,120.00,120.00,0
08/07/2020,HEAL,3140.00,3210.00,3140.00,3150.00,168000
08/07/2020,HELI,210.00,210.00,200.00,208.00,8300
08/07/2020,HELI-W,9.00,9.00,8.00,9.00,133700
08/07/2020,HERO,880.00,880.00,840.00,840.00,4500
08/07/2020,HEXA,3480.00,3480.00,3440.00,3450.00,67100
08/07/2020,HITS,550.00,550.00,550.00,550.00,0
08/07/2020,HKMU,76.00,77.00,75.00,77.00,14652500
08/07/2020,HMSP,1680.00,1690.00,1645.00,1655.00,27177300
08/07/2020,HOKI,640.00,650.00,635.00,640.00,5842400
08/07/2020,HOKI-W,625.00,625.00,625.00,625.00,900
08/07/2020,HOME,50.00,50.00,50.00,50.00,0
08/07/2020,HOTL,50.00,50.00,50.00,50.00,6000
08/07/2020,HRME,52.00,54.00,51.00,52.00,10849300
08/07/2020,HRTA,240.00,248.00,234.00,246.00,815000
08/07/2020,HRUM,1315.00,1315.00,1285.00,1285.00,1654500
08/07/2020,IATA,50.00,50.00,50.00,50.00,0
08/07/2020,IBFN,290.00,290.00,270.00,270.00,5500
08/07/2020,IBFN-W,7.00,7.00,5.00,7.00,47200
08/07/2020,IBST,8200.00,8200.00,8200.00,8200.00,0
08/07/2020,ICBP,10325.00,10375.00,10075.00,10175.00,11490600
08/07/2020,ICON,54.00,58.00,54.00,57.00,32100
08/07/2020,IDPR,179.00,179.00,168.00,168.00,109500
08/07/2020,IFII,132.00,132.00,128.00,131.00,230000
08/07/2020,IFSH,412.00,430.00,410.00,410.00,1000
08/07/2020,IGAR,294.00,310.00,282.00,282.00,274600
08/07/2020,IIKP,50.00,50.00,50.00,50.00,0
08/07/2020,IKAI,50.00,50.00,50.00,50.00,0
08/07/2020,IKAN,715.00,725.00,665.00,680.00,18370400
08/07/2020,IKBI,220.00,220.00,220.00,220.00,9300
08/07/2020,IMAS,605.00,605.00,580.00,590.00,5664100
08/07/2020,IMJS,252.00,252.00,234.00,238.00,860900
08/07/2020,IMPC,1260.00,1270.00,1235.00,1235.00,681300
08/07/2020,INAF,3190.00,3190.00,3190.00,3190.00,0
08/07/2020,INAI,346.00,346.00,332.00,346.00,700
08/07/2020,INCF,50.00,50.00,50.00,50.00,6300
08/07/2020,INCI,665.00,665.00,640.00,645.00,134200
08/07/2020,INCO,3690.00,3740.00,3610.00,3650.00,24748500
08/07/2020,INDF,7025.00,7075.00,6850.00,6875.00,11677700
08/07/2020,INDO,128.00,128.00,121.00,121.00,912900
08/07/2020,INDO-W,32.00,33.00,30.00,32.00,386800
08/07/2020,INDR,2270.00,2340.00,2270.00,2340.00,600
08/07/2020,INDS,2100.00,2100.00,2030.00,2030.00,18700
08/07/2020,INDX,58.00,59.00,55.00,59.00,9200
08/07/2020,INDY,1010.00,1035.00,990.00,990.00,19427600
08/07/2020,INKP,8600.00,8775.00,8325.00,8575.00,12414300
08/07/2020,INOV,254.00,254.00,230.00,230.00,85700
08/07/2020,INPC,52.00,52.00,50.00,50.00,119400
08/07/2020,INPC-W,4.00,4.00,4.00,4.00,166800
08/07/2020,INPP,665.00,775.00,665.00,695.00,4300
08/07/2020,INPS,1585.00,1620.00,1530.00,1620.00,14100
08/07/2020,INRU,765.00,765.00,765.00,765.00,0
08/07/2020,INTA,260.00,280.00,260.00,270.00,8800
08/07/2020,INTD,159.00,159.00,150.00,150.00,200
08/07/2020,INTP,12150.00,12150.00,11800.00,11875.00,6785300
08/07/2020,IPCC,436.00,438.00,418.00,420.00,9962100
08/07/2020,IPCM,220.00,224.00,212.00,222.00,183200
08/07/2020,IPOL,71.00,94.00,71.00,92.00,9671000
08/07/2020,IPTV,328.00,328.00,318.00,318.00,34119700
08/07/2020,IPTV-W,45.00,45.00,35.00,35.00,373300
08/07/2020,IRRA,545.00,590.00,545.00,590.00,10831000
08/07/2020,ISAT,2400.00,2430.00,2330.00,2390.00,3955800
08/07/2020,ISSP,126.00,126.00,123.00,124.00,2093000
08/07/2020,ITIC,815.00,820.00,765.00,795.00,745800
08/07/2020,ITMA,410.00,410.00,410.00,410.00,0
08/07/2020,ITMA-W,45.00,45.00,45.00,45.00,0
08/07/2020,ITMG,7950.00,8000.00,7800.00,7850.00,2027400
08/07/2020,JAST,70.00,78.00,69.00,73.00,19773900
08/07/2020,JAWA,54.00,56.00,50.00,51.00,1100400
08/07/2020,JAYA,79.00,82.00,77.00,79.00,1033300
08/07/2020,JAYA-W,11.00,11.00,10.00,11.00,171500
08/07/2020,JECC,6350.00,6350.00,6325.00,6350.00,1300
08/07/2020,JGLE,50.00,50.00,50.00,50.00,0
08/07/2020,JIHD,500.00,520.00,492.00,515.00,15900
08/07/2020,JKON,322.00,340.00,322.00,340.00,210000
08/07/2020,JKSW,60.00,60.00,60.00,60.00,0
08/07/2020,JMAS,200.00,208.00,192.00,208.00,10100
08/07/2020,JPFA,1055.00,1070.00,1045.00,1045.00,9515600
08/07/2020,JRPT,424.00,424.00,418.00,422.00,460200
08/07/2020,JSKY,78.00,80.00,77.00,79.00,1531500
08/07/2020,JSMR,4120.00,4120.00,3970.00,4030.00,7705200
08/07/2020,JSPT,995.00,995.00,995.00,995.00,400
08/07/2020,JTPE,750.00,755.00,750.00,755.00,145300
08/07/2020,KAEF,3180.00,3180.00,3180.00,3180.00,0
08/07/2020,KARW,50.00,50.00,50.00,50.00,500
08/07/2020,KAYU,50.00,51.00,50.00,50.00,246900
08/07/2020,KBAG,304.00,320.00,290.00,290.00,193900
08/07/2020,KBAG-W,56.00,59.00,53.00,54.00,35168700
08/07/2020,KBLI,378.00,380.00,368.00,374.00,981500
08/07/2020,KBLM,194.00,198.00,194.00,196.00,195500
08/07/2020,KBLV,310.00,312.00,310.00,312.00,700
08/07/2020,KBRI,50.00,50.00,50.00,50.00,0
08/07/2020,KDSI,785.00,785.00,720.00,720.00,99600
08/07/2020,KEEN,332.00,338.00,332.00,338.00,3017700
08/07/2020,KEJU,1015.00,1030.00,1015.00,1020.00,284400
08/07/2020,KIAS,50.00,50.00,50.00,50.00,500
08/07/2020,KICI,234.00,236.00,234.00,236.00,600
08/07/2020,KIJA,144.00,145.00,142.00,143.00,5758100
08/07/2020,KINO,3350.00,3350.00,3270.00,3290.00,151600
08/07/2020,KIOS,173.00,174.00,163.00,165.00,11700
08/07/2020,KIOS-W,7.00,11.00,7.00,11.00,200
08/07/2020,KJEN,1100.00,1100.00,1100.00,1100.00,0
08/07/2020,KKGI,190.00,198.00,189.00,194.00,23100
08/07/2020,KLBF,1600.00,1610.00,1575.00,1580.00,32217900
08/07/2020,KMTR,318.00,318.00,304.00,318.00,15300
08/07/2020,KOBX,91.00,92.00,89.00,90.00,115600
08/07/2020,KOIN,100.00,100.00,100.00,100.00,0
08/07/2020,KONI,525.00,525.00,525.00,525.00,0
08/07/2020,KOPI,500.00,500.00,500.00,500.00,29400
08/07/2020,KOTA,645.00,645.00,630.00,635.00,15665100
08/07/2020,KOTA-W,400.00,400.00,400.00,400.00,100
08/07/2020,KPAL,54.00,58.00,54.00,56.00,873400
08/07/2020,KPAS,51.00,51.00,50.00,50.00,1184000
08/07/2020,KPAS-W,10.00,11.00,9.00,10.00,51500
08/07/2020,KPIG,109.00,109.00,107.00,108.00,14624800
08/07/2020,KRAH,448.00,448.00,448.00,448.00,4300
08/07/2020,KRAS,378.00,392.00,372.00,376.00,105954200
08/07/2020,KREN,102.00,106.00,101.00,103.00,12931300
08/07/2020,LAND,199.00,212.00,191.00,202.00,99400
08/07/2020,LAPD,50.00,50.00,50.00,50.00,0
08/07/2020,LCGP,114.00,114.00,114.00,114.00,0
08/07/2020,LCKM,372.00,374.00,372.00,374.00,9800
08/07/2020,LEAD,50.00,50.00,50.00,50.00,100
08/07/2020,LIFE,5450.00,5450.00,5450.00,5450.00,0
08/07/2020,LINK,1960.00,1975.00,1915.00,1925.00,1351400
08/07/2020,LION,300.00,306.00,286.00,288.00,85500
08/07/2020,LMAS,50.00,50.00,50.00,50.00,1500
08/07/2020,LMPI,81.00,83.00,81.00,83.00,700
08/07/2020,LMSH,246.00,246.00,246.00,246.00,0
08/07/2020,LPCK,790.00,810.00,780.00,785.00,185000
08/07/2020,LPGI,3750.00,3780.00,3690.00,3700.00,97100
08/07/2020,LPIN,216.00,230.00,212.00,214.00,104500
08/07/2020,LPKR,143.00,145.00,138.00,138.00,10371600
08/07/2020,LPLI,76.00,76.00,76.00,76.00,0
08/07/2020,LPPF,1280.00,1295.00,1220.00,1230.00,33539000
08/07/2020,LPPS,72.00,72.00,72.00,72.00,22900
08/07/2020,LRNA,146.00,146.00,146.00,146.00,0
08/07/2020,LSIP,990.00,1040.00,980.00,995.00,85714300
08/07/2020,LTLS,440.00,442.00,434.00,442.00,27500
08/07/2020,LUCK,216.00,216.00,216.00,216.00,1004100
08/07/2020,MABA,50.00,50.00,50.00,50.00,0
08/07/2020,MAGP,50.00,50.00,50.00,50.00,0
08/07/2020,MAIN,595.00,600.00,580.00,585.00,4061000
08/07/2020,MAMI,50.00,50.00,50.00,50.00,2800
08/07/2020,MAMI-W,5.00,5.00,4.00,4.00,691200
08/07/2020,MAMIP,600.00,600.00,600.00,600.00,0
08/07/2020,MAPA,2090.00,2130.00,2060.00,2080.00,1176000
08/07/2020,MAPB,1330.00,1480.00,1310.00,1310.00,1100
08/07/2020,MAPI,700.00,710.00,685.00,700.00,42980200
08/07/2020,MARI,50.00,51.00,50.00,50.00,6442400
08/07/2020,MARK,875.00,900.00,875.00,890.00,6113400
08/07/2020,MASA,565.00,605.00,555.00,555.00,33900
08/07/2020,MAYA,6500.00,6500.00,6500.00,6500.00,0
08/07/2020,MBAP,1735.00,1770.00,1700.00,1750.00,369400
08/07/2020,MBSS,420.00,420.00,400.00,412.00,1664200
08/07/2020,MBTO,75.00,76.00,70.00,70.00,223000
08/07/2020,MCAS,2300.00,2340.00,2280.00,2310.00,1727000
08/07/2020,MCOR,129.00,132.00,125.00,127.00,6744700
08/07/2020,MDIA,50.00,50.00,50.00,50.00,2100
08/07/2020,MDKA,2040.00,2120.00,2010.00,2050.00,140705300
08/07/2020,MDKI,152.00,153.00,147.00,153.00,27800
08/07/2020,MDLN,56.00,57.00,55.00,56.00,30947700
08/07/2020,MDRN,50.00,50.00,50.00,50.00,1000
08/07/2020,MEDC,474.00,486.00,470.00,474.00,100464500
08/07/2020,MEDC-W,24.00,26.00,22.00,23.00,14588400
08/07/2020,MEGA,7200.00,7200.00,7200.00,7200.00,100
08/07/2020,MERK,3550.00,3600.00,3480.00,3500.00,653300
08/07/2020,META,109.00,111.00,107.00,110.00,342900
08/07/2020,MFIN,970.00,995.00,970.00,995.00,12700
08/07/2020,MFMI,520.00,520.00,520.00,520.00,4200
08/07/2020,MGNA,50.00,50.00,50.00,50.00,0
08/07/2020,MGRO,800.00,830.00,795.00,815.00,4506800
08/07/2020,MICE,306.00,306.00,300.00,300.00,4700
08/07/2020,MIDI,1390.00,1390.00,1390.00,1390.00,300
08/07/2020,MIKA,2480.00,2490.00,2390.00,2440.00,25790200
08/07/2020,MINA,50.00,50.00,50.00,50.00,3700
08/07/2020,MIRA,50.00,50.00,50.00,50.00,100
08/07/2020,MITI,51.00,51.00,51.00,51.00,0
08/07/2020,MKNT,50.00,50.00,50.00,50.00,100
08/07/2020,MKPI,14625.00,14625.00,14625.00,14625.00,0
08/07/2020,MLBI,9625.00,9675.00,9625.00,9650.00,67600
08/07/2020,MLIA,530.00,535.00,505.00,505.00,5447700
08/07/2020,MLPL,51.00,51.00,50.00,50.00,1127700
08/07/2020,MLPT,565.00,585.00,560.00,570.00,183800
08/07/2020,MMLP,188.00,188.00,187.00,188.00,2200100
08/07/2020,MNCN,885.00,900.00,870.00,890.00,87606800
08/07/2020,MOLI,850.00,950.00,850.00,950.00,27700
08/07/2020,MPMX,484.00,484.00,476.00,482.00,684200
08/07/2020,MPOW,53.00,58.00,53.00,56.00,272800
08/07/2020,MPPA,111.00,112.00,108.00,110.00,597600
08/07/2020,MPRO,875.00,875.00,875.00,875.00,0
08/07/2020,MRAT,138.00,144.00,138.00,139.00,12600
08/07/2020,MREI,4400.00,4400.00,4400.00,4400.00,0
08/07/2020,MSIN,272.00,284.00,272.00,282.00,9483800
08/07/2020,MSKY,1140.00,1140.00,1140.00,1140.00,100
08/07/2020,MTDL,1595.00,1600.00,1560.00,1570.00,1668000
08/07/2020,MTFN,50.00,50.00,50.00,50.00,100
08/07/2020,MTLA,386.00,386.00,386.00,386.00,600
08/07/2020,MTPS,135.00,144.00,135.00,139.00,12500
08/07/2020,MTRA,244.00,244.00,244.00,244.00,0
08/07/2020,MTSM,202.00,202.00,202.00,202.00,0
08/07/2020,MTWI,50.00,51.00,50.00,51.00,200
08/07/2020,MYOH,1100.00,1125.00,1100.00,1115.00,75400
08/07/2020,MYOR,2280.00,2300.00,2240.00,2260.00,4208600
08/07/2020,MYRX,50.00,50.00,50.00,50.00,0
08/07/2020,MYRXP,50.00,50.00,50.00,50.00,0
08/07/2020,MYTX,51.00,53.00,50.00,52.00,102800
08/07/2020,NASA,104.00,104.00,104.00,104.00,0
08/07/2020,NATO,252.00,266.00,252.00,260.00,192500
08/07/2020,NATO-W,52.00,52.00,52.00,52.00,0
08/07/2020,NELY,132.00,132.00,132.00,132.00,2100
08/07/2020,NFCX,1840.00,1900.00,1830.00,1900.00,139800
08/07/2020,NICK,306.00,306.00,306.00,306.00,0
08/07/2020,NIKL,905.00,945.00,890.00,900.00,13247600
08/07/2020,NIPS,282.00,282.00,282.00,282.00,0
08/07/2020,NIRO,134.00,140.00,134.00,138.00,100400
08/07/2020,NISP,705.00,720.00,700.00,705.00,532200
08/07/2020,NOBU,675.00,675.00,675.00,675.00,800
08/07/2020,NRCA,318.00,318.00,312.00,314.00,81200
08/07/2020,NUSA,50.00,50.00,50.00,50.00,100
08/07/2020,NZIA,178.00,199.00,175.00,176.00,81300
08/07/2020,NZIA-W,5.00,6.00,4.00,5.00,463400
08/07/2020,OASA,398.00,398.00,398.00,398.00,100
08/07/2020,OCAP,174.00,174.00,174.00,174.00,0
08/07/2020,OKAS,74.00,81.00,74.00,79.00,252100
08/07/2020,OMRE,316.00,316.00,316.00,316.00,0
08/07/2020,OPMS,128.00,152.00,128.00,151.00,30108800
08/07/2020,PADI,50.00,50.00,50.00,50.00,75000
08/07/2020,PALM,264.00,272.00,252.00,260.00,267600
08/07/2020,PAMG,80.00,85.00,78.00,80.00,115072500
08/07/2020,PANI,58.00,59.00,56.00,56.00,16800
08/07/2020,PANR,80.00,82.00,78.00,78.00,570600
08/07/2020,PANS,815.00,825.00,810.00,820.00,127700
08/07/2020,PBID,900.00,900.00,870.00,880.00,29000
08/07/2020,PBRX,250.00,250.00,244.00,246.00,31200
08/07/2020,PBSA,670.00,670.00,670.00,670.00,600
08/07/2020,PCAR,336.00,370.00,314.00,370.00,43100
08/07/2020,PDES,450.00,450.00,450.00,450.00,100
08/07/2020,PEGE,150.00,150.00,137.00,143.00,3700
08/07/2020,PEHA,1780.00,2050.00,1660.00,1910.00,17258300
08/07/2020,PGAS,1255.00,1255.00,1200.00,1210.00,95092900
08/07/2020,PGJO,58.00,58.00,50.00,50.00,763400
08/07/2020,PGLI,204.00,204.00,190.00,190.00,7200
08/07/2020,PGUN,372.00,374.00,370.00,372.00,3545100
08/07/2020,PICO,188.00,188.00,179.00,181.00,321400
08/07/2020,PJAA,535.00,540.00,525.00,540.00,64500
08/07/2020,PKPK,50.00,50.00,50.00,50.00,3100
08/07/2020,PLAS,50.00,50.00,50.00,50.00,0
08/07/2020,PLIN,2420.00,2420.00,2400.00,2400.00,900
08/07/2020,PMJS,130.00,130.00,126.00,127.00,19800
08/07/2020,PNBN,785.00,785.00,765.00,775.00,3845400
08/07/2020,PNBS,50.00,50.00,50.00,50.00,107800
08/07/2020,PNIN,720.00,725.00,720.00,720.00,43400
08/07/2020,PNLF,179.00,181.00,177.00,178.00,8727200
08/07/2020,PNSE,900.00,900.00,900.00,900.00,100
08/07/2020,POLA,51.00,51.00,51.00,51.00,200
08/07/2020,POLA-W,7.00,7.00,7.00,7.00,0
08/07/2020,POLI,1245.00,1280.00,1165.00,1245.00,154700
08/07/2020,POLL,3830.00,4400.00,3660.00,3660.00,43500
08/07/2020,POLU,1130.00,1130.00,860.00,1000.00,14400
08/07/2020,POLY,50.00,50.00,50.00,50.00,2500
08/07/2020,POOL,50.00,50.00,50.00,50.00,0
08/07/2020,PORT,550.00,550.00,515.00,515.00,800
08/07/2020,POSA,50.00,50.00,50.00,50.00,3400
08/07/2020,POSA-W,2.00,3.00,2.00,2.00,10501500
08/07/2020,POWR,640.00,655.00,630.00,635.00,13283700
08/07/2020,PPGL,199.00,208.00,199.00,199.00,15560200
08/07/2020,PPGL-W,14.00,15.00,13.00,13.00,9787100
08/07/2020,PPRE,179.00,179.00,174.00,174.00,8888900
08/07/2020,PPRO,50.00,50.00,50.00,50.00,2186900
08/07/2020,PRAS,109.00,109.00,109.00,109.00,0
08/07/2020,PRDA,3010.00,3090.00,2990.00,3000.00,30300
08/07/2020,PRIM,270.00,270.00,270.00,270.00,0
08/07/2020,PRIM-W,6.00,6.00,5.00,6.00,500
08/07/2020,PSAB,286.00,294.00,272.00,276.00,154866300
08/07/2020,PSDN,114.00,114.00,108.00,108.00,5900
08/07/2020,PSGO,118.00,120.00,110.00,112.00,100300
08/07/2020,PSKT,50.00,50.00,50.00,50.00,900
08/07/2020,PSSI,166.00,168.00,163.00,168.00,95700
08/07/2020,PTBA,2090.00,2090.00,2020.00,2050.00,26817300
08/07/2020,PTIS,164.00,164.00,164.00,164.00,0
08/07/2020,PTPP,940.00,950.00,915.00,925.00,18076000
08/07/2020,PTPW,1680.00,1700.00,1630.00,1640.00,8102400
08/07/2020,PTRO,1920.00,1960.00,1900.00,1915.00,907000
08/07/2020,PTSN,200.00,232.00,200.00,232.00,19016700
08/07/2020,PTSP,5300.00,5300.00,5300.00,5300.00,0
08/07/2020,PUDP,234.00,234.00,234.00,234.00,100
08/07/2020,PURA,125.00,126.00,123.00,126.00,39427500
08/07/2020,PURA-W,17.00,19.00,17.00,18.00,29138700
08/07/2020,PURE,107.00,114.00,107.00,111.00,1303300
08/07/2020,PURE-W,10.00,10.00,9.00,9.00,1743300
08/07/2020,PWON,390.00,392.00,374.00,376.00,176316800
08/07/2020,PYFA,980.00,1140.00,915.00,1035.00,25744900
08/07/2020,PZZA,600.00,610.00,595.00,600.00,1777000
08/07/2020,R-ABFII,28600.00,28600.00,28600.00,28600.00,0
08/07/2020,R-LQ45X,870.00,880.00,856.00,857.00,19800
08/07/2020,RAJA,123.00,125.00,117.00,119.00,11274000
08/07/2020,RALS,590.00,610.00,590.00,610.00,65680800
08/07/2020,RANC,440.00,446.00,430.00,440.00,2541400
08/07/2020,RBMS,50.00,50.00,50.00,50.00,1500
08/07/2020,RDTX,5750.00,5750.00,5750.00,5750.00,7000
08/07/2020,REAL,50.00,50.00,50.00,50.00,27300
08/07/2020,REAL-W,5.00,5.00,4.00,5.00,8447500
08/07/2020,RELI,340.00,340.00,340.00,340.00,0
08/07/2020,RICY,80.00,82.00,76.00,80.00,23800
08/07/2020,RIGS,232.00,232.00,232.00,232.00,100
08/07/2020,RIMO,50.00,50.00,50.00,50.00,0
08/07/2020,RISE,422.00,422.00,420.00,420.00,408900
08/07/2020,RMBA,220.00,244.00,220.00,242.00,1200
08/07/2020,RODA,50.00,50.00,50.00,50.00,9300
08/07/2020,RONY,119.00,125.00,118.00,118.00,67200
08/07/2020,ROTI,1200.00,1220.00,1200.00,1215.00,65100
08/07/2020,RUIS,174.00,176.00,167.00,167.00,90900
08/07/2020,SAFE,194.00,195.00,194.00,194.00,299100
08/07/2020,SAME,76.00,79.00,73.00,73.00,4312100
08/07/2020,SAMF,380.00,380.00,350.00,358.00,60100
08/07/2020,SAPX,2250.00,2250.00,2250.00,2250.00,0
08/07/2020,SATU,50.00,50.00,50.00,50.00,0
08/07/2020,SBAT,197.00,200.00,190.00,191.00,5274100
08/07/2020,SBAT-W,12.00,13.00,11.00,11.00,40045500
08/07/2020,SCCO,9775.00,9775.00,9775.00,9775.00,0
08/07/2020,SCMA,1260.00,1265.00,1220.00,1220.00,19815000
08/07/2020,SCPI,29000.00,29000.00,29000.00,29000.00,0
08/07/2020,SDMU,50.00,50.00,50.00,50.00,900
08/07/2020,SDPC,121.00,130.00,121.00,127.00,218900
08/07/2020,SDRA,740.00,790.00,740.00,790.00,14800
08/07/2020,SFAN,975.00,975.00,975.00,975.00,300
08/07/2020,SGRO,1810.00,1810.00,1785.00,1795.00,164500
08/07/2020,SHID,3800.00,3800.00,3700.00,3700.00,500
08/07/2020,SHIP,580.00,585.00,570.00,580.00,424300
08/07/2020,SIDO,1405.00,1415.00,1365.00,1405.00,7144000
08/07/2020,SILO,4670.00,4670.00,4640.00,4650.00,116900
08/07/2020,SIMA,50.00,50.00,50.00,50.00,0
08/07/2020,SIMP,312.00,330.00,312.00,322.00,24396700
08/07/2020,SINI,464.00,540.00,460.00,480.00,26600
08/07/2020,SINI-W,182.00,388.00,182.00,388.00,200
08/07/2020,SIPD,970.00,970.00,970.00,970.00,100
08/07/2020,SKBM,346.00,346.00,342.00,342.00,2900
08/07/2020,SKLT,1610.00,1610.00,1610.00,1610.00,0
08/07/2020,SKRN,640.00,705.00,640.00,705.00,13797000
08/07/2020,SKYB,51.00,51.00,51.00,51.00,0
08/07/2020,SLIS,5175.00,5275.00,5175.00,5175.00,246300
08/07/2020,SMAR,3330.00,3330.00,3240.00,3310.00,4100
08/07/2020,SMBR,525.00,555.00,505.00,525.00,59269900
08/07/2020,SMCB,1015.00,1020.00,1000.00,1015.00,124100
08/07/2020,SMDM,99.00,100.00,99.00,100.00,5000
08/07/2020,SMDR,236.00,258.00,236.00,248.00,1129100
08/07/2020,SMGR,9600.00,9875.00,9575.00,9675.00,5920600
08/07/2020,SMKL,178.00,188.00,178.00,188.00,1100
08/07/2020,SMKL-W,20.00,21.00,19.00,21.00,23300
08/07/2020,SMMA,16550.00,16550.00,16550.00,16550.00,100
08/07/2020,SMMT,88.00,89.00,86.00,87.00,119800
08/07/2020,SMRA,550.00,555.00,530.00,530.00,75328900
08/07/2020,SMRU,50.00,50.00,50.00,50.00,0
08/07/2020,SMSM,1335.00,1350.00,1315.00,1335.00,2186300
08/07/2020,SOCI,134.00,135.00,128.00,128.00,25111900
08/07/2020,SOFA,74.00,75.00,72.00,74.00,600100
08/07/2020,SOFA-W,5.00,6.00,5.00,6.00,3666900
08/07/2020,SONA,6000.00,6000.00,6000.00,6000.00,0
08/07/2020,SOSS,374.00,386.00,350.00,382.00,16600
08/07/2020,SOSS-W,44.00,44.00,23.00,28.00,1900
08/07/2020,SOTS,228.00,228.00,198.00,208.00,2000
08/07/2020,SOTS-W,21.00,38.00,21.00,37.00,1300
08/07/2020,SPMA,250.00,260.00,250.00,258.00,32000
08/07/2020,SPTO,404.00,410.00,402.00,408.00,215700
08/07/2020,SQMI,198.00,208.00,194.00,194.00,19369600
08/07/2020,SRAJ,127.00,133.00,127.00,128.00,59900
08/07/2020,SRIL,193.00,193.00,189.00,191.00,10089400
08/07/2020,SRSN,59.00,59.00,57.00,57.00,5219000
08/07/2020,SRTG,2790.00,2790.00,2760.00,2770.00,35000
08/07/2020,SSIA,364.00,370.00,354.00,360.00,20516000
08/07/2020,SSMS,855.00,860.00,810.00,820.00,384600
08/07/2020,SSTM,585.00,585.00,585.00,585.00,1200
08/07/2020,STAR,147.00,147.00,147.00,147.00,100
08/07/2020,STTP,7925.00,7925.00,7925.00,7925.00,300
08/07/2020,SUGI,50.00,50.00,50.00,50.00,0
08/07/2020,SULI,50.00,50.00,50.00,50.00,200
08/07/2020,SUPR,4650.00,4650.00,4650.00,4650.00,0
08/07/2020,SURE,2900.00,2900.00,2900.00,2900.00,4500
08/07/2020,SWAT,93.00,94.00,90.00,92.00,1594300
08/07/2020,TALF,228.00,228.00,228.00,228.00,100
08/07/2020,TAMA,172.00,172.00,153.00,162.00,1700
08/07/2020,TAMA-W,7.00,7.00,6.00,6.00,908900
08/07/2020,TAMU,53.00,54.00,52.00,53.00,2545100
08/07/2020,TARA,55.00,55.00,55.00,55.00,117000
08/07/2020,TAXI,50.00,50.00,50.00,50.00,0
08/07/2020,TBIG,1300.00,1300.00,1240.00,1275.00,49701800
08/07/2020,TBLA,765.00,800.00,765.00,785.00,8816200
08/07/2020,TBMS,625.00,625.00,620.00,620.00,3200
08/07/2020,TCID,6625.00,6650.00,6625.00,6650.00,2800
08/07/2020,TCPI,4230.00,4250.00,4100.00,4180.00,10964800
08/07/2020,TDPM,96.00,96.00,89.00,90.00,5288400
08/07/2020,TEBE,1400.00,1400.00,1400.00,1400.00,0
08/07/2020,TECH,118.00,121.00,115.00,115.00,603900
08/07/2020,TELE,121.00,121.00,121.00,121.00,0
08/07/2020,TFAS,170.00,170.00,170.00,170.00,100
08/07/2020,TFCO,314.00,314.00,300.00,300.00,300
08/07/2020,TGKA,7500.00,7500.00,7500.00,7500.00,0
08/07/2020,TGRA,64.00,67.00,64.00,66.00,586400
08/07/2020,TIFA,408.00,408.00,402.00,402.00,52000
08/07/2020,TINS,795.00,840.00,785.00,795.00,70674500
08/07/2020,TIRA,280.00,280.00,270.00,280.00,2300
08/07/2020,TIRT,51.00,51.00,50.00,51.00,35900
08/07/2020,TKIM,6800.00,6850.00,6575.00,6675.00,8737800
08/07/2020,TLKM,3020.00,3030.00,2970.00,2980.00,78347200
08/07/2020,TMAS,111.00,114.00,110.00,110.00,1483500
08/07/2020,TMPO,124.00,127.00,124.00,126.00,3300
08/07/2020,TNCA,169.00,180.00,169.00,180.00,200
08/07/2020,TOBA,346.00,348.00,346.00,348.00,21000
08/07/2020,TOPS,50.00,50.00,50.00,50.00,2500
08/07/2020,TOTL,298.00,300.00,292.00,296.00,2417500
08/07/2020,TOTO,220.00,220.00,216.00,216.00,164100
08/07/2020,TOWR,1125.00,1125.00,1070.00,1080.00,1345931900
08/07/2020,TOYS,545.00,545.00,545.00,545.00,18900
08/07/2020,TOYS-W,27.00,33.00,21.00,22.00,236517300
08/07/2020,TPIA,7400.00,7400.00,7250.00,7350.00,2614200
08/07/2020,TPMA,390.00,450.00,378.00,396.00,737300
08/07/2020,TRAM,50.00,50.00,50.00,50.00,0
08/07/2020,TRAM-W,11.00,11.00,11.00,11.00,0
08/07/2020,TRIL,50.00,50.00,50.00,50.00,0
08/07/2020,TRIM,113.00,116.00,113.00,116.00,41400
08/07/2020,TRIN,226.00,232.00,222.00,226.00,14715700
08/07/2020,TRIN-W,13.00,13.00,8.00,10.00,13138900
08/07/2020,TRIO,426.00,426.00,426.00,426.00,0
08/07/2020,TRIS,214.00,214.00,204.00,204.00,200
08/07/2020,TRIS-W,6.00,6.00,6.00,6.00,0
08/07/2020,TRST,400.00,400.00,400.00,400.00,200
08/07/2020,TRUK,113.00,115.00,113.00,115.00,314000
08/07/2020,TRUS,304.00,304.00,304.00,304.00,100
08/07/2020,TSPC,1375.00,1375.00,1350.00,1355.00,702300
08/07/2020,TUGU,2420.00,2420.00,2300.00,2390.00,34000
08/07/2020,TURI,1385.00,1385.00,1385.00,1385.00,200
08/07/2020,UANG,340.00,358.00,334.00,334.00,117200
08/07/2020,UCID,1495.00,1495.00,1450.00,1470.00,266000
08/07/2020,ULTJ,1635.00,1640.00,1620.00,1620.00,702600
08/07/2020,UNIC,3600.00,3680.00,3600.00,3670.00,15300
08/07/2020,UNIT,155.00,155.00,152.00,154.00,22800
08/07/2020,UNSP,61.00,62.00,58.00,60.00,2467100
08/07/2020,UNTR,23775.00,25175.00,23600.00,24700.00,14634000
08/07/2020,UNVR,8175.00,8225.00,8075.00,8125.00,8987900
08/07/2020,URBN,1350.00,1350.00,1350.00,1350.00,0
08/07/2020,URBN-W,21.00,22.00,20.00,22.00,218200
08/07/2020,VICO,73.00,73.00,68.00,72.00,200600
08/07/2020,VINS,90.00,94.00,90.00,92.00,266200
08/07/2020,VINS-W,2.00,3.00,1.00,2.00,4670800
08/07/2020,VIVA,50.00,50.00,50.00,50.00,4600
08/07/2020,VOKS,196.00,198.00,186.00,197.00,252200
08/07/2020,VRNA,115.00,115.00,107.00,107.00,1000
08/07/2020,WAPO,58.00,58.00,58.00,58.00,1000
08/07/2020,WEGE,192.00,193.00,183.00,186.00,19304600
08/07/2020,WEHA,73.00,74.00,72.00,73.00,458900
08/07/2020,WICO,580.00,580.00,580.00,580.00,0
08/07/2020,WIIM,366.00,384.00,360.00,378.00,96023900
08/07/2020,WIKA,1130.00,1135.00,1100.00,1100.00,15020100
08/07/2020,WINS,92.00,95.00,92.00,95.00,110200
08/07/2020,WOMF,216.00,222.00,214.00,218.00,443700
08/07/2020,WOOD,392.00,400.00,390.00,392.00,22960300
08/07/2020,WOWS,70.00,95.00,70.00,89.00,117796500
08/07/2020,WSBP,179.00,180.00,168.00,170.00,120517700
08/07/2020,WSKT,625.00,630.00,615.00,620.00,11909300
08/07/2020,WTON,272.00,276.00,268.00,272.00,9980500
08/07/2020,XAFA,1037.00,1037.00,1037.00,1037.00,0
08/07/2020,XAQA,794.00,794.00,794.00,794.00,100
08/07/2020,XASG,87.00,87.00,87.00,87.00,0
08/07/2020,XBES,823.00,823.00,823.00,823.00,100
08/07/2020,XBID,457.00,457.00,452.00,452.00,200
08/07/2020,XBIN,440.00,440.00,440.00,440.00,100
08/07/2020,XBLQ,395.00,395.00,395.00,395.00,0
08/07/2020,XBNI,919.00,919.00,919.00,919.00,900
08/07/2020,XBSK,338.00,338.00,338.00,338.00,1500
08/07/2020,XCID,78.00,85.00,77.00,79.00,54300
08/07/2020,XCIS,105.00,105.00,105.00,105.00,0
08/07/2020,XCLQ,82.00,82.00,82.00,82.00,200
08/07/2020,XDIF,386.00,386.00,386.00,386.00,0
08/07/2020,XIHD,408.00,408.00,408.00,408.00,100
08/07/2020,XIIC,931.00,931.00,931.00,931.00,1100
08/07/2020,XIID,438.00,438.00,438.00,438.00,0
08/07/2020,XIIF,458.00,458.00,458.00,458.00,200
08/07/2020,XIIT,484.00,484.00,464.00,465.00,58900
08/07/2020,XIJI,574.00,574.00,574.00,574.00,200
08/07/2020,XILV,102.00,102.00,102.00,102.00,20000
08/07/2020,XIML,234.00,234.00,232.00,232.00,1500
08/07/2020,XIPI,141.00,141.00,141.00,141.00,0
08/07/2020,XISB,398.00,398.00,398.00,398.00,0
08/07/2020,XISC,541.00,541.00,541.00,541.00,200
08/07/2020,XISI,274.00,278.00,274.00,274.00,11700
08/07/2020,XISR,336.00,336.00,336.00,336.00,4000
08/07/2020,XKIV,376.00,376.00,376.00,376.00,0
08/07/2020,XMIG,141.00,141.00,141.00,141.00,0
08/07/2020,XMJM,1001.00,1001.00,1001.00,1001.00,0
08/07/2020,XMTS,406.00,406.00,406.00,406.00,0
08/07/2020,XNVE,119.00,119.00,119.00,119.00,5000
08/07/2020,XPCR,772.00,772.00,772.00,772.00,100
08/07/2020,XPDV,396.00,396.00,394.00,394.00,1000
08/07/2020,XPES,349.00,349.00,349.00,349.00,0
08/07/2020,XPFT,650.00,650.00,650.00,650.00,0
08/07/2020,XPID,430.00,430.00,430.00,430.00,0
08/07/2020,XPLC,397.00,397.00,397.00,397.00,0
08/07/2020,XPLQ,422.00,422.00,416.00,416.00,200
08/07/2020,XPMI,810.00,810.00,810.00,810.00,0
08/07/2020,XPSG,343.00,343.00,343.00,343.00,0
08/07/2020,XPTD,416.00,416.00,416.00,416.00,0
08/07/2020,XSBC,95.00,95.00,95.00,95.00,900
08/07/2020,XSMU,109.00,109.00,109.00,109.00,0
08/07/2020,XSPI,750.00,750.00,750.00,750.00,0
08/07/2020,XSRI,154.00,154.00,154.00,154.00,0
08/07/2020,XSSI,112.00,112.00,112.00,112.00,0
08/07/2020,XSSK,579.00,579.00,579.00,579.00,100
08/07/2020,YELO,50.00,50.00,50.00,50.00,12700
08/07/2020,YELO-W,6.00,6.00,6.00,6.00,22600
08/07/2020,YPAS,458.00,458.00,454.00,454.00,700
08/07/2020,YULE,200.00,200.00,197.00,197.00,1800
08/07/2020,ZBRA,50.00,50.00,50.00,50.00,100
08/07/2020,ZINC,137.00,144.00,136.00,138.00,299808100
08/07/2020,ZONE,408.00,408.00,392.00,404.00,57600
