<date>,<ticker>,<open>,<high>,<low>,<close>,<volume>
12/11/2020,AALI,11900.00,12100.00,11825.00,11900.00,1174100
12/11/2020,ABBA,95.00,100.00,84.00,84.00,57247300
12/11/2020,ABDA,5825.00,5825.00,5825.00,5825.00,0
12/11/2020,ABMM,1045.00,1045.00,930.00,935.00,159600
12/11/2020,ACES,1680.00,1705.00,1670.00,1705.00,43287500
12/11/2020,ACST,300.00,312.00,300.00,306.00,59211000
12/11/2020,ADES,1445.00,1455.00,1425.00,1430.00,137800
12/11/2020,ADHI,1260.00,1275.00,1225.00,1235.00,26760900
12/11/2020,ADMF,8725.00,8775.00,8675.00,8750.00,132900
12/11/2020,ADMG,153.00,156.00,151.00,154.00,869500
12/11/2020,ADRO,1570.00,1575.00,1530.00,1535.00,108605000
12/11/2020,AGAR,406.00,406.00,380.00,380.00,9800
12/11/2020,AGII,880.00,900.00,870.00,875.00,180000
12/11/2020,AGRO,760.00,830.00,705.00,790.00,712898600
12/11/2020,AGRS,160.00,160.00,156.00,156.00,41700
12/11/2020,AHAP,59.00,59.00,55.00,57.00,104200
12/11/2020,AIMS,149.00,149.00,139.00,139.00,6500
12/11/2020,AISA,424.00,426.00,408.00,412.00,41462500
12/11/2020,AKKU,50.00,50.00,50.00,50.00,200
12/11/2020,AKPI,388.00,484.00,362.00,380.00,77600
12/11/2020,AKRA,3350.00,3350.00,3320.00,3320.00,25227000
12/11/2020,AKSI,400.00,400.00,376.00,376.00,3300
12/11/2020,ALDO,410.00,410.00,392.00,408.00,6400
12/11/2020,ALKA,266.00,266.00,260.00,260.00,1600
12/11/2020,ALMI,234.00,234.00,220.00,220.00,35500
12/11/2020,ALTO,302.00,306.00,302.00,306.00,2800
12/11/2020,AMAG,222.00,224.00,214.00,220.00,941100
12/11/2020,AMAN,302.00,302.00,300.00,300.00,234900
12/11/2020,AMAR,292.00,300.00,292.00,300.00,68100
12/11/2020,AMFG,2900.00,2950.00,2900.00,2950.00,4200
12/11/2020,AMIN,316.00,316.00,312.00,312.00,600
12/11/2020,AMOR,2950.00,3000.00,2930.00,2980.00,750900
12/11/2020,AMRT,730.00,735.00,720.00,730.00,2146400
12/11/2020,ANDI,50.00,51.00,50.00,50.00,45335500
12/11/2020,ANJT,720.00,720.00,700.00,705.00,87400
12/11/2020,ANTM,1475.00,1500.00,1435.00,1450.00,487755900
12/11/2020,APEX,222.00,272.00,222.00,272.00,420700
12/11/2020,APIC,795.00,795.00,780.00,785.00,10089300
12/11/2020,APII,159.00,163.00,157.00,160.00,1129200
12/11/2020,APLI,163.00,163.00,153.00,160.00,184000
12/11/2020,APLN,208.00,212.00,192.00,193.00,490608900
12/11/2020,ARGO,2000.00,2050.00,2000.00,2020.00,2200
12/11/2020,ARII,416.00,416.00,402.00,402.00,16000
12/11/2020,ARKA,71.00,71.00,69.00,70.00,12323100
12/11/2020,ARMY,50.00,50.00,50.00,50.00,0
12/11/2020,ARNA,535.00,545.00,535.00,535.00,635700
12/11/2020,ARTA,298.00,298.00,282.00,286.00,400
12/11/2020,ARTI,50.00,50.00,50.00,50.00,1100
12/11/2020,ARTO,3350.00,3400.00,3210.00,3310.00,1084500
12/11/2020,ASBI,302.00,302.00,302.00,302.00,0
12/11/2020,ASDM,895.00,895.00,890.00,890.00,3400
12/11/2020,ASGR,830.00,850.00,815.00,830.00,1357000
12/11/2020,ASII,5825.00,5875.00,5650.00,5675.00,53669200
12/11/2020,ASJT,125.00,135.00,125.00,127.00,261800
12/11/2020,ASMI,1025.00,1025.00,1000.00,1005.00,33400
12/11/2020,ASPI,91.00,91.00,90.00,90.00,1240000
12/11/2020,ASPI-W,12.00,13.00,12.00,12.00,839500
12/11/2020,ASRI,260.00,272.00,250.00,254.00,405201600
12/11/2020,ASRM,1670.00,1670.00,1660.00,1660.00,5600
12/11/2020,ASSA,545.00,555.00,530.00,530.00,15085300
12/11/2020,ATAP,135.00,135.00,135.00,135.00,300
12/11/2020,ATIC,610.00,610.00,570.00,610.00,4700
12/11/2020,AUTO,1160.00,1160.00,1140.00,1145.00,787200
12/11/2020,AYLS,51.00,51.00,50.00,50.00,524700
12/11/2020,AYLS-W,4.00,5.00,3.00,3.00,1936600
12/11/2020,BABP,50.00,53.00,50.00,50.00,52532800
12/11/2020,BABP-W3,42.00,42.00,42.00,42.00,0
12/11/2020,BABP-W4,8.00,10.00,7.00,7.00,6225200
12/11/2020,BACA,400.00,402.00,392.00,400.00,63200
12/11/2020,BACA-W2,100.00,100.00,100.00,100.00,0
12/11/2020,BAJA,129.00,141.00,129.00,133.00,17583200
12/11/2020,BALI,835.00,835.00,825.00,825.00,29500
12/11/2020,BAPA,50.00,50.00,50.00,50.00,200
12/11/2020,BAPI,50.00,50.00,50.00,50.00,37600
12/11/2020,BAPI-W,3.00,3.00,2.00,3.00,7812800
12/11/2020,BATA,615.00,635.00,615.00,630.00,600
12/11/2020,BAYU,1200.00,1200.00,1200.00,1200.00,0
12/11/2020,BBCA,33000.00,33900.00,32975.00,33675.00,42832000
12/11/2020,BBHI,252.00,270.00,252.00,264.00,1156100
12/11/2020,BBKP,352.00,362.00,346.00,350.00,274525100
12/11/2020,BBLD,364.00,364.00,344.00,344.00,20000
12/11/2020,BBMD,1480.00,1480.00,1480.00,1480.00,9000
12/11/2020,BBNI,6650.00,6700.00,6550.00,6575.00,31359300
12/11/2020,BBRI,4400.00,4400.00,4260.00,4280.00,174446900
12/11/2020,BBRM,50.00,50.00,50.00,50.00,0
12/11/2020,BBSI,790.00,835.00,790.00,815.00,81300
12/11/2020,BBSS,105.00,106.00,102.00,104.00,4901800
12/11/2020,BBSS-W,4.00,5.00,4.00,4.00,524000
12/11/2020,BBTN,1710.00,1725.00,1700.00,1705.00,28768600
12/11/2020,BBYB,400.00,400.00,372.00,372.00,90500
12/11/2020,BCAP,126.00,138.00,125.00,131.00,396200
12/11/2020,BCIC,700.00,700.00,700.00,700.00,0
12/11/2020,BCIP,84.00,84.00,74.00,74.00,22402200
12/11/2020,BDMN,3410.00,3430.00,3320.00,3320.00,4041800
12/11/2020,BEEF,173.00,174.00,168.00,169.00,6469900
12/11/2020,BEEF-W,8.00,9.00,6.00,7.00,3174400
12/11/2020,BEKS,434.00,434.00,434.00,434.00,453000
12/11/2020,BELL,163.00,163.00,159.00,161.00,3369900
12/11/2020,BESS,236.00,244.00,236.00,236.00,129200
12/11/2020,BESS-W,104.00,104.00,104.00,104.00,0
12/11/2020,BEST,212.00,214.00,199.00,200.00,290132000
12/11/2020,BFIN,400.00,404.00,392.00,404.00,59656400
12/11/2020,BGTG,67.00,75.00,67.00,70.00,95865400
12/11/2020,BHAT,640.00,655.00,635.00,645.00,138891300
12/11/2020,BHIT,73.00,76.00,71.00,73.00,76090500
12/11/2020,BIKA,200.00,200.00,186.00,197.00,3800
12/11/2020,BIMA,50.00,50.00,50.00,50.00,27000
12/11/2020,BINA,685.00,700.00,680.00,685.00,1592500
12/11/2020,BIPI,50.00,50.00,50.00,50.00,1783600
12/11/2020,BIPI-W,9.00,9.00,8.00,9.00,227200
12/11/2020,BIPP,52.00,52.00,51.00,51.00,858200
12/11/2020,BIRD,1440.00,1545.00,1410.00,1420.00,17606200
12/11/2020,BISI,1040.00,1070.00,1030.00,1065.00,143300
12/11/2020,BJBR,1625.00,1640.00,1535.00,1580.00,88790200
12/11/2020,BJTM,680.00,690.00,670.00,675.00,31047500
12/11/2020,BKDP,53.00,54.00,51.00,53.00,11500
12/11/2020,BKSL,53.00,53.00,51.00,51.00,163269800
12/11/2020,BKSW,106.00,106.00,104.00,106.00,65000
12/11/2020,BLTA,50.00,50.00,50.00,50.00,500
12/11/2020,BLTZ,3120.00,3120.00,3120.00,3120.00,0
12/11/2020,BLUE,720.00,725.00,715.00,725.00,146700
12/11/2020,BMAS,296.00,296.00,296.00,296.00,800
12/11/2020,BMRI,6850.00,6875.00,6700.00,6775.00,47270900
12/11/2020,BMSR,80.00,81.00,77.00,78.00,1215700
12/11/2020,BMTR,280.00,284.00,272.00,274.00,127998700
12/11/2020,BNBA,396.00,402.00,396.00,398.00,169300
12/11/2020,BNBR,50.00,50.00,50.00,50.00,31300
12/11/2020,BNGA,1050.00,1065.00,1030.00,1030.00,11404100
12/11/2020,BNII,272.00,280.00,268.00,272.00,9176700
12/11/2020,BNLI,2520.00,2600.00,2490.00,2600.00,1180800
12/11/2020,BOGA,1330.00,1345.00,1325.00,1325.00,44291200
12/11/2020,BOLA,161.00,166.00,160.00,166.00,1005300
12/11/2020,BOLT,745.00,925.00,720.00,720.00,11100
12/11/2020,BOSS,210.00,214.00,202.00,206.00,10156000
12/11/2020,BPFI,1150.00,1150.00,1150.00,1150.00,0
12/11/2020,BPII,10000.00,10000.00,10000.00,10000.00,0
12/11/2020,BPTR,81.00,84.00,80.00,82.00,37000
12/11/2020,BRAM,4430.00,5000.00,4420.00,5000.00,10200
12/11/2020,BRIS,1500.00,1840.00,1490.00,1785.00,946957600
12/11/2020,BRMS,61.00,62.00,60.00,60.00,157072700
12/11/2020,BRNA,1120.00,1120.00,1120.00,1120.00,0
12/11/2020,BRPT,1195.00,1250.00,1195.00,1230.00,83244800
12/11/2020,BRPT-W,820.00,820.00,820.00,820.00,4200
12/11/2020,BSDE,1110.00,1145.00,1110.00,1115.00,75007000
12/11/2020,BSIM,460.00,466.00,430.00,430.00,719700
12/11/2020,BSIM-W3,15.00,15.00,14.00,15.00,5600
12/11/2020,BSSR,1775.00,1780.00,1700.00,1740.00,20200
12/11/2020,BSWD,1750.00,1750.00,1750.00,1750.00,0
12/11/2020,BTEK,50.00,50.00,50.00,50.00,42800
12/11/2020,BTEL,50.00,50.00,50.00,50.00,0
12/11/2020,BTON,242.00,248.00,242.00,242.00,107200
12/11/2020,BTPN,2940.00,2950.00,2850.00,2950.00,139500
12/11/2020,BTPS,3910.00,4060.00,3900.00,3980.00,12930400
12/11/2020,BUDI,100.00,102.00,100.00,102.00,1629100
12/11/2020,BUKK,920.00,925.00,920.00,925.00,15200
12/11/2020,BULL,308.00,314.00,302.00,310.00,257403700
12/11/2020,BULL-W2,103.00,103.00,96.00,99.00,35100
12/11/2020,BUMI,72.00,73.00,67.00,69.00,416991000
12/11/2020,BUVA,56.00,56.00,56.00,56.00,72200
12/11/2020,BVIC,110.00,111.00,106.00,107.00,1360900
12/11/2020,BWPT,132.00,143.00,131.00,140.00,377878500
12/11/2020,BYAN,15850.00,15850.00,15850.00,15850.00,200
12/11/2020,CAKK,55.00,55.00,53.00,54.00,1949300
12/11/2020,CAMP,338.00,342.00,314.00,314.00,5753700
12/11/2020,CANI,109.00,109.00,108.00,108.00,1000
12/11/2020,CARE,334.00,344.00,330.00,342.00,311662800
12/11/2020,CARS,50.00,50.00,50.00,50.00,2472700
12/11/2020,CASA,390.00,390.00,390.00,390.00,100
12/11/2020,CASA-W,113.00,113.00,113.00,113.00,0
12/11/2020,CASH,478.00,478.00,468.00,474.00,1696300
12/11/2020,CASH-W,10.00,11.00,9.00,11.00,2718300
12/11/2020,CASS,268.00,284.00,266.00,270.00,2833700
12/11/2020,CBMF,560.00,560.00,505.00,505.00,2014600
12/11/2020,CCSI,242.00,250.00,240.00,244.00,379700
12/11/2020,CEKA,1775.00,1780.00,1770.00,1780.00,37100
12/11/2020,CENT,136.00,137.00,134.00,135.00,1824900
12/11/2020,CFIN,240.00,240.00,230.00,232.00,1911300
12/11/2020,CINT,240.00,250.00,240.00,250.00,800
12/11/2020,CITA,2380.00,2380.00,2380.00,2380.00,100
12/11/2020,CITY,92.00,92.00,91.00,91.00,2800
12/11/2020,CITY-W,14.00,15.00,14.00,15.00,1100
12/11/2020,CLAY,1460.00,1460.00,1460.00,1460.00,10000
12/11/2020,CLEO,496.00,500.00,490.00,492.00,7237100
12/11/2020,CLPI,745.00,750.00,740.00,745.00,63900
12/11/2020,CMNP,1220.00,1225.00,1185.00,1210.00,805000
12/11/2020,CMNP-W,254.00,260.00,228.00,232.00,719300
12/11/2020,CMPP,184.00,184.00,184.00,184.00,0
12/11/2020,CNKO,50.00,50.00,50.00,50.00,0
12/11/2020,CNTB,250.00,250.00,250.00,250.00,0
12/11/2020,CNTX,230.00,230.00,216.00,226.00,1100
12/11/2020,COCO,975.00,1000.00,965.00,1000.00,4200
12/11/2020,COCO-W,400.00,400.00,400.00,400.00,0
12/11/2020,COWL,50.00,50.00,50.00,50.00,0
12/11/2020,CPIN,6325.00,6350.00,6250.00,6275.00,4131700
12/11/2020,CPRI,50.00,50.00,50.00,50.00,118500
12/11/2020,CPRI-W,12.00,13.00,10.00,12.00,13200
12/11/2020,CPRO,50.00,50.00,50.00,50.00,41900
12/11/2020,CSAP,386.00,408.00,374.00,408.00,44700
12/11/2020,CSIS,54.00,54.00,52.00,53.00,441300
12/11/2020,CSMI,525.00,530.00,525.00,530.00,1300
12/11/2020,CSRA,368.00,380.00,368.00,372.00,1245700
12/11/2020,CTBN,3150.00,3150.00,3150.00,3150.00,400
12/11/2020,CTRA,935.00,945.00,910.00,915.00,35076900
12/11/2020,CTTH,56.00,56.00,55.00,55.00,71800
12/11/2020,DADA,52.00,52.00,50.00,50.00,12645700
12/11/2020,DADA-W,4.00,4.00,3.00,4.00,3540600
12/11/2020,DART,228.00,242.00,212.00,218.00,120400
12/11/2020,DAYA,400.00,400.00,392.00,392.00,15700
12/11/2020,DEAL,158.00,162.00,154.00,155.00,24162400
12/11/2020,DEAL-W,3.00,3.00,3.00,3.00,0
12/11/2020,DEFI,1690.00,1695.00,1680.00,1680.00,17100
12/11/2020,DEWA,50.00,50.00,50.00,50.00,64600
12/11/2020,DFAM,214.00,216.00,212.00,214.00,32300
12/11/2020,DFAM-W,120.00,120.00,120.00,120.00,0
12/11/2020,DGIK,50.00,50.00,50.00,50.00,3500
12/11/2020,DIGI,350.00,350.00,350.00,350.00,6900
12/11/2020,DILD,238.00,238.00,222.00,224.00,51931400
12/11/2020,DIVA,2200.00,2200.00,2190.00,2190.00,1800
12/11/2020,DKFT,208.00,224.00,204.00,206.00,141963800
12/11/2020,DLTA,4380.00,4400.00,4290.00,4290.00,107500
12/11/2020,DMAS,250.00,256.00,246.00,254.00,252714100
12/11/2020,DMMX,194.00,197.00,193.00,196.00,1370100
12/11/2020,DMND,930.00,940.00,910.00,940.00,61400
12/11/2020,DNAR,184.00,184.00,177.00,184.00,24500
12/11/2020,DNET,3230.00,3390.00,3220.00,3390.00,27000
12/11/2020,DOID,424.00,432.00,416.00,420.00,142170400
12/11/2020,DPNS,270.00,276.00,270.00,276.00,6600
12/11/2020,DPUM,57.00,63.00,56.00,57.00,7000700
12/11/2020,DSFI,64.00,74.00,63.00,69.00,20753200
12/11/2020,DSNG,615.00,630.00,615.00,620.00,12201100
12/11/2020,DSSA,15975.00,15975.00,15975.00,15975.00,0
12/11/2020,DUCK,492.00,494.00,470.00,478.00,24617100
12/11/2020,DUTI,3920.00,4550.00,3800.00,3900.00,84400
12/11/2020,DVLA,2480.00,2530.00,2480.00,2490.00,6900
12/11/2020,DWGL,187.00,195.00,176.00,176.00,174600
12/11/2020,DWGL-W,29.00,29.00,27.00,27.00,21500
12/11/2020,DYAN,56.00,57.00,53.00,53.00,5313700
12/11/2020,EAST,63.00,64.00,62.00,63.00,1554000
12/11/2020,EAST-W,7.00,7.00,6.00,7.00,2099800
12/11/2020,ECII,700.00,730.00,700.00,730.00,39600
12/11/2020,EKAD,1285.00,1290.00,1250.00,1280.00,512900
12/11/2020,ELSA,366.00,378.00,366.00,368.00,171075400
12/11/2020,ELTY,50.00,50.00,50.00,50.00,0
12/11/2020,EMDE,180.00,188.00,180.00,188.00,20100
12/11/2020,EMTK,11050.00,11850.00,11000.00,11500.00,636700
12/11/2020,ENRG,96.00,97.00,92.00,94.00,68525600
12/11/2020,ENVY,50.00,50.00,50.00,50.00,0
12/11/2020,ENZO,50.00,51.00,50.00,50.00,1804700
12/11/2020,ENZO-W,6.00,7.00,6.00,7.00,16520100
12/11/2020,EPAC,155.00,162.00,155.00,157.00,11548600
12/11/2020,EPMT,2030.00,2100.00,2020.00,2100.00,539000
12/11/2020,ERAA,1910.00,2020.00,1895.00,1945.00,86241700
12/11/2020,ERTX,129.00,129.00,120.00,128.00,28300
12/11/2020,ESIP,97.00,105.00,94.00,96.00,31664900
12/11/2020,ESIP-W,9.00,10.00,7.00,8.00,2903000
12/11/2020,ESSA,169.00,226.00,167.00,226.00,225394900
12/11/2020,ESTA,96.00,99.00,95.00,99.00,25500
12/11/2020,ESTI,57.00,59.00,54.00,56.00,61900
12/11/2020,ETWA,62.00,62.00,62.00,62.00,0
12/11/2020,EXCL,2430.00,2500.00,2430.00,2460.00,34539400
12/11/2020,FAST,1020.00,1020.00,1010.00,1020.00,46400
12/11/2020,FASW,7500.00,7500.00,7500.00,7500.00,200
12/11/2020,FILM,228.00,228.00,218.00,220.00,4184800
12/11/2020,FINN,50.00,50.00,50.00,50.00,0
12/11/2020,FIRE,1125.00,1125.00,1115.00,1115.00,1021800
12/11/2020,FISH,2830.00,2830.00,2830.00,2830.00,0
12/11/2020,FITT,76.00,78.00,76.00,76.00,23700
12/11/2020,FITT-W,18.00,19.00,18.00,19.00,1100
12/11/2020,FMII,530.00,530.00,530.00,530.00,0
12/11/2020,FOOD,107.00,109.00,106.00,106.00,884000
12/11/2020,FORU,149.00,165.00,139.00,165.00,27500
12/11/2020,FORZ,50.00,50.00,50.00,50.00,48900
12/11/2020,FPNI,137.00,140.00,133.00,140.00,7545900
12/11/2020,FREN,75.00,77.00,73.00,74.00,1513244200
12/11/2020,FREN-W,44.00,46.00,43.00,43.00,2635700
12/11/2020,FUJI,116.00,117.00,115.00,117.00,25800
12/11/2020,GAMA,50.00,50.00,50.00,50.00,6100
12/11/2020,GDST,117.00,137.00,111.00,116.00,181144800
12/11/2020,GDYR,1425.00,1425.00,1420.00,1420.00,300
12/11/2020,GEMA,342.00,342.00,320.00,320.00,90100
12/11/2020,GEMS,2550.00,2550.00,2550.00,2550.00,0
12/11/2020,GGRM,41225.00,43000.00,41200.00,41350.00,21013000
12/11/2020,GGRP,490.00,570.00,490.00,540.00,189400
12/11/2020,GHON,1680.00,1755.00,1680.00,1755.00,1500
12/11/2020,GIAA,460.00,470.00,452.00,454.00,163549900
12/11/2020,GJTL,570.00,585.00,565.00,575.00,5055300
12/11/2020,GLOB,112.00,139.00,110.00,110.00,198000
12/11/2020,GLVA,338.00,350.00,322.00,344.00,70900
12/11/2020,GMFI,156.00,158.00,151.00,157.00,79736100
12/11/2020,GMTD,17950.00,17950.00,17950.00,17950.00,0
12/11/2020,GOLD,204.00,204.00,200.00,200.00,68200
12/11/2020,GOLL,50.00,50.00,50.00,50.00,0
12/11/2020,GOOD,1275.00,1275.00,1225.00,1240.00,592900
12/11/2020,GPRA,67.00,73.00,65.00,68.00,15819400
12/11/2020,GSMF,93.00,93.00,93.00,93.00,1000
12/11/2020,GTBO,75.00,75.00,75.00,75.00,0
12/11/2020,GWSA,114.00,115.00,113.00,114.00,172600
12/11/2020,GZCO,50.00,50.00,50.00,50.00,158400
12/11/2020,HADE,50.00,50.00,50.00,50.00,100
12/11/2020,HDFA,140.00,140.00,140.00,140.00,1000
12/11/2020,HDIT,320.00,320.00,296.00,300.00,2573200
12/11/2020,HDTX,120.00,120.00,120.00,120.00,0
12/11/2020,HEAL,3800.00,3900.00,3750.00,3790.00,227000
12/11/2020,HELI,218.00,228.00,204.00,206.00,1944900
12/11/2020,HELI-W,6.00,7.00,5.00,6.00,153400
12/11/2020,HERO,850.00,860.00,850.00,850.00,13600
12/11/2020,HEXA,3450.00,3540.00,3440.00,3490.00,364100
12/11/2020,HITS,480.00,480.00,480.00,480.00,1000
12/11/2020,HKMU,110.00,127.00,110.00,116.00,409290300
12/11/2020,HMSP,1600.00,1640.00,1555.00,1555.00,754641500
12/11/2020,HOKI,1080.00,1090.00,1055.00,1070.00,25474500
12/11/2020,HOKI-W,650.00,650.00,635.00,635.00,1200
12/11/2020,HOME,50.00,50.00,50.00,50.00,0
12/11/2020,HOMI,1185.00,1185.00,1150.00,1170.00,1275200
12/11/2020,HOTL,50.00,50.00,50.00,50.00,38800
12/11/2020,HRME,57.00,58.00,55.00,57.00,64943000
12/11/2020,HRTA,256.00,272.00,256.00,262.00,8350300
12/11/2020,HRUM,2950.00,3020.00,2920.00,2940.00,4542400
12/11/2020,IATA,50.00,50.00,50.00,50.00,300
12/11/2020,IBFN,280.00,280.00,280.00,280.00,0
12/11/2020,IBFN-W,6.00,6.00,6.00,6.00,24200
12/11/2020,IBST,7450.00,7450.00,7450.00,7450.00,0
12/11/2020,ICBP,9950.00,9975.00,9800.00,9825.00,15130000
12/11/2020,ICON,130.00,132.00,121.00,121.00,663500
12/11/2020,IDPR,212.00,246.00,196.00,234.00,953300
12/11/2020,IFII,147.00,156.00,147.00,150.00,528000
12/11/2020,IFSH,364.00,380.00,364.00,372.00,4500
12/11/2020,IGAR,352.00,352.00,348.00,348.00,42700
12/11/2020,IIKP,50.00,50.00,50.00,50.00,0
12/11/2020,IKAI,50.00,50.00,50.00,50.00,23900
12/11/2020,IKAN,168.00,179.00,168.00,169.00,20307200
12/11/2020,IKBI,224.00,224.00,222.00,222.00,12600
12/11/2020,IMAS,1255.00,1270.00,1210.00,1240.00,12971600
12/11/2020,IMJS,422.00,430.00,402.00,420.00,7042700
12/11/2020,IMPC,1365.00,1365.00,1350.00,1350.00,1280500
12/11/2020,INAF,4290.00,4300.00,4090.00,4090.00,3822500
12/11/2020,INAI,340.00,342.00,340.00,340.00,36200
12/11/2020,INCF,70.00,83.00,69.00,81.00,18420300
12/11/2020,INCI,810.00,815.00,800.00,810.00,25400
12/11/2020,INCO,5300.00,5375.00,5150.00,5225.00,20425200
12/11/2020,INDF,7000.00,7025.00,6925.00,6925.00,12019500
12/11/2020,INDO,119.00,122.00,116.00,122.00,512200
12/11/2020,INDO-W,20.00,20.00,19.00,19.00,114300
12/11/2020,INDR,2930.00,3000.00,2930.00,3000.00,6300
12/11/2020,INDS,1930.00,1950.00,1930.00,1950.00,17900
12/11/2020,INDX,52.00,56.00,51.00,56.00,1012300
12/11/2020,INDY,1905.00,1930.00,1835.00,1850.00,27620000
12/11/2020,INKP,11225.00,11275.00,10675.00,10700.00,8663000
12/11/2020,INOV,175.00,178.00,170.00,170.00,475800
12/11/2020,INPC,69.00,70.00,68.00,69.00,920800
12/11/2020,INPC-W,5.00,5.00,4.00,5.00,1558800
12/11/2020,INPP,680.00,715.00,680.00,715.00,200
12/11/2020,INPS,2300.00,2600.00,2160.00,2600.00,71200
12/11/2020,INRU,940.00,940.00,895.00,905.00,188900
12/11/2020,INTA,212.00,212.00,210.00,210.00,4300
12/11/2020,INTD,111.00,111.00,111.00,111.00,2100
12/11/2020,INTP,14525.00,14575.00,14400.00,14425.00,2987400
12/11/2020,IPCC,434.00,440.00,430.00,432.00,3472800
12/11/2020,IPCM,320.00,324.00,304.00,312.00,430700
12/11/2020,IPOL,91.00,92.00,90.00,91.00,1551800
12/11/2020,IPTV,298.00,302.00,294.00,296.00,11959400
12/11/2020,IPTV-W,30.00,30.00,27.00,28.00,191800
12/11/2020,IRRA,1380.00,1390.00,1330.00,1330.00,7757400
12/11/2020,ISAT,2560.00,2670.00,2530.00,2670.00,15222700
12/11/2020,ISSP,170.00,180.00,168.00,174.00,57871700
12/11/2020,ITIC,880.00,920.00,820.00,820.00,18673200
12/11/2020,ITMA,510.00,530.00,510.00,525.00,3509000
12/11/2020,ITMA-W,60.00,135.00,56.00,60.00,87900
12/11/2020,ITMG,14425.00,14750.00,14400.00,14675.00,7534300
12/11/2020,JAST,146.00,157.00,137.00,144.00,115968600
12/11/2020,JAWA,86.00,86.00,84.00,85.00,113100
12/11/2020,JAYA,161.00,166.00,148.00,153.00,43172000
12/11/2020,JAYA-W,16.00,16.00,12.00,13.00,8125200
12/11/2020,JECC,6250.00,6250.00,6250.00,6250.00,0
12/11/2020,JGLE,50.00,50.00,50.00,50.00,0
12/11/2020,JIHD,440.00,440.00,440.00,440.00,900
12/11/2020,JKON,338.00,338.00,338.00,338.00,100000
12/11/2020,JKSW,60.00,60.00,60.00,60.00,0
12/11/2020,JMAS,282.00,326.00,244.00,244.00,1946200
12/11/2020,JPFA,1425.00,1425.00,1415.00,1420.00,7495600
12/11/2020,JRPT,575.00,580.00,555.00,570.00,2167600
12/11/2020,JSKY,250.00,250.00,226.00,236.00,63313000
12/11/2020,JSMR,4600.00,4680.00,4460.00,4480.00,13141500
12/11/2020,JSPT,850.00,850.00,850.00,850.00,800
12/11/2020,JTPE,910.00,955.00,910.00,955.00,1345300
12/11/2020,KAEF,4250.00,4300.00,4170.00,4170.00,11254000
12/11/2020,KARW,75.00,77.00,74.00,76.00,254300
12/11/2020,KAYU,87.00,88.00,80.00,82.00,12286100
12/11/2020,KBAG,51.00,52.00,50.00,50.00,1852994000
12/11/2020,KBAG-W,4.00,5.00,4.00,5.00,16028800
12/11/2020,KBLI,404.00,416.00,390.00,410.00,11528500
12/11/2020,KBLM,222.00,234.00,220.00,232.00,2401100
12/11/2020,KBLV,450.00,450.00,450.00,450.00,0
12/11/2020,KBRI,50.00,50.00,50.00,50.00,0
12/11/2020,KDSI,880.00,880.00,850.00,850.00,5900
12/11/2020,KEEN,302.00,302.00,298.00,300.00,2126100
12/11/2020,KEJU,1325.00,1330.00,1250.00,1310.00,711400
12/11/2020,KIAS,50.00,51.00,50.00,50.00,105700
12/11/2020,KICI,226.00,232.00,226.00,232.00,2600
12/11/2020,KIJA,230.00,234.00,214.00,216.00,73044000
12/11/2020,KINO,2870.00,2890.00,2830.00,2850.00,572600
12/11/2020,KIOS,170.00,170.00,151.00,152.00,30400
12/11/2020,KJEN,1300.00,1300.00,1175.00,1175.00,300
12/11/2020,KKGI,298.00,306.00,298.00,302.00,508300
12/11/2020,KLBF,1490.00,1490.00,1465.00,1465.00,40746500
12/11/2020,KMDS,515.00,515.00,492.00,496.00,14400
12/11/2020,KMTR,336.00,352.00,336.00,352.00,700
12/11/2020,KOBX,112.00,112.00,110.00,110.00,290800
12/11/2020,KOIN,100.00,101.00,99.00,100.00,15000
12/11/2020,KONI,500.00,500.00,500.00,500.00,0
12/11/2020,KOPI,480.00,480.00,478.00,480.00,92700
12/11/2020,KOTA,159.00,164.00,148.00,160.00,2573000
12/11/2020,KOTA-W,114.00,114.00,114.00,114.00,20000
12/11/2020,KPAL,50.00,51.00,50.00,51.00,6143800
12/11/2020,KPAS,78.00,93.00,77.00,81.00,58588400
12/11/2020,KPAS-W,21.00,24.00,20.00,23.00,98000
12/11/2020,KPIG,106.00,106.00,103.00,104.00,1073600
12/11/2020,KRAH,436.00,436.00,436.00,436.00,0
12/11/2020,KRAS,452.00,458.00,448.00,456.00,76764100
12/11/2020,KREN,93.00,93.00,89.00,91.00,11504600
12/11/2020,LAND,190.00,199.00,183.00,190.00,199400
12/11/2020,LAPD,50.00,50.00,50.00,50.00,0
12/11/2020,LCGP,114.00,114.00,114.00,114.00,0
12/11/2020,LCKM,364.00,364.00,364.00,364.00,0
12/11/2020,LEAD,50.00,50.00,50.00,50.00,301400
12/11/2020,LIFE,4930.00,4930.00,4920.00,4920.00,900
12/11/2020,LINK,2770.00,2770.00,2670.00,2680.00,2950200
12/11/2020,LION,362.00,400.00,362.00,396.00,82300
12/11/2020,LMAS,50.00,50.00,50.00,50.00,106400
12/11/2020,LMPI,82.00,89.00,82.00,88.00,35500
12/11/2020,LMSH,334.00,370.00,334.00,370.00,2700
12/11/2020,LPCK,1560.00,1570.00,1500.00,1525.00,6051600
12/11/2020,LPGI,3330.00,3410.00,3330.00,3410.00,21300
12/11/2020,LPIN,244.00,244.00,228.00,238.00,6600
12/11/2020,LPKR,234.00,240.00,228.00,232.00,118870600
12/11/2020,LPLI,84.00,110.00,84.00,90.00,134600
12/11/2020,LPPF,1440.00,1450.00,1355.00,1400.00,31766600
12/11/2020,LPPS,81.00,86.00,81.00,83.00,87400
12/11/2020,LRNA,226.00,240.00,200.00,200.00,153900
12/11/2020,LSIP,1220.00,1235.00,1195.00,1215.00,21627500
12/11/2020,LTLS,490.00,494.00,490.00,492.00,318000
12/11/2020,LUCK,197.00,198.00,190.00,191.00,6146900
12/11/2020,MABA,50.00,50.00,50.00,50.00,0
12/11/2020,MAGP,50.00,50.00,50.00,50.00,800
12/11/2020,MAIN,725.00,730.00,710.00,710.00,4579100
12/11/2020,MAMI,50.00,50.00,50.00,50.00,2000
12/11/2020,MAMI-W,5.00,5.00,4.00,4.00,619200
12/11/2020,MAMIP,600.00,600.00,600.00,600.00,0
12/11/2020,MAPA,3010.00,3150.00,2960.00,2960.00,1336700
12/11/2020,MAPB,1395.00,1395.00,1380.00,1380.00,7700
12/11/2020,MAPI,845.00,905.00,845.00,895.00,54647300
12/11/2020,MARI,65.00,65.00,59.00,59.00,70124000
12/11/2020,MARK,840.00,850.00,835.00,850.00,2322800
12/11/2020,MASA,850.00,1060.00,850.00,1060.00,245700
12/11/2020,MAYA,8500.00,8700.00,8400.00,8700.00,2800
12/11/2020,MBAP,2900.00,2940.00,2880.00,2880.00,413300
12/11/2020,MBSS,428.00,430.00,422.00,422.00,1507900
12/11/2020,MBTO,97.00,106.00,93.00,100.00,233800
12/11/2020,MCAS,2700.00,2790.00,2660.00,2760.00,798500
12/11/2020,MCOR,135.00,138.00,131.00,135.00,10587300
12/11/2020,MDIA,75.00,75.00,64.00,64.00,2941100
12/11/2020,MDKA,1935.00,1950.00,1900.00,1935.00,25517900
12/11/2020,MDKI,179.00,183.00,178.00,179.00,1968800
12/11/2020,MDLN,51.00,51.00,51.00,51.00,0
12/11/2020,MDRN,50.00,50.00,50.00,50.00,300
12/11/2020,MEDC,600.00,645.00,595.00,630.00,348177500
12/11/2020,MEGA,7200.00,7200.00,7200.00,7200.00,1200
12/11/2020,MERK,3280.00,3310.00,3220.00,3250.00,60100
12/11/2020,META,166.00,166.00,159.00,162.00,4271200
12/11/2020,MFIN,1045.00,1050.00,1030.00,1050.00,47600
12/11/2020,MFMI,875.00,920.00,875.00,915.00,406200
12/11/2020,MGNA,50.00,50.00,50.00,50.00,0
12/11/2020,MGRO,775.00,775.00,765.00,770.00,2642400
12/11/2020,MICE,296.00,296.00,290.00,290.00,16300
12/11/2020,MIDI,1850.00,1850.00,1850.00,1850.00,0
12/11/2020,MIKA,2680.00,2750.00,2610.00,2730.00,25669500
12/11/2020,MINA,50.00,50.00,50.00,50.00,94800
12/11/2020,MIRA,50.00,50.00,50.00,50.00,9400
12/11/2020,MITI,127.00,127.00,127.00,127.00,0
12/11/2020,MKNT,50.00,50.00,50.00,50.00,255200
12/11/2020,MKPI,27000.00,27000.00,27000.00,27000.00,200
12/11/2020,MLBI,9675.00,9675.00,9575.00,9675.00,71800
12/11/2020,MLIA,505.00,510.00,496.00,498.00,5093300
12/11/2020,MLPL,73.00,76.00,73.00,74.00,10203500
12/11/2020,MLPT,750.00,750.00,720.00,725.00,82900
12/11/2020,MMLP,302.00,306.00,298.00,300.00,6771000
12/11/2020,MNCN,1050.00,1060.00,1025.00,1045.00,41435700
12/11/2020,MOLI,850.00,850.00,845.00,850.00,23200
12/11/2020,MPMX,476.00,480.00,458.00,464.00,28385300
12/11/2020,MPOW,80.00,80.00,75.00,77.00,485500
12/11/2020,MPPA,107.00,117.00,105.00,108.00,31909700
12/11/2020,MPRO,1735.00,1735.00,1735.00,1735.00,0
12/11/2020,MRAT,153.00,153.00,149.00,152.00,446700
12/11/2020,MREI,4510.00,4510.00,4510.00,4510.00,100
12/11/2020,MSIN,306.00,306.00,298.00,300.00,409400
12/11/2020,MSKY,675.00,685.00,665.00,685.00,26300
12/11/2020,MTDL,1595.00,1600.00,1575.00,1580.00,2707400
12/11/2020,MTFN,50.00,50.00,50.00,50.00,100
12/11/2020,MTLA,430.00,450.00,426.00,426.00,24100
12/11/2020,MTPS,350.00,350.00,322.00,332.00,113900
12/11/2020,MTRA,244.00,244.00,244.00,244.00,0
12/11/2020,MTSM,190.00,208.00,190.00,208.00,1500
12/11/2020,MTWI,62.00,62.00,59.00,62.00,16300
12/11/2020,MYOH,1250.00,1275.00,1250.00,1255.00,95000
12/11/2020,MYOR,2510.00,2560.00,2500.00,2550.00,4644900
12/11/2020,MYRX,50.00,50.00,50.00,50.00,0
12/11/2020,MYRXP,50.00,50.00,50.00,50.00,0
12/11/2020,MYTX,54.00,56.00,51.00,54.00,252100
12/11/2020,NASA,104.00,104.00,104.00,104.00,0
12/11/2020,NATO,595.00,620.00,590.00,600.00,205550400
12/11/2020,NATO-W,300.00,300.00,300.00,300.00,200
12/11/2020,NELY,143.00,143.00,143.00,143.00,59500
12/11/2020,NFCX,1555.00,1555.00,1550.00,1550.00,11500
12/11/2020,NICK,320.00,320.00,320.00,320.00,3000
12/11/2020,NIKL,1745.00,1870.00,1625.00,1630.00,18815000
12/11/2020,NIPS,282.00,282.00,282.00,282.00,0
12/11/2020,NIRO,164.00,164.00,154.00,160.00,900
12/11/2020,NISP,885.00,900.00,880.00,880.00,226800
12/11/2020,NOBU,810.00,820.00,805.00,810.00,1800
12/11/2020,NRCA,374.00,374.00,366.00,366.00,870300
12/11/2020,NUSA,50.00,50.00,50.00,50.00,0
12/11/2020,NZIA,159.00,160.00,155.00,158.00,25100
12/11/2020,OASA,376.00,376.00,376.00,376.00,100
12/11/2020,OCAP,159.00,159.00,159.00,159.00,0
12/11/2020,OKAS,113.00,121.00,113.00,116.00,13295500
12/11/2020,OMRE,328.00,328.00,328.00,328.00,0
12/11/2020,OPMS,174.00,176.00,160.00,160.00,6964100
12/11/2020,PADI,50.00,50.00,50.00,50.00,500
12/11/2020,PALM,332.00,332.00,322.00,328.00,682500
12/11/2020,PAMG,111.00,128.00,104.00,117.00,273254500
12/11/2020,PANI,110.00,112.00,110.00,110.00,37500
12/11/2020,PANR,181.00,181.00,168.00,173.00,2606400
12/11/2020,PANS,995.00,1045.00,985.00,1025.00,709700
12/11/2020,PBID,1200.00,1220.00,1190.00,1200.00,314900
12/11/2020,PBRX,278.00,282.00,256.00,258.00,49544100
12/11/2020,PBSA,620.00,650.00,600.00,650.00,2100
12/11/2020,PCAR,755.00,755.00,700.00,700.00,473100
12/11/2020,PDES,396.00,494.00,370.00,400.00,19400
12/11/2020,PEGE,116.00,116.00,116.00,116.00,1700
12/11/2020,PEHA,1940.00,1940.00,1820.00,1820.00,747800
12/11/2020,PGAS,1700.00,1715.00,1640.00,1655.00,203256500
12/11/2020,PGJO,52.00,52.00,50.00,52.00,500400
12/11/2020,PGLI,208.00,222.00,195.00,197.00,55900
12/11/2020,PGUN,240.00,250.00,236.00,244.00,23100
12/11/2020,PICO,142.00,149.00,142.00,146.00,389800
12/11/2020,PJAA,640.00,640.00,615.00,615.00,557600
12/11/2020,PKPK,56.00,58.00,52.00,54.00,4127300
12/11/2020,PLAN,120.00,121.00,116.00,117.00,18002100
12/11/2020,PLAN-W,5.00,5.00,4.00,5.00,1547900
12/11/2020,PLAS,50.00,50.00,50.00,50.00,0
12/11/2020,PLIN,2460.00,2510.00,2460.00,2460.00,4600
12/11/2020,PMJS,120.00,120.00,112.00,112.00,10600
12/11/2020,PNBN,1100.00,1110.00,1065.00,1095.00,5108600
12/11/2020,PNBS,78.00,91.00,77.00,82.00,1031244200
12/11/2020,PNGO,620.00,620.00,570.00,575.00,5200
12/11/2020,PNIN,825.00,835.00,820.00,830.00,1121800
12/11/2020,PNLF,242.00,248.00,240.00,242.00,17969900
12/11/2020,PNSE,1100.00,1100.00,1100.00,1100.00,0
12/11/2020,POLA,184.00,246.00,184.00,246.00,839800
12/11/2020,POLA-W,182.00,244.00,182.00,182.00,102900
12/11/2020,POLI,885.00,885.00,830.00,850.00,55200
12/11/2020,POLL,4610.00,5750.00,4590.00,5750.00,379600
12/11/2020,POLU,735.00,795.00,710.00,795.00,13400
12/11/2020,POLY,50.00,51.00,50.00,50.00,1223700
12/11/2020,POOL,50.00,50.00,50.00,50.00,0
12/11/2020,PORT,460.00,464.00,460.00,464.00,2600
12/11/2020,POSA,50.00,50.00,50.00,50.00,0
12/11/2020,POSA-W,2.00,2.00,2.00,2.00,0
12/11/2020,POWR,695.00,710.00,695.00,700.00,9611900
12/11/2020,PPGL,170.00,173.00,167.00,170.00,4224700
12/11/2020,PPGL-W,11.00,11.00,10.00,11.00,842300
12/11/2020,PPRE,260.00,268.00,258.00,258.00,14943300
12/11/2020,PPRO,116.00,122.00,115.00,115.00,693700200
12/11/2020,PRAS,128.00,128.00,117.00,126.00,52400
12/11/2020,PRDA,3550.00,3650.00,3550.00,3640.00,25200
12/11/2020,PRIM,242.00,242.00,238.00,240.00,89600
12/11/2020,PRIM-W,5.00,6.00,4.00,5.00,174800
12/11/2020,PSAB,220.00,224.00,218.00,220.00,11265100
12/11/2020,PSDN,122.00,132.00,116.00,126.00,617200
12/11/2020,PSGO,106.00,106.00,103.00,103.00,18600
12/11/2020,PSKT,50.00,50.00,50.00,50.00,0
12/11/2020,PSSI,171.00,174.00,169.00,171.00,1555700
12/11/2020,PTBA,2820.00,2850.00,2780.00,2810.00,59382300
12/11/2020,PTDU,244.00,244.00,244.00,244.00,373100
12/11/2020,PTIS,160.00,160.00,159.00,160.00,11000
12/11/2020,PTPP,1585.00,1605.00,1535.00,1565.00,37152700
12/11/2020,PTPW,1100.00,1165.00,1095.00,1165.00,1724900
12/11/2020,PTRO,2100.00,2170.00,2100.00,2120.00,1605500
12/11/2020,PTSN,234.00,236.00,232.00,232.00,3376300
12/11/2020,PTSP,3980.00,3980.00,3980.00,3980.00,300
12/11/2020,PUDP,232.00,232.00,232.00,232.00,100
12/11/2020,PURA,129.00,129.00,126.00,128.00,562948600
12/11/2020,PURA-W,23.00,23.00,22.00,23.00,985000
12/11/2020,PURE,244.00,254.00,244.00,248.00,7125800
12/11/2020,PURE-W,26.00,26.00,24.00,24.00,2173200
12/11/2020,PURI,288.00,288.00,288.00,288.00,0
12/11/2020,PWON,550.00,555.00,540.00,550.00,103927600
12/11/2020,PYFA,1100.00,1100.00,1060.00,1060.00,1006500
12/11/2020,PZZA,825.00,825.00,790.00,820.00,1239900
12/11/2020,R-ABFII,28600.00,28600.00,28600.00,28600.00,0
12/11/2020,R-LQ45X,980.00,982.00,976.00,976.00,120900
12/11/2020,RAJA,218.00,220.00,212.00,214.00,18126500
12/11/2020,RALS,780.00,790.00,760.00,760.00,15375500
12/11/2020,RANC,438.00,458.00,438.00,450.00,2822300
12/11/2020,RBMS,53.00,53.00,50.00,52.00,987100
12/11/2020,RDTX,5300.00,5300.00,5250.00,5300.00,15900
12/11/2020,REAL,50.00,50.00,50.00,50.00,618300
12/11/2020,RELI,344.00,344.00,344.00,344.00,3700
12/11/2020,RICY,103.00,103.00,96.00,100.00,14500
12/11/2020,RIGS,258.00,278.00,256.00,278.00,1267900
12/11/2020,RIMO,50.00,50.00,50.00,50.00,0
12/11/2020,RISE,438.00,440.00,428.00,428.00,199300
12/11/2020,RMBA,366.00,370.00,362.00,364.00,102500
12/11/2020,ROCK,840.00,840.00,815.00,815.00,6700
12/11/2020,RODA,57.00,64.00,57.00,59.00,4222000
12/11/2020,RONY,218.00,220.00,216.00,218.00,16200
12/11/2020,ROTI,1350.00,1360.00,1350.00,1355.00,177000
12/11/2020,RUIS,304.00,320.00,304.00,318.00,29400
12/11/2020,SAFE,188.00,188.00,180.00,180.00,161500
12/11/2020,SAME,278.00,324.00,278.00,310.00,218826600
12/11/2020,SAMF,394.00,396.00,394.00,396.00,10600
12/11/2020,SAPX,2190.00,2190.00,2190.00,2190.00,0
12/11/2020,SATU,50.00,50.00,50.00,50.00,500
12/11/2020,SBAT,105.00,106.00,98.00,98.00,42224200
12/11/2020,SBAT-W,13.00,13.00,11.00,12.00,14825100
12/11/2020,SCCO,10100.00,10400.00,10000.00,10400.00,13200
12/11/2020,SCMA,1795.00,1850.00,1730.00,1780.00,9014600
12/11/2020,SCNP,258.00,260.00,252.00,252.00,14900
12/11/2020,SCPI,29000.00,29000.00,29000.00,29000.00,0
12/11/2020,SDMU,81.00,84.00,79.00,79.00,2601800
12/11/2020,SDPC,114.00,114.00,108.00,113.00,364700
12/11/2020,SDRA,785.00,785.00,780.00,785.00,2400
12/11/2020,SFAN,1145.00,1155.00,1145.00,1150.00,756700
12/11/2020,SGER,615.00,615.00,590.00,605.00,2359000
12/11/2020,SGER-W,290.00,290.00,290.00,290.00,0
12/11/2020,SGRO,1720.00,1735.00,1710.00,1730.00,583300
12/11/2020,SHID,2500.00,2500.00,2500.00,2500.00,500
12/11/2020,SHIP,610.00,610.00,600.00,610.00,704600
12/11/2020,SIDO,790.00,800.00,785.00,785.00,8731500
12/11/2020,SILO,5725.00,5775.00,5650.00,5650.00,28200
12/11/2020,SIMA,50.00,50.00,50.00,50.00,0
12/11/2020,SIMP,398.00,402.00,392.00,396.00,13389700
12/11/2020,SINI,360.00,360.00,340.00,340.00,2800
12/11/2020,SINI-W,328.00,328.00,300.00,300.00,1600
12/11/2020,SIPD,1210.00,1255.00,1200.00,1250.00,59900
12/11/2020,SKBM,350.00,350.00,328.00,330.00,2800
12/11/2020,SKLT,1710.00,1710.00,1630.00,1635.00,2000
12/11/2020,SKRN,650.00,650.00,635.00,650.00,96300
12/11/2020,SKYB,51.00,51.00,51.00,51.00,0
12/11/2020,SLIS,4830.00,4950.00,4830.00,4860.00,62300
12/11/2020,SMAR,3360.00,3700.00,3360.00,3700.00,45800
12/11/2020,SMBR,1180.00,1280.00,1175.00,1230.00,99036800
12/11/2020,SMCB,1380.00,1420.00,1370.00,1370.00,947700
12/11/2020,SMDM,102.00,107.00,102.00,106.00,5600
12/11/2020,SMDR,304.00,342.00,300.00,334.00,105535900
12/11/2020,SMGR,11775.00,11775.00,11450.00,11475.00,4186300
12/11/2020,SMKL,194.00,197.00,194.00,195.00,866600
12/11/2020,SMKL-W,15.00,18.00,13.00,15.00,1204500
12/11/2020,SMMA,12100.00,12100.00,12000.00,12000.00,7400
12/11/2020,SMMT,123.00,140.00,123.00,126.00,2831600
12/11/2020,SMRA,815.00,825.00,805.00,810.00,63319000
12/11/2020,SMRU,50.00,50.00,50.00,50.00,0
12/11/2020,SMSM,1360.00,1360.00,1325.00,1335.00,1387400
12/11/2020,SOCI,173.00,232.00,172.00,232.00,293148700
12/11/2020,SOFA,99.00,104.00,99.00,103.00,400
12/11/2020,SOFA-W,4.00,5.00,4.00,5.00,2200400
12/11/2020,SOHO,5050.00,5050.00,4880.00,4910.00,10900
12/11/2020,SONA,5975.00,5975.00,5975.00,5975.00,0
12/11/2020,SOSS,402.00,402.00,378.00,378.00,10400
12/11/2020,SOSS-W,44.00,49.00,44.00,49.00,4800
12/11/2020,SOTS,220.00,220.00,186.00,197.00,31800
12/11/2020,SOTS-W,22.00,22.00,22.00,22.00,1000
12/11/2020,SPMA,310.00,316.00,306.00,316.00,11800
12/11/2020,SPTO,555.00,560.00,545.00,555.00,1237500
12/11/2020,SQMI,352.00,362.00,338.00,360.00,18203000
12/11/2020,SRAJ,180.00,193.00,177.00,180.00,329600
12/11/2020,SRIL,242.00,244.00,238.00,240.00,27989000
12/11/2020,SRSN,60.00,61.00,59.00,59.00,5452100
12/11/2020,SRTG,3350.00,3360.00,3330.00,3350.00,1720000
12/11/2020,SSIA,555.00,565.00,545.00,545.00,26896900
12/11/2020,SSMS,860.00,975.00,845.00,895.00,40740300
12/11/2020,SSTM,580.00,585.00,580.00,585.00,18200
12/11/2020,STAR,116.00,116.00,99.00,100.00,471700
12/11/2020,STTP,9000.00,9200.00,9000.00,9000.00,1100
12/11/2020,SUGI,50.00,50.00,50.00,50.00,0
12/11/2020,SULI,50.00,50.00,50.00,50.00,62300
12/11/2020,SUPR,4100.00,4100.00,4100.00,4100.00,0
12/11/2020,SURE,2750.00,2750.00,2740.00,2740.00,308100
12/11/2020,SWAT,109.00,117.00,108.00,114.00,458200
12/11/2020,TALF,278.00,278.00,274.00,274.00,2100
12/11/2020,TAMA,134.00,140.00,128.00,134.00,19096100
12/11/2020,TAMA-W,6.00,8.00,6.00,8.00,2647200
12/11/2020,TAMU,50.00,50.00,50.00,50.00,510000
12/11/2020,TARA,50.00,50.00,50.00,50.00,53600
12/11/2020,TAXI,50.00,50.00,50.00,50.00,100
12/11/2020,TBIG,1585.00,1590.00,1525.00,1540.00,20417800
12/11/2020,TBLA,805.00,815.00,795.00,805.00,3152500
12/11/2020,TBMS,840.00,855.00,830.00,850.00,55300
12/11/2020,TCID,6650.00,6700.00,6450.00,6450.00,71000
12/11/2020,TCPI,7975.00,7975.00,7400.00,7400.00,7083600
12/11/2020,TDPM,163.00,164.00,151.00,155.00,15567000
12/11/2020,TEBE,535.00,535.00,535.00,535.00,4300
12/11/2020,TECH,254.00,310.00,232.00,310.00,11188100
12/11/2020,TELE,121.00,121.00,121.00,121.00,0
12/11/2020,TFAS,170.00,170.00,154.00,154.00,29200
12/11/2020,TFCO,486.00,486.00,486.00,486.00,0
12/11/2020,TGKA,7300.00,7300.00,7300.00,7300.00,100
12/11/2020,TGRA,150.00,166.00,134.00,140.00,318275200
12/11/2020,TIFA,444.00,444.00,420.00,440.00,49400
12/11/2020,TINS,1325.00,1365.00,1295.00,1305.00,79529500
12/11/2020,TIRA,240.00,258.00,240.00,258.00,400
12/11/2020,TIRT,54.00,54.00,51.00,51.00,200700
12/11/2020,TKIM,10150.00,10225.00,9925.00,10025.00,9279900
12/11/2020,TLKM,3270.00,3330.00,3250.00,3280.00,154365400
12/11/2020,TMAS,129.00,137.00,126.00,136.00,10431400
12/11/2020,TMPO,144.00,144.00,140.00,140.00,70300
12/11/2020,TNCA,320.00,338.00,304.00,334.00,7101300
12/11/2020,TOBA,545.00,550.00,525.00,545.00,215200
12/11/2020,TOPS,50.00,50.00,50.00,50.00,436500
12/11/2020,TOTL,382.00,386.00,364.00,372.00,5271500
12/11/2020,TOTO,252.00,254.00,246.00,250.00,855200
12/11/2020,TOWR,1010.00,1025.00,990.00,1015.00,167489300
12/11/2020,TOYS,800.00,815.00,770.00,780.00,6783600
12/11/2020,TOYS-W,12.00,12.00,10.00,11.00,6192500
12/11/2020,TPIA,10000.00,10100.00,9900.00,9975.00,3507800
12/11/2020,TPMA,344.00,344.00,326.00,330.00,7500
12/11/2020,TRAM,50.00,50.00,50.00,50.00,0
12/11/2020,TRAM-W,11.00,11.00,11.00,11.00,0
12/11/2020,TRIL,50.00,50.00,50.00,50.00,0
12/11/2020,TRIM,100.00,100.00,99.00,100.00,265900
12/11/2020,TRIN,224.00,228.00,216.00,220.00,58111300
12/11/2020,TRIN-W,10.00,10.00,9.00,9.00,3474900
12/11/2020,TRIO,426.00,426.00,426.00,426.00,0
12/11/2020,TRIS,204.00,204.00,204.00,204.00,0
12/11/2020,TRIS-W,50.00,50.00,50.00,50.00,0
12/11/2020,TRJA,157.00,161.00,157.00,158.00,67500
12/11/2020,TRST,400.00,400.00,400.00,400.00,500
12/11/2020,TRUK,171.00,172.00,167.00,170.00,2149200
12/11/2020,TRUS,340.00,340.00,340.00,340.00,100
12/11/2020,TSPC,1580.00,1580.00,1430.00,1430.00,1981200
12/11/2020,TUGU,2030.00,2080.00,2000.00,2070.00,31100
12/11/2020,TURI,1360.00,1405.00,1295.00,1340.00,559200
12/11/2020,UANG,244.00,244.00,224.00,232.00,2300
12/11/2020,UCID,1515.00,1560.00,1515.00,1535.00,191000
12/11/2020,ULTJ,1640.00,1645.00,1635.00,1635.00,1630600
12/11/2020,UNIC,4060.00,4300.00,4060.00,4300.00,24200
12/11/2020,UNIT,170.00,177.00,160.00,173.00,2300
12/11/2020,UNSP,111.00,112.00,107.00,111.00,3420900
12/11/2020,UNTR,26400.00,26850.00,26000.00,26150.00,3551700
12/11/2020,UNVR,7575.00,7600.00,7450.00,7475.00,18572300
12/11/2020,URBN,1050.00,1090.00,1030.00,1030.00,33500
12/11/2020,URBN-W,14.00,14.00,13.00,14.00,147600
12/11/2020,VICO,85.00,85.00,81.00,81.00,85300
12/11/2020,VINS,91.00,93.00,91.00,92.00,482300
12/11/2020,VIVA,51.00,51.00,50.00,50.00,9156100
12/11/2020,VOKS,220.00,220.00,216.00,216.00,11500
12/11/2020,VRNA,104.00,104.00,104.00,104.00,0
12/11/2020,WAPO,68.00,68.00,64.00,64.00,40300
12/11/2020,WEGE,248.00,254.00,246.00,248.00,23197600
12/11/2020,WEHA,64.00,70.00,63.00,68.00,1675400
12/11/2020,WICO,450.00,460.00,430.00,460.00,415900
12/11/2020,WIIM,595.00,615.00,570.00,585.00,53927300
12/11/2020,WIKA,1780.00,1820.00,1750.00,1785.00,31777700
12/11/2020,WINS,99.00,99.00,96.00,97.00,4456800
12/11/2020,WOMF,250.00,254.00,250.00,250.00,748300
12/11/2020,WOOD,600.00,600.00,580.00,590.00,43257500
12/11/2020,WOWS,71.00,75.00,70.00,71.00,65381800
12/11/2020,WSBP,234.00,240.00,230.00,232.00,113259500
12/11/2020,WSKT,1165.00,1175.00,1145.00,1160.00,57080000
12/11/2020,WTON,380.00,386.00,376.00,378.00,19000400
12/11/2020,XAFA,1087.00,1087.00,1087.00,1087.00,0
12/11/2020,XAQA,926.00,926.00,926.00,926.00,0
12/11/2020,XASG,87.00,87.00,87.00,87.00,0
12/11/2020,XBES,962.00,962.00,896.00,896.00,400
12/11/2020,XBID,522.00,522.00,522.00,522.00,0
12/11/2020,XBIN,491.00,491.00,491.00,491.00,0
12/11/2020,XBLQ,451.00,451.00,451.00,451.00,0
12/11/2020,XBNI,1025.00,1025.00,1015.00,1015.00,200
12/11/2020,XBSK,384.00,384.00,384.00,384.00,0
12/11/2020,XCID,81.00,98.00,79.00,87.00,26400
12/11/2020,XCIS,105.00,105.00,105.00,105.00,0
12/11/2020,XCLQ,96.00,96.00,96.00,96.00,800
12/11/2020,XDIF,460.00,460.00,460.00,460.00,0
12/11/2020,XIHD,470.00,470.00,470.00,470.00,1000
12/11/2020,XIIC,1040.00,1040.00,1035.00,1035.00,5000
12/11/2020,XIID,510.00,510.00,510.00,510.00,10000
12/11/2020,XIIF,579.00,579.00,579.00,579.00,10000
12/11/2020,XIIT,528.00,528.00,520.00,520.00,51000
12/11/2020,XIJI,640.00,640.00,634.00,640.00,8500
12/11/2020,XILV,114.00,114.00,114.00,114.00,400
12/11/2020,XIML,257.00,257.00,255.00,255.00,99000
12/11/2020,XIPI,175.00,175.00,175.00,175.00,20100
12/11/2020,XISB,398.00,398.00,398.00,398.00,0
12/11/2020,XISC,719.00,720.00,719.00,720.00,3700
12/11/2020,XISI,322.00,322.00,322.00,322.00,0
12/11/2020,XISR,387.00,387.00,383.00,386.00,17700
12/11/2020,XKIV,492.00,492.00,485.00,485.00,37000
12/11/2020,XKMS,1053.00,1053.00,1053.00,1053.00,10100
12/11/2020,XMIG,172.00,172.00,172.00,172.00,0
12/11/2020,XMJM,1001.00,1001.00,1001.00,1001.00,0
12/11/2020,XMTS,407.00,407.00,407.00,407.00,0
12/11/2020,XNVE,154.00,154.00,152.00,152.00,174900
12/11/2020,XPCR,888.00,888.00,888.00,888.00,100
12/11/2020,XPDV,464.00,464.00,464.00,464.00,0
12/11/2020,XPES,400.00,400.00,400.00,400.00,0
12/11/2020,XPFT,600.00,600.00,600.00,600.00,0
12/11/2020,XPID,508.00,508.00,508.00,508.00,0
12/11/2020,XPLC,397.00,397.00,397.00,397.00,0
12/11/2020,XPLQ,465.00,465.00,465.00,465.00,0
12/11/2020,XPMI,920.00,920.00,920.00,920.00,0
12/11/2020,XPSG,415.00,415.00,415.00,415.00,100
12/11/2020,XPTD,498.00,498.00,498.00,498.00,100
12/11/2020,XSBC,104.00,104.00,104.00,104.00,10100
12/11/2020,XSMU,122.00,122.00,122.00,122.00,0
12/11/2020,XSPI,750.00,750.00,750.00,750.00,0
12/11/2020,XSRI,184.00,184.00,184.00,184.00,5100
12/11/2020,XSSI,87.00,87.00,87.00,87.00,9800
12/11/2020,XSSK,656.00,656.00,656.00,656.00,0
12/11/2020,YELO,50.00,51.00,50.00,50.00,1422000
12/11/2020,YELO-W,8.00,8.00,7.00,7.00,51600
12/11/2020,YPAS,408.00,408.00,400.00,408.00,1300
12/11/2020,YULE,320.00,320.00,300.00,300.00,1000
12/11/2020,ZBRA,53.00,60.00,51.00,53.00,562000
12/11/2020,ZINC,190.00,196.00,189.00,196.00,669808300
12/11/2020,ZONE,396.00,396.00,382.00,386.00,244000
