<date>,<ticker>,<open>,<high>,<low>,<close>,<volume>
10/22/21,AALI,10225,10225,9950,10025,2322500
10/22/21,ABBA,410,416,404,406,3633400
10/22/21,ABDA,6950,6950,6950,6950,0
10/22/21,ABMM,1545,1585,1460,1535,31369300
10/22/21,ACES,1455,1455,1405,1415,22040100
10/22/21,ACST,274,278,264,272,23659000
10/22/21,ADES,2580,2580,2550,2570,203100
10/22/21,ADHI,1105,1160,1040,1155,96568100
10/22/21,ADMF,7950,7950,7900,7950,145800
10/22/21,ADMG,220,240,220,234,27113600
10/22/21,ADRO,1660,1750,1645,1735,219166100
10/22/21,AGAR,346,350,346,350,600
10/22/21,AGII,1440,1480,1410,1470,4994200
10/22/21,AGRO,2030,2060,2000,2020,33131900
10/22/21,AGRS,214,214,206,210,8537900
10/22/21,AHAP,64,65,62,65,841100
10/22/21,AIMS,448,550,438,500,1556000
10/22/21,AISA,236,236,228,232,18555100
10/22/21,AKKU,50,50,50,50,12800
10/22/21,AKPI,715,795,715,795,133500
10/22/21,AKRA,4450,4720,4450,4660,21246600
10/22/21,AKSI,466,496,458,458,20300
10/22/21,ALDO,720,730,705,720,2649300
10/22/21,ALKA,238,250,238,250,3200
10/22/21,ALMI,248,248,236,238,35800
10/22/21,ALTO,300,304,292,300,31700
10/22/21,AMAG,340,340,336,338,315400
10/22/21,AMAN,478,488,478,488,5488300
10/22/21,AMAR,284,298,282,290,2507800
10/22/21,AMFG,3800,3830,3800,3800,800
10/22/21,AMIN,188,190,185,190,32300
10/22/21,AMOR,3530,3530,3450,3460,682000
10/22/21,AMRT,1290,1305,1230,1245,16103400
10/22/21,ANDI,50,50,50,50,231200
10/22/21,ANJT,880,885,830,875,527100
10/22/21,ANTM,2400,2460,2370,2430,124149100
10/22/21,APEX,560,600,540,570,87100
10/22/21,APIC,945,955,930,950,8014600
10/22/21,APII,182,185,181,185,788800
10/22/21,APLI,206,206,204,204,46000
10/22/21,APLN,150,151,144,148,24470700
10/22/21,ARCI,645,665,615,655,15073100
10/22/21,ARGO,1730,1775,1730,1770,2500
10/22/21,ARII,340,342,320,320,271100
10/22/21,ARKA,63,69,60,63,116539300
10/22/21,ARMY,50,50,50,50,0
10/22/21,ARNA,815,820,805,820,1396000
10/22/21,ARTA,1780,1845,1770,1785,145800
10/22/21,ARTI,50,50,50,50,500
10/22/21,ARTO,14850,15150,14500,14900,49227200
10/22/21,ASBI,298,298,292,296,10500
10/22/21,ASDM,920,935,915,935,15800
10/22/21,ASGR,705,710,700,710,717500
10/22/21,ASII,6150,6225,6125,6175,26886400
10/22/21,ASJT,150,150,145,146,387000
10/22/21,ASMI,300,308,292,298,159000
10/22/21,ASPI,69,70,65,66,4256500
10/22/21,ASPI-W,17,18,16,17,8614200
10/22/21,ASRI,196,198,189,196,62297500
10/22/21,ASRM,1640,1640,1585,1630,17400
10/22/21,ASSA,3330,3450,3320,3370,17483300
10/22/21,ATAP,100,133,99,133,14796200
10/22/21,ATIC,640,650,615,635,429300
10/22/21,AUTO,1150,1165,1140,1150,2283900
10/22/21,AYLS,160,166,154,159,19448700
10/22/21,BABP,258,264,254,254,73927800
10/22/21,BABP-W3,168,168,132,152,43800
10/22/21,BABP-W4,200,216,184,206,14800
10/22/21,BACA,314,324,312,316,64249900
10/22/21,BACA-W2,175,175,175,175,0
10/22/21,BAJA,312,334,312,328,957100
10/22/21,BALI,745,770,730,770,1732000
10/22/21,BANK,2260,2360,2250,2310,17484000
10/22/21,BANK-W,2220,2230,2210,2230,2800
10/22/21,BAPA,53,56,52,52,17154600
10/22/21,BAPI,50,50,50,50,23300
10/22/21,BAPI-W,7,8,6,7,40772400
10/22/21,BATA,650,650,640,640,7000
10/22/21,BAYU,1170,1270,1100,1150,12700
10/22/21,BBCA,7450,7550,7425,7525,96730700
10/22/21,BBHI,6350,6600,5625,5625,12576400
10/22/21,BBKP,438,446,430,444,65395600
10/22/21,BBLD,404,404,404,404,0
10/22/21,BBMD,2050,2090,2000,2060,10000
10/22/21,BBNI,7325,7475,7125,7450,47656000
10/22/21,BBRI,4340,4400,4320,4400,160459300
10/22/21,BBRM,50,50,50,50,237100
10/22/21,BBSI,6025,6025,5850,6000,5300
10/22/21,BBSS,66,66,64,64,362300
10/22/21,BBTN,1800,1830,1775,1820,49290300
10/22/21,BBYB,1370,1420,1355,1405,58867800
10/22/21,BCAP,105,107,103,104,11286000
10/22/21,BCIC,208,214,200,200,11241700
10/22/21,BCIP,61,62,61,61,526700
10/22/21,BDMN,2820,2860,2790,2840,2786100
10/22/21,BEBS,1810,1875,1720,1825,25433400
10/22/21,BEEF,82,88,82,85,11480700
10/22/21,BEKS,79,79,76,77,712896900
10/22/21,BELL,177,177,172,173,77300
10/22/21,BESS,1575,1615,1575,1615,268900
10/22/21,BESS-W,1415,1415,1415,1415,100
10/22/21,BEST,136,138,135,137,11815500
10/22/21,BFIN,975,980,960,970,12813200
10/22/21,BGTG,175,179,174,176,21480500
10/22/21,BHAT,870,875,855,875,934100
10/22/21,BHIT,67,68,65,66,145557800
10/22/21,BIKA,268,276,266,266,786000
10/22/21,BIMA,202,208,198,200,14831200
10/22/21,BINA,3870,4030,3750,3890,2664500
10/22/21,BIPI,52,52,50,51,466725600
10/22/21,BIPI-W,16,17,14,15,66886500
10/22/21,BIPP,52,54,52,53,3131200
10/22/21,BIRD,1440,1450,1390,1400,3054600
10/22/21,BISI,1020,1025,1015,1025,62000
10/22/21,BJBR,1400,1440,1400,1440,5599800
10/22/21,BJTM,750,770,750,765,10302300
10/22/21,BKDP,50,50,50,50,149500
10/22/21,BKSL,62,64,61,63,36421600
10/22/21,BKSW,181,185,180,183,2822200
10/22/21,BLTA,50,50,50,50,71100
10/22/21,BLTZ,3050,3160,3050,3160,500
10/22/21,BLUE,760,770,755,765,145500
10/22/21,BMAS,1550,1590,1500,1540,664700
10/22/21,BMHS,985,995,945,955,32986300
10/22/21,BMRI,7100,7225,7075,7200,32891300
10/22/21,BMSR,169,174,169,170,546500
10/22/21,BMTR,278,280,272,276,28264000
10/22/21,BNBA,1610,1725,1610,1655,19595300
10/22/21,BNBR,50,50,50,50,242000
10/22/21,BNGA,1070,1080,1055,1070,4418900
10/22/21,BNII,340,342,336,338,1299400
10/22/21,BNLI,1765,1800,1765,1775,164700
10/22/21,BOGA,1500,1525,1490,1515,106279100
10/22/21,BOLA,650,655,600,630,11203200
10/22/21,BOLT,610,660,610,650,1300
10/22/21,BOSS,93,94,88,89,38881600
10/22/21,BPFI,1000,1000,1000,1000,100
10/22/21,BPII,4690,4690,4690,4690,0
10/22/21,BPTR,182,189,177,183,878900
10/22/21,BRAM,6800,6800,6800,6800,400
10/22/21,BRIS,2160,2200,2120,2160,25874200
10/22/21,BRMS,97,98,96,97,368106200
10/22/21,BRMS-W,26,27,23,25,262854900
10/22/21,BRNA,1225,1225,1120,1210,4800
10/22/21,BRPT,990,995,970,975,38011300
10/22/21,BSDE,1145,1150,1110,1145,32598000
10/22/21,BSIM,870,900,860,860,133600
10/22/21,BSSR,2660,2660,2490,2570,77000
10/22/21,BSWD,1750,1750,1750,1750,0
10/22/21,BTEK,50,50,50,50,500
10/22/21,BTEL,50,50,50,50,0
10/22/21,BTON,480,496,464,476,21300
10/22/21,BTPN,2890,2900,2840,2870,19700
10/22/21,BTPS,3820,3940,3820,3910,2590700
10/22/21,BUDI,179,180,176,178,5244100
10/22/21,BUKA,685,695,670,675,242136600
10/22/21,BUKK,1025,1025,1025,1025,6100
10/22/21,BULL,268,270,264,268,58623300
10/22/21,BULL-W2,55,55,54,54,34800
10/22/21,BUMI,73,75,73,74,1118884900
10/22/21,BUVA,60,60,60,60,0
10/22/21,BVIC,136,137,134,135,2663300
10/22/21,BWPT,98,98,92,94,88293800
10/22/21,BYAN,26275,26275,24600,25500,59400
10/22/21,CAKK,93,98,90,92,78234100
10/22/21,CAMP,302,304,300,302,442800
10/22/21,CANI,129,134,129,131,236500
10/22/21,CARE,444,454,438,454,410940000
10/22/21,CARS,50,50,50,50,299800
10/22/21,CASA,394,400,394,400,273500
10/22/21,CASH,189,199,185,191,57914500
10/22/21,CASS,500,585,500,570,2294700
10/22/21,CBMF,83,91,79,81,140221300
10/22/21,CCSI,545,545,535,535,180900
10/22/21,CEKA,1825,1875,1820,1850,162900
10/22/21,CENT,326,338,318,326,86834200
10/22/21,CFIN,274,278,270,272,2332400
10/22/21,CINT,302,354,290,294,9470300
10/22/21,CITA,2750,2750,2750,2750,200
10/22/21,CITY,140,148,134,148,162500
10/22/21,CLAY,850,850,850,850,6100
10/22/21,CLEO,474,484,472,478,6549100
10/22/21,CLPI,1040,1045,1025,1035,181500
10/22/21,CMNP,1340,1340,1330,1330,32900
10/22/21,CMNP-W,400,436,400,428,3200
10/22/21,CMNT,915,940,905,940,56987700
10/22/21,CMPP,184,184,184,184,0
10/22/21,CNKO,50,50,50,50,2300
10/22/21,CNTB,250,250,250,250,0
10/22/21,CNTX,178,186,178,180,8300
10/22/21,COCO,280,280,256,262,941000
10/22/21,COCO-W,266,266,266,266,0
10/22/21,COWL,50,50,50,50,0
10/22/21,CPIN,6475,6475,6300,6350,7663200
10/22/21,CPRI,50,50,50,50,0
10/22/21,CPRI-W,12,12,12,12,0
10/22/21,CPRO,50,50,50,50,1861100
10/22/21,CSAP,565,570,550,570,139600
10/22/21,CSIS,97,102,96,99,65951800
10/22/21,CSMI,3480,3480,3480,3480,400
10/22/21,CSRA,382,406,382,398,583900
10/22/21,CTBN,2760,2910,2760,2910,800
10/22/21,CTRA,1075,1135,1060,1120,42030900
10/22/21,CTTH,51,51,50,50,880500
10/22/21,DADA,50,50,50,50,715200
10/22/21,DADA-W,13,14,13,13,16897600
10/22/21,DART,244,290,242,290,6509800
10/22/21,DAYA,254,260,250,258,721500
10/22/21,DCII,47000,48000,46500,47550,21200
10/22/21,DEAL,50,50,50,50,0
10/22/21,DEAL-W,26,26,26,26,0
10/22/21,DEFI,950,960,950,960,600
10/22/21,DEWA,50,50,50,50,200300
10/22/21,DFAM,408,408,386,388,132000
10/22/21,DGIK,105,113,103,112,145846500
10/22/21,DGNS,820,825,810,815,11717900
10/22/21,DIGI,404,420,390,410,21758500
10/22/21,DILD,184,186,183,184,2844100
10/22/21,DIVA,2160,2220,2150,2200,210400
10/22/21,DKFT,144,144,138,140,25256600
10/22/21,DLTA,4000,4050,3980,4000,111300
10/22/21,DMAS,234,238,226,230,34584800
10/22/21,DMMX,2350,2460,2350,2400,11270100
10/22/21,DMND,900,910,890,905,78900
10/22/21,DNAR,220,248,214,244,41806700
10/22/21,DNET,3230,3230,3210,3230,3400
10/22/21,DOID,300,304,290,298,121103900
10/22/21,DPNS,362,362,340,360,68500
10/22/21,DPUM,50,50,50,50,0
10/22/21,DSFI,107,109,103,105,8784000
10/22/21,DSNG,600,600,575,600,31517000
10/22/21,DSSA,25200,29500,25200,27800,17500
10/22/21,DUCK,176,176,176,176,0
10/22/21,DUTI,3440,3440,3440,3440,300
10/22/21,DVLA,2480,2480,2460,2480,7400
10/22/21,DWGL,202,202,198,200,4100
10/22/21,DWGL-W,35,35,34,34,121400
10/22/21,DYAN,83,85,82,83,11510100
10/22/21,EAST,98,99,91,93,36310300
10/22/21,EAST-W,15,15,12,12,78546100
10/22/21,ECII,980,980,980,980,0
10/22/21,EDGE,24675,24875,24400,24875,8400
10/22/21,EKAD,1440,1470,1440,1455,193000
10/22/21,ELSA,318,320,306,316,50490700
10/22/21,ELTY,50,50,50,50,0
10/22/21,EMDE,184,194,184,194,10100
10/22/21,EMTK,1730,1750,1650,1655,36465200
10/22/21,ENRG,122,124,120,124,346255700
10/22/21,ENVY,50,50,50,50,0
10/22/21,ENZO,50,50,50,50,2900
10/22/21,ENZO-W,17,17,16,17,1654700
10/22/21,EPAC,51,53,50,52,6230200
10/22/21,EPMT,2320,2320,2290,2310,33400
10/22/21,ERAA,635,650,630,635,72537700
10/22/21,ERTX,194,197,191,194,135300
10/22/21,ESIP,88,89,81,81,20909400
10/22/21,ESIP-W,12,13,12,12,7809600
10/22/21,ESSA,360,374,342,362,84156400
10/22/21,ESTA,137,137,121,129,313100
10/22/21,ESTI,128,131,126,127,451600
10/22/21,ETWA,62,62,62,62,0
10/22/21,EXCL,3100,3140,3060,3110,47481700
10/22/21,FAPA,3130,3140,3120,3130,127800
10/22/21,FAST,1045,1050,1045,1050,88400
10/22/21,FASW,7600,7600,7600,7600,0
10/22/21,FILM,452,498,424,432,158470900
10/22/21,FIMP,52,54,49,53,1003000
10/22/21,FIMP-W,17,22,17,21,9377200
10/22/21,FIRE,630,630,600,600,10282900
10/22/21,FISH,8500,8500,8500,8500,1100
10/22/21,FITT,300,312,294,310,4702200
10/22/21,FITT-W,158,177,148,175,1985300
10/22/21,FLMC,300,302,300,300,3700
10/22/21,FMII,446,560,418,560,364600
10/22/21,FOOD,112,124,105,107,53245000
10/22/21,FORU,146,147,145,146,27700
10/22/21,FORZ,50,50,50,50,0
10/22/21,FPNI,230,248,230,242,20873800
10/22/21,FREN,83,87,81,83,1198169800
10/22/21,FREN-W,30,31,28,30,4167500
10/22/21,FREN-W2,21,25,20,23,699720700
10/22/21,FUJI,302,338,300,324,3090300
10/22/21,GAMA,50,50,50,50,3000
10/22/21,GDST,101,102,100,100,3691700
10/22/21,GDYR,1470,1470,1470,1470,6700
10/22/21,GEMA,346,346,346,346,200
10/22/21,GEMS,4120,4120,4000,4080,48800
10/22/21,GGRM,35200,35200,34475,34875,806700
10/22/21,GGRP,482,484,476,478,28000
10/22/21,GHON,2210,2350,2200,2280,10200
10/22/21,GIAA,222,222,222,222,0
10/22/21,GJTL,765,770,755,755,5429900
10/22/21,GLOB,170,170,169,169,1200
10/22/21,GLVA,268,288,268,288,396600
10/22/21,GMFI,93,93,88,88,8563000
10/22/21,GMTD,16725,16725,16725,16725,0
10/22/21,GOLD,428,428,408,410,26200
10/22/21,GOLL,50,50,50,50,0
10/22/21,GOOD,482,488,474,486,10323500
10/22/21,GPRA,80,85,79,80,20835100
10/22/21,GPSO,172,187,172,186,14310300
10/22/21,GPSO-W,57,64,57,61,2698200
10/22/21,GSMF,216,224,216,216,3773100
10/22/21,GTBO,75,75,75,75,0
10/22/21,GTSI,72,73,70,70,53204700
10/22/21,GWSA,195,234,188,224,17231500
10/22/21,GZCO,51,52,50,51,7850200
10/22/21,HADE,50,50,50,50,21500
10/22/21,HAIS,220,224,218,218,9406700
10/22/21,HDFA,189,189,189,189,1200
10/22/21,HDIT,438,550,426,530,34921300
10/22/21,HDTX,120,120,120,120,0
10/22/21,HEAL,1155,1155,1130,1140,4416200
10/22/21,HELI,348,348,334,348,2300
10/22/21,HERO,1850,1850,1845,1850,1100
10/22/21,HEXA,4070,4150,4000,4120,373900
10/22/21,HITS,428,438,402,404,12300
10/22/21,HKMU,52,53,51,51,25560800
10/22/21,HMSP,1110,1125,1085,1115,33742600
10/22/21,HOKI,198,200,197,198,15620000
10/22/21,HOME,50,50,50,50,0
10/22/21,HOMI,1700,1750,1650,1750,849800
10/22/21,HOPE,103,104,101,102,8923500
10/22/21,HOPE-W,20,20,19,19,7077300
10/22/21,HOTL,50,50,50,50,5100
10/22/21,HRME,60,61,59,59,8155900
10/22/21,HRTA,222,224,220,220,4704500
10/22/21,HRUM,7700,7750,7325,7575,12098300
10/22/21,IATA,79,79,79,79,4492000
10/22/21,IBFN,134,146,133,146,1294700
10/22/21,IBST,7475,8950,7225,8625,4200
10/22/21,ICBP,9225,9225,9025,9100,8038500
10/22/21,ICON,100,103,98,99,5412200
10/22/21,IDEA,173,174,171,174,1427700
10/22/21,IDPR,216,216,212,212,564700
10/22/21,IFII,155,158,152,155,176000
10/22/21,IFSH,1520,1520,1450,1490,2300
10/22/21,IGAR,424,424,420,422,198600
10/22/21,IIKP,50,50,50,50,0
10/22/21,IKAI,50,50,50,50,200
10/22/21,IKAN,108,110,106,108,8973100
10/22/21,IKBI,256,260,254,256,25500
10/22/21,IMAS,1030,1075,1010,1065,10345200
10/22/21,IMJS,442,486,418,470,93808400
10/22/21,IMPC,2310,2310,2250,2280,2877000
10/22/21,INAF,2300,2300,2230,2260,654600
10/22/21,INAI,304,304,304,304,137100
10/22/21,INCF,392,450,378,402,5335400
10/22/21,INCI,635,645,620,635,65900
10/22/21,INCO,4920,4960,4850,4920,17534600
10/22/21,INDF,6700,6700,6600,6650,7423900
10/22/21,INDO,169,174,169,170,659500
10/22/21,INDO-W,59,63,57,59,161200
10/22/21,INDR,4620,4690,4600,4610,63500
10/22/21,INDS,1965,1965,1950,1960,8100
10/22/21,INDX,102,105,101,102,4057400
10/22/21,INDY,1995,2060,1995,1995,237790000
10/22/21,INKP,8600,8775,8450,8575,11140200
10/22/21,INOV,214,228,214,226,1658200
10/22/21,INPC,136,146,135,144,24062600
10/22/21,INPC-W,36,39,34,38,4034600
10/22/21,INPP,610,630,605,605,1503400
10/22/21,INPS,1695,1695,1695,1695,0
10/22/21,INRU,730,760,690,690,11200
10/22/21,INTA,110,118,108,118,710800
10/22/21,INTD,168,178,160,165,24900
10/22/21,INTP,11400,11475,11225,11425,3470300
10/22/21,IPAC,130,130,125,130,7800
10/22/21,IPCC,565,570,560,560,3823700
10/22/21,IPCM,350,354,346,350,2848500
10/22/21,IPOL,166,167,163,163,1094200
10/22/21,IPTV,248,250,242,242,9488000
10/22/21,IRRA,1735,1735,1700,1715,2839900
10/22/21,ISAT,6900,7575,6850,7175,10201500
10/22/21,ISSP,312,326,310,318,43707500
10/22/21,ITIC,314,314,302,306,4068000
10/22/21,ITMA,580,580,550,565,84600
10/22/21,ITMA-W,106,114,100,114,16700
10/22/21,ITMG,22700,24475,22575,23800,8629100
10/22/21,JAST,157,160,154,154,6191300
10/22/21,JAWA,169,170,161,163,15971200
10/22/21,JAYA,120,127,120,123,15473600
10/22/21,JECC,6300,6525,6050,6525,1100
10/22/21,JGLE,50,50,50,50,40400
10/22/21,JIHD,448,448,446,448,6200
10/22/21,JKON,150,150,149,150,150600
10/22/21,JKSW,60,60,60,60,0
10/22/21,JMAS,162,164,158,163,71300
10/22/21,JPFA,1875,1880,1850,1870,12373400
10/22/21,JRPT,500,500,494,498,4925700
10/22/21,JSKY,120,121,118,120,9449600
10/22/21,JSMR,4410,4440,4370,4400,6276400
10/22/21,JSPT,790,790,790,790,0
10/22/21,JTPE,1070,1070,1070,1070,112100
10/22/21,KAEF,2430,2430,2380,2410,1321500
10/22/21,KARW,96,96,90,91,464800
10/22/21,KAYU,66,69,62,62,40693500
10/22/21,KBAG,59,66,57,64,946053600
10/22/21,KBAG-W,15,17,15,16,215341300
10/22/21,KBLI,300,302,298,300,4727700
10/22/21,KBLM,208,222,208,212,272900
10/22/21,KBLV,695,695,690,695,12500
10/22/21,KBRI,50,50,50,50,0
10/22/21,KDSI,885,895,880,895,42600
10/22/21,KEEN,444,448,440,442,1063300
10/22/21,KEJU,1220,1230,1205,1230,5800
10/22/21,KIAS,50,50,50,50,123300
10/22/21,KICI,232,236,226,236,822200
10/22/21,KIJA,163,164,160,160,2953000
10/22/21,KINO,2140,2150,2100,2110,450400
10/22/21,KIOS,690,750,675,700,56475900
10/22/21,KJEN,476,590,476,535,8900
10/22/21,KKGI,312,312,306,308,160900
10/22/21,KLBF,1490,1490,1435,1455,34304000
10/22/21,KMDS,500,500,498,500,213900
10/22/21,KMTR,344,360,338,356,798600
10/22/21,KOBX,174,174,171,174,745500
10/22/21,KOIN,163,163,160,160,3700
10/22/21,KONI,970,970,910,910,4100
10/22/21,KOPI,700,860,645,660,402200
10/22/21,KOTA,148,148,141,146,97483500
10/22/21,KOTA-W,105,109,97,97,3400
10/22/21,KPAL,50,50,50,50,0
10/22/21,KPAS,62,62,62,62,0
10/22/21,KPIG,103,103,102,103,16949400
10/22/21,KRAH,436,436,436,436,0
10/22/21,KRAS,550,550,530,535,22584800
10/22/21,KREN,117,118,114,114,4001200
10/22/21,LABA,206,208,197,204,32484800
10/22/21,LABA-W,24,25,23,24,6832800
10/22/21,LAND,93,101,91,101,27449300
10/22/21,LAPD,50,50,50,50,0
10/22/21,LCGP,114,114,114,114,0
10/22/21,LCKM,320,320,320,320,0
10/22/21,LEAD,50,50,50,50,103300
10/22/21,LFLO,89,92,81,87,4218800
10/22/21,LFLO-W,13,20,11,12,46955400
10/22/21,LIFE,5400,5400,5400,5400,400
10/22/21,LINK,3780,3850,3730,3800,5396300
10/22/21,LION,350,352,350,350,14800
10/22/21,LMAS,101,101,101,101,0
10/22/21,LMPI,192,192,189,189,152500
10/22/21,LMSH,720,755,710,745,27700
10/22/21,LPCK,1015,1025,1010,1025,615900
10/22/21,LPGI,3950,3950,3850,3850,600
10/22/21,LPIN,386,386,378,384,40400
10/22/21,LPKR,160,161,157,159,85097700
10/22/21,LPLI,280,284,256,268,38600
10/22/21,LPPF,3080,3100,2950,3030,4974500
10/22/21,LPPS,108,108,105,105,150300
10/22/21,LRNA,169,173,169,173,2900
10/22/21,LSIP,1400,1410,1350,1390,49096500
10/22/21,LTLS,620,620,610,610,14700
10/22/21,LUCK,228,242,220,222,45435500
10/22/21,LUCY,51,52,50,50,5674300
10/22/21,LUCY-W,14,14,13,14,1687700
10/22/21,MABA,50,50,50,50,0
10/22/21,MAGP,50,50,50,50,0
10/22/21,MAIN,800,800,775,795,5662100
10/22/21,MAMI,50,50,50,50,0
10/22/21,MAMI-W,6,6,6,6,0
10/22/21,MAMIP,600,600,600,600,0
10/22/21,MAPA,3190,3290,3020,3140,6702500
10/22/21,MAPB,1720,1720,1700,1700,2900
10/22/21,MAPI,915,920,850,870,18818700
10/22/21,MARI,474,484,468,478,37277400
10/22/21,MARK,1150,1200,1140,1200,12722500
10/22/21,MASA,4950,4950,4680,4700,19700
10/22/21,MASB,3480,3490,3480,3490,9400
10/22/21,MASB-W,308,308,270,306,11500
10/22/21,MAYA,760,780,740,765,4349100
10/22/21,MBAP,3690,3690,3550,3640,382600
10/22/21,MBSS,720,760,680,690,11078300
10/22/21,MBTO,130,130,121,121,339300
10/22/21,MCAS,11425,12050,11425,11825,177700
10/22/21,MCOL,1770,1810,1765,1810,3055700
10/22/21,MCOR,131,132,130,131,6989400
10/22/21,MDIA,50,51,50,50,3202200
10/22/21,MDKA,3200,3280,3130,3210,75964900
10/22/21,MDKI,212,214,204,212,1819900
10/22/21,MDLN,51,51,51,51,0
10/22/21,MDRN,50,50,50,50,0
10/22/21,MEDC,580,590,570,585,61339000
10/22/21,MEGA,8325,8450,8325,8325,7700
10/22/21,MERK,3490,3500,3470,3490,46100
10/22/21,META,138,138,135,136,2466400
10/22/21,MFIN,1065,1075,1065,1075,30100
10/22/21,MFMI,900,980,895,925,12000
10/22/21,MGLV,200,218,198,198,293900
10/22/21,MGLV-W,14,15,14,14,13132100
10/22/21,MGNA,50,50,50,50,0
10/22/21,MGRO,730,730,710,725,3984600
10/22/21,MICE,370,370,362,368,10000
10/22/21,MIDI,2070,2130,2070,2130,7300
10/22/21,MIKA,2290,2290,2230,2240,24410400
10/22/21,MINA,50,51,50,50,2681900
10/22/21,MIRA,50,50,50,50,1100
10/22/21,MITI,107,108,103,105,3496300
10/22/21,MKNT,50,50,50,50,9600
10/22/21,MKPI,24925,24925,24925,24925,0
10/22/21,MLBI,8800,9075,8800,9075,41900
10/22/21,MLIA,1685,1820,1635,1805,7144300
10/22/21,MLPL,368,372,354,366,422718800
10/22/21,MLPT,3900,3980,3640,3900,1691500
10/22/21,MMLP,520,525,500,505,7253700
10/22/21,MNCN,935,935,915,920,23056000
10/22/21,MOLI,605,610,590,590,81000
10/22/21,MPMX,755,755,740,750,8468000
10/22/21,MPOW,138,141,132,135,21854000
10/22/21,MPPA,615,640,610,630,131201300
10/22/21,MPRO,945,1000,880,990,181600
10/22/21,MRAT,236,242,236,240,277500
10/22/21,MREI,4890,4890,4890,4890,0
10/22/21,MSIN,520,520,505,510,5626300
10/22/21,MSKY,358,360,352,356,29800
10/22/21,MTDL,3120,3170,3070,3120,3617100
10/22/21,MTFN,50,50,50,50,100
10/22/21,MTLA,366,370,352,352,115300
10/22/21,MTPS,132,133,125,125,4118700
10/22/21,MTRA,244,244,244,244,0
10/22/21,MTSM,148,148,147,147,9200
10/22/21,MTWI,112,116,111,113,5015200
10/22/21,MYOH,1670,1675,1630,1665,72500
10/22/21,MYOR,2460,2510,2410,2410,3764600
10/22/21,MYRX,50,50,50,50,0
10/22/21,MYRXP,50,50,50,50,0
10/22/21,MYTX,76,76,71,73,508000
10/22/21,NASA,72,72,69,71,11383500
10/22/21,NATO,590,605,590,600,313013300
10/22/21,NATO-W,352,352,352,352,300
10/22/21,NELY,214,216,210,214,821800
10/22/21,NFCX,9700,10000,9600,9850,66100
10/22/21,NICK,440,440,424,430,3900
10/22/21,NICL,71,76,71,74,19353100
10/22/21,NICL-W,11,12,11,11,14789000
10/22/21,NIKL,1150,1150,1125,1140,224000
10/22/21,NIPS,282,282,282,282,0
10/22/21,NIRO,150,151,149,151,10922800
10/22/21,NISP,725,725,710,710,2447600
10/22/21,NOBU,1020,1025,1005,1010,474500
10/22/21,NPGF,104,106,102,104,7784300
10/22/21,NRCA,300,300,298,298,195400
10/22/21,NUSA,50,50,50,50,0
10/22/21,NZIA,160,177,154,157,1231700
10/22/21,OASA,199,202,193,194,494300
10/22/21,OCAP,159,159,159,159,0
10/22/21,OILS,288,296,282,290,3255100
10/22/21,OILS-W,129,129,123,125,379200
10/22/21,OKAS,77,85,75,77,105857500
10/22/21,OMRE,840,885,810,865,4000
10/22/21,OPMS,147,147,138,142,4933800
10/22/21,PADI,50,50,50,50,247900
10/22/21,PALM,505,505,500,500,1301900
10/22/21,PAMG,86,86,84,85,569600
10/22/21,PANI,1175,1175,1175,1175,0
10/22/21,PANR,420,444,392,392,24873100
10/22/21,PANS,1335,1350,1335,1340,176000
10/22/21,PBID,1835,1840,1740,1755,1497000
10/22/21,PBRX,131,137,127,129,10320100
10/22/21,PBSA,700,725,690,690,8200
10/22/21,PCAR,300,300,294,294,66300
10/22/21,PDES,356,384,332,360,6144300
10/22/21,PEGE,1445,1480,1425,1450,69900
10/22/21,PEHA,1165,1175,1155,1170,932400
10/22/21,PGAS,1500,1530,1410,1525,178433200
10/22/21,PGJO,86,94,81,86,3691300
10/22/21,PGLI,198,266,198,266,1676700
10/22/21,PGUN,322,324,304,320,15800
10/22/21,PICO,104,106,102,105,119200
10/22/21,PJAA,625,635,600,625,427600
10/22/21,PKPK,142,147,134,134,14882800
10/22/21,PLAN,39,41,37,37,19522900
10/22/21,PLAN-W,11,12,10,11,2490500
10/22/21,PLAS,50,50,50,50,0
10/22/21,PLIN,2450,2450,2450,2450,0
10/22/21,PMJS,127,127,124,127,57100
10/22/21,PMMP,434,450,432,450,33881500
10/22/21,PNBN,820,825,805,820,14584900
10/22/21,PNBS,86,88,84,86,22980900
10/22/21,PNGO,1500,1500,1500,1500,100
10/22/21,PNIN,700,705,695,705,1426400
10/22/21,PNLF,189,190,187,188,35339600
10/22/21,PNSE,780,890,695,780,95900
10/22/21,POLA,159,159,151,152,101800
10/22/21,POLA-W,68,69,56,56,91800
10/22/21,POLI,1320,1500,1320,1330,246700
10/22/21,POLL,3130,3470,3120,3200,6723300
10/22/21,POLU,410,410,378,380,91100
10/22/21,POLY,53,54,53,54,21800
10/22/21,POOL,50,50,50,50,0
10/22/21,PORT,655,685,615,665,26500
10/22/21,POSA,50,50,50,50,0
10/22/21,POWR,650,665,645,655,10494400
10/22/21,PPGL,102,103,98,99,2966900
10/22/21,PPGL-W,14,14,12,13,3002700
10/22/21,PPRE,224,226,216,222,12126600
10/22/21,PPRO,74,75,73,75,66955300
10/22/21,PRAS,240,240,236,236,120800
10/22/21,PRDA,6400,6400,6275,6300,368800
10/22/21,PRIM,318,318,310,310,1197600
10/22/21,PSAB,167,168,164,165,7157200
10/22/21,PSDN,170,180,170,180,24600
10/22/21,PSGO,216,222,216,220,7195300
10/22/21,PSKT,50,50,50,50,50000
10/22/21,PSSI,330,336,324,332,4683300
10/22/21,PTBA,2560,2690,2560,2670,46458000
10/22/21,PTDU,202,204,196,197,14514800
10/22/21,PTIS,480,480,480,480,1200
10/22/21,PTPP,1240,1290,1195,1285,69182000
10/22/21,PTPW,895,895,885,885,203000
10/22/21,PTRO,2550,2550,2480,2520,532200
10/22/21,PTSN,266,268,262,264,1228500
10/22/21,PTSP,4260,4300,4260,4300,300
10/22/21,PUDP,436,440,416,416,2584600
10/22/21,PURA,52,52,51,51,59632200
10/22/21,PURA-W,19,19,18,18,11149900
10/22/21,PURE,99,100,97,98,7229100
10/22/21,PURI,342,342,342,342,300
10/22/21,PWON,515,525,515,525,35296200
10/22/21,PYFA,1055,1055,1015,1055,295000
10/22/21,PZZA,720,725,710,715,2040300
10/22/21,R-ABFII,28600,28600,28600,28600,0
10/22/21,R-LQ45X,1040,1046,1027,1045,35500
10/22/21,RAJA,220,220,212,216,11166500
10/22/21,RALS,740,765,730,755,8087000
10/22/21,RANC,2430,2450,2410,2420,662500
10/22/21,RBMS,50,50,50,50,214700
10/22/21,RDTX,7000,7000,7000,7000,3100
10/22/21,REAL,100,101,97,100,82149800
10/22/21,RELI,398,398,398,398,200
10/22/21,RICY,91,91,88,91,1052000
10/22/21,RIGS,278,284,278,280,597000
10/22/21,RIMO,50,50,50,50,0
10/22/21,RISE,398,400,392,398,357400
10/22/21,RMBA,306,306,306,306,0
10/22/21,ROCK,790,960,735,895,217800
10/22/21,RODA,102,102,99,102,7815100
10/22/21,RONY,232,232,228,228,128700
10/22/21,ROTI,1475,1500,1375,1375,2205600
10/22/21,RSGK,1700,1700,1680,1695,129900
10/22/21,RUIS,206,210,206,206,62100
10/22/21,RUNS,436,452,426,428,3005900
10/22/21,SAFE,276,320,276,320,1568100
10/22/21,SAME,482,488,474,476,18883200
10/22/21,SAMF,730,840,705,710,37951200
10/22/21,SAPX,1010,1080,1010,1035,7500
10/22/21,SATU,72,75,72,74,6944800
10/22/21,SBAT,50,50,50,50,1314300
10/22/21,SBAT-W,14,14,12,14,53102200
10/22/21,SBMA,380,390,376,382,3865800
10/22/21,SBMA-W,120,130,106,116,681000
10/22/21,SCCO,10125,10550,10125,10550,1200
10/22/21,SCMA,2020,2180,1995,2140,34582600
10/22/21,SCNP,226,232,220,228,1750400
10/22/21,SCPI,29000,29000,29000,29000,0
10/22/21,SDMU,50,51,50,50,1309300
10/22/21,SDPC,133,135,132,135,36700
10/22/21,SDRA,650,650,640,645,287300
10/22/21,SFAN,1475,1480,1460,1480,420000
10/22/21,SGER,1020,1050,1020,1025,3182200
10/22/21,SGER-W,945,945,945,945,0
10/22/21,SGRO,2440,2440,2300,2410,405900
10/22/21,SHID,1190,1425,1190,1340,183800
10/22/21,SHIP,1000,1000,950,955,356300
10/22/21,SIDO,840,860,825,830,25741900
10/22/21,SILO,8650,8725,8525,8650,110200
10/22/21,SIMA,50,50,50,50,0
10/22/21,SIMP,494,498,470,480,10495900
10/22/21,SINI,280,280,280,280,100
10/22/21,SINI-W,179,179,147,147,8800
10/22/21,SIPD,1825,1870,1805,1820,164000
10/22/21,SKBM,348,412,348,378,72100
10/22/21,SKLT,2260,2340,2260,2340,1000
10/22/21,SKRN,780,790,760,775,1607700
10/22/21,SKYB,51,51,51,51,0
10/22/21,SLIS,2260,2380,2200,2330,691700
10/22/21,SMAR,4400,4400,4330,4340,11400
10/22/21,SMBR,805,815,770,805,17526100
10/22/21,SMCB,1770,1780,1755,1755,2320600
10/22/21,SMDM,123,124,120,120,517200
10/22/21,SMDR,680,690,675,685,2950300
10/22/21,SMGR,8850,8925,8650,8850,11261600
10/22/21,SMKL,300,300,284,296,507700
10/22/21,SMKL-W,38,38,30,36,2378800
10/22/21,SMMA,11000,11000,11000,11000,200
10/22/21,SMMT,199,224,194,218,89521900
10/22/21,SMRA,930,960,910,940,53147000
10/22/21,SMRU,50,50,50,50,0
10/22/21,SMSM,1625,1625,1535,1550,718700
10/22/21,SNLK,1215,1245,1210,1245,1112300
10/22/21,SOCI,202,202,196,200,11921100
10/22/21,SOFA,62,67,58,58,112059100
10/22/21,SOHO,5100,5100,5075,5100,1800
10/22/21,SONA,5200,5200,5200,5200,100
10/22/21,SOSS,408,408,382,394,2300
10/22/21,SOSS-W,46,46,44,45,6100
10/22/21,SOTS,330,330,290,306,18500
10/22/21,SOTS-W,53,53,52,52,7100
10/22/21,SPMA,370,372,362,368,1856800
10/22/21,SPTO,640,640,625,635,2097200
10/22/21,SQMI,109,110,104,106,44201700
10/22/21,SRAJ,334,336,320,324,1390400
10/22/21,SRIL,146,146,146,146,0
10/22/21,SRSN,54,55,54,54,1441900
10/22/21,SRTG,2390,2460,2380,2410,15357800
10/22/21,SSIA,496,498,490,492,1776000
10/22/21,SSMS,1200,1210,1130,1170,10934900
10/22/21,SSTM,890,920,860,860,28100
10/22/21,STAR,156,156,144,149,216600
10/22/21,STTP,6800,6800,6750,6750,500
10/22/21,SUGI,50,50,50,50,0
10/22/21,SULI,50,50,50,50,503400
10/22/21,SUPR,14800,14800,14800,14800,6100
10/22/21,SURE,2000,2000,2000,2000,100
10/22/21,SWAT,189,194,176,177,100063200
10/22/21,TALF,318,320,306,318,8000
10/22/21,TAMA,56,57,55,56,2795200
10/22/21,TAMA-W,16,17,16,16,244900
10/22/21,TAMU,50,50,50,50,75400
10/22/21,TAPG,665,665,635,640,32402400
10/22/21,TARA,50,50,50,50,2700
10/22/21,TAXI,50,50,50,50,6300
10/22/21,TBIG,2860,2990,2860,2940,44637200
10/22/21,TBLA,880,885,870,880,1198900
10/22/21,TBMS,1640,1640,1600,1640,90500
10/22/21,TCID,6025,6025,6000,6000,400
10/22/21,TCPI,9075,9150,8800,8800,22849400
10/22/21,TDPM,119,119,119,119,0
10/22/21,TEBE,675,675,650,660,167400
10/22/21,TECH,7725,8475,7700,8150,1998900
10/22/21,TELE,121,121,121,121,0
10/22/21,TFAS,4880,5000,4880,4950,56800
10/22/21,TFCO,665,710,665,710,2900
10/22/21,TGKA,7225,7225,7225,7225,0
10/22/21,TGRA,87,87,85,85,5395900
10/22/21,TIFA,520,520,490,520,182900
10/22/21,TINS,1630,1645,1615,1630,53993500
10/22/21,TIRA,330,348,322,344,4100
10/22/21,TIRT,56,57,54,56,1657600
10/22/21,TKIM,8525,8700,8325,8625,5429400
10/22/21,TLKM,3860,3880,3820,3870,59640700
10/22/21,TMAS,316,336,312,312,25254600
10/22/21,TMPO,137,142,136,142,69200
10/22/21,TNCA,765,795,750,750,689600
10/22/21,TOBA,555,565,525,560,1381300
10/22/21,TOPS,50,50,50,50,253900
10/22/21,TOTL,326,330,322,328,2847100
10/22/21,TOTO,208,210,206,210,396600
10/22/21,TOWR,1195,1210,1180,1185,126305200
10/22/21,TOYS,182,187,171,172,16882100
10/22/21,TOYS-W,25,26,24,25,3347000
10/22/21,TPIA,7175,7575,7150,7525,9633000
10/22/21,TPMA,450,468,446,460,177500
10/22/21,TRAM,50,50,50,50,0
10/22/21,TRIL,50,50,50,50,0
10/22/21,TRIM,410,426,408,414,32547900
10/22/21,TRIN,246,250,240,248,5643800
10/22/21,TRIN-W,35,35,33,35,818200
10/22/21,TRIO,426,426,426,426,0
10/22/21,TRIS,136,138,130,138,229000
10/22/21,TRIS-W,6,6,6,6,0
10/22/21,TRJA,256,264,256,264,23426800
10/22/21,TRST,585,590,575,590,36600
10/22/21,TRUE,188,194,175,175,501157300
10/22/21,TRUE-W,22,23,21,21,10854900
10/22/21,TRUK,160,172,160,164,91361400
10/22/21,TRUS,358,398,336,370,14700
10/22/21,TSPC,1475,1520,1465,1490,912300
10/22/21,TUGU,1895,1920,1865,1900,326900
10/22/21,TURI,1315,1315,1315,1315,0
10/22/21,UANG,1190,1190,1115,1185,1900
10/22/21,UCID,1590,1595,1585,1590,56300
10/22/21,UFOE,720,730,690,695,408300
10/22/21,ULTJ,1610,1640,1600,1625,911400
10/22/21,UNIC,8900,8900,8775,8900,1100
10/22/21,UNIQ,93,94,92,93,2956900
10/22/21,UNIT,316,316,316,316,0
10/22/21,UNSP,118,122,118,120,39000
10/22/21,UNTR,23975,24600,23700,23700,7089800
10/22/21,UNVR,4950,4950,4810,4850,49601400
10/22/21,URBN,855,875,845,855,307300
10/22/21,URBN-W,61,65,58,62,1397500
10/22/21,UVCR,530,545,510,530,9008200
10/22/21,UVCR-W,200,204,185,200,505700
10/22/21,VICI,418,438,414,438,5205000
10/22/21,VICO,165,166,161,161,1203000
10/22/21,VINS,104,105,102,104,316200
10/22/21,VIVA,51,51,50,50,6420900
10/22/21,VOKS,187,187,185,186,3600
10/22/21,VRNA,147,198,146,198,19299600
10/22/21,WAPO,75,76,73,73,1634700
10/22/21,WEGE,197,204,192,202,28471700
10/22/21,WEHA,240,244,222,222,40590200
10/22/21,WICO,430,430,430,430,0
10/22/21,WIFI,670,675,650,650,25908100
10/22/21,WIFI-W,197,197,197,197,0
10/22/21,WIIM,525,530,510,525,4074200
10/22/21,WIKA,1320,1380,1260,1355,106942400
10/22/21,WINS,156,156,145,146,25537800
10/22/21,WMUU,182,182,176,178,21044500
10/22/21,WOMF,234,242,234,236,1037600
10/22/21,WOOD,725,770,715,765,70195900
10/22/21,WOWS,50,51,50,50,4973500
10/22/21,WSBP,163,166,158,163,73655700
10/22/21,WSKT,970,995,930,980,68751400
10/22/21,WTON,286,292,274,290,25399600
10/22/21,XAFA,1077,1077,1077,1077,1200
10/22/21,XAQA,968,968,968,968,600
10/22/21,XBES,983,983,983,983,100
10/22/21,XBID,540,540,540,540,0
10/22/21,XBIG,540,540,540,540,200
10/22/21,XBIN,497,497,497,497,0
10/22/21,XBLQ,496,496,496,496,0
10/22/21,XBNI,1071,1071,1070,1070,1300
10/22/21,XBSK,399,399,399,399,0
10/22/21,XCID,84,84,84,84,300
10/22/21,XCIS,105,105,105,105,0
10/22/21,XCLQ,101,101,100,101,4900
10/22/21,XDIF,473,473,473,473,0
10/22/21,XDSG,1010,1010,1010,1010,0
10/22/21,XIFE,107,108,107,107,3300
10/22/21,XIHD,505,505,504,504,1900
10/22/21,XIIC,1005,1005,1002,1002,900
10/22/21,XIID,535,535,535,535,0
10/22/21,XIIF,570,570,570,570,400
10/22/21,XIIT,550,550,545,549,20500
10/22/21,XIJI,610,610,595,605,26400
10/22/21,XILV,119,120,119,119,300
10/22/21,XIML,273,273,273,273,1200
10/22/21,XIPI,185,186,185,186,3600
10/22/21,XISB,398,398,398,398,0
10/22/21,XISC,746,750,740,750,33000
10/22/21,XISI,347,349,339,343,4800
10/22/21,XISR,399,401,392,393,1020700
10/22/21,XKIV,484,484,484,484,1000
10/22/21,XKMS,1104,1118,1104,1118,700
10/22/21,XMIG,185,185,185,185,100
10/22/21,XMJM,1001,1001,1001,1001,0
10/22/21,XMTS,471,471,471,471,0
10/22/21,XNVE,153,153,152,152,45500
10/22/21,XPCR,925,925,925,925,100
10/22/21,XPDV,490,490,482,485,2200
10/22/21,XPES,391,391,391,391,0
10/22/21,XPFT,548,548,548,548,0
10/22/21,XPID,535,536,534,536,800
10/22/21,XPLC,444,444,444,444,0
10/22/21,XPLQ,490,490,490,490,0
10/22/21,XPMI,965,965,965,965,0
10/22/21,XPSG,395,395,395,395,0
10/22/21,XPTD,515,515,515,515,0
10/22/21,XSBC,109,109,109,109,1000
10/22/21,XSMU,143,143,143,143,100
10/22/21,XSPI,750,750,750,750,0
10/22/21,XSRI,169,169,169,169,0
10/22/21,XSSI,81,81,80,80,8300
10/22/21,XSSK,672,672,672,672,0
10/22/21,YELO,414,420,390,394,16984800
10/22/21,YELO-W,36,36,12,20,68562300
10/22/21,YPAS,530,660,496,660,293300
10/22/21,YULE,850,1000,845,860,33300
10/22/21,ZBRA,815,820,795,805,11487700
10/22/21,ZINC,124,125,122,123,459786100
10/22/21,ZONE,406,408,406,408,222100
10/22/21,ZYRX,600,620,585,610,21419200
10/22/21,ZYRX-W,104,108,103,105,897300
