<date>,<ticker>,<open>,<high>,<low>,<close>,<volume>
9/20/2021,IHSG,6132.034,6133.171,6053.932,6076.315,199497501
9/20/2021,AALI,8500,8500,8325,8325,475400
9/20/2021,ABBA,580,585,565,565,7464700
9/20/2021,ABDA,6950,6950,6950,6950,0
9/20/2021,ABMM,1480,1505,1380,1380,228200
9/20/2021,ACES,1350,1355,1310,1310,11236300
9/20/2021,ACST,250,250,242,244,8573200
9/20/2021,ADES,2940,2940,2810,2850,137100
9/20/2021,ADHI,880,900,855,860,36535800
9/20/2021,ADMF,7675,7700,7625,7650,41200
9/20/2021,ADMG,216,218,212,214,4361700
9/20/2021,ADRO,1330,1345,1315,1320,50111200
9/20/2021,AGAR,370,370,356,368,2800
9/20/2021,AGII,1300,1315,1285,1295,2942000
9/20/2021,AGRO,2390,2390,2270,2300,48065300
9/20/2021,AGRS,254,258,250,250,8980000
9/20/2021,AHAP,65,67,63,63,7032100
9/20/2021,AIMS,344,344,332,332,38900
9/20/2021,AISA,206,210,206,208,6765100
9/20/2021,AKKU,50,50,50,50,3200
9/20/2021,AKPI,590,600,590,600,11000
9/20/2021,AKRA,3900,3900,3830,3860,1917600
9/20/2021,AKSI,430,430,410,426,3700
9/20/2021,ALDO,720,750,715,735,9311900
9/20/2021,ALKA,238,244,226,242,51800
9/20/2021,ALMI,230,250,230,238,16300
9/20/2021,ALTO,324,324,302,322,10700
9/20/2021,AMAG,326,328,304,312,176000
9/20/2021,AMAN,448,450,448,448,2686000
9/20/2021,AMAR,298,300,294,296,1731900
9/20/2021,AMFG,3850,3850,3850,3850,6000
9/20/2021,AMIN,193,193,186,193,20500
9/20/2021,AMOR,4010,4010,3910,4000,4954300
9/20/2021,AMRT,1410,1420,1355,1370,10782300
9/20/2021,ANDI,50,50,50,50,67300
9/20/2021,ANJT,685,685,680,685,26400
9/20/2021,ANTM,2380,2390,2330,2350,82487500
9/20/2021,APEX,545,545,525,540,26900
9/20/2021,APIC,855,860,835,850,9304000
9/20/2021,APII,185,185,180,183,1023200
9/20/2021,APLI,208,208,202,202,19100
9/20/2021,APLN,132,132,128,129,18031800
9/20/2021,ARCI,570,570,550,550,15539000
9/20/2021,ARGO,1810,1810,1800,1800,1200
9/20/2021,ARII,286,286,276,286,45600
9/20/2021,ARKA,71,81,70,75,100309200
9/20/2021,ARMY,50,50,50,50,0
9/20/2021,ARNA,735,745,725,735,1165900
9/20/2021,ARTA,1525,1560,1450,1495,618200
9/20/2021,ARTI,50,50,50,50,2700
9/20/2021,ARTO,15750,16600,15750,16175,29115500
9/20/2021,ASBI,274,276,270,276,17000
9/20/2021,ASDM,895,900,890,890,15600
9/20/2021,ASGR,750,750,735,745,407900
9/20/2021,ASII,5425,5425,5225,5300,46896100
9/20/2021,ASJT,162,165,157,160,6067500
9/20/2021,ASMI,398,398,398,398,271800
9/20/2021,ASPI,55,57,53,55,15669800
9/20/2021,ASPI-W,19,21,18,19,12620800
9/20/2021,ASRI,176,177,164,165,90668200
9/20/2021,ASRM,1640,1640,1640,1640,900
9/20/2021,ASSA,3200,3490,3190,3410,32338700
9/20/2021,ATAP,102,103,101,101,94400
9/20/2021,ATIC,720,720,700,705,262200
9/20/2021,AUTO,1015,1020,1005,1005,2755400
9/20/2021,AYLS,161,210,159,210,668070100
9/20/2021,BABP,328,328,320,322,95637100
9/20/2021,BABP-W3,224,224,220,220,400
9/20/2021,BABP-W4,282,282,272,272,9800
9/20/2021,BACA,444,444,424,430,35273400
9/20/2021,BACA-W2,342,342,310,310,1200
9/20/2021,BAJA,372,376,362,368,1370300
9/20/2021,BALI,730,730,715,715,542100
9/20/2021,BANK,3220,3230,3120,3120,11471000
9/20/2021,BANK-W,2910,3060,2850,2970,700
9/20/2021,BAPA,65,78,59,65,294018200
9/20/2021,BAPI,50,50,50,50,13700
9/20/2021,BAPI-W,7,7,5,6,35577800
9/20/2021,BATA,700,700,700,700,5100
9/20/2021,BAYU,960,995,955,995,6000
9/20/2021,BBCA,32850,32950,32550,32925,14631500
9/20/2021,BBHI,3610,3670,3510,3550,4801000
9/20/2021,BBKP,458,486,440,468,723539300
9/20/2021,BBLD,404,404,404,404,300
9/20/2021,BBMD,1895,1950,1895,1900,34700
9/20/2021,BBNI,5250,5275,5125,5150,22098400
9/20/2021,BBRI,3590,3590,3510,3590,357971300
9/20/2021,BBRM,50,50,50,50,16400
9/20/2021,BBSI,6100,6500,6100,6375,66900
9/20/2021,BBSS,50,64,50,58,254716800
9/20/2021,BBTN,1390,1395,1355,1355,18302100
9/20/2021,BBYB,1575,1580,1490,1520,115970900
9/20/2021,BCAP,114,116,113,113,22123900
9/20/2021,BCIC,238,238,222,222,9185700
9/20/2021,BCIP,67,68,63,66,10179500
9/20/2021,BDMN,2660,2660,2540,2570,5073800
9/20/2021,BEBS,1325,1400,1300,1340,30845500
9/20/2021,BEEF,81,83,80,81,4811800
9/20/2021,BEKS,101,103,100,101,60277300
9/20/2021,BELL,146,159,138,138,1570000
9/20/2021,BESS,790,800,750,800,360600
9/20/2021,BESS-W,640,640,580,580,1600
9/20/2021,BEST,124,125,121,123,20091900
9/20/2021,BFIN,1120,1120,1030,1030,59607300
9/20/2021,BGTG,246,254,240,242,92406900
9/20/2021,BHAT,785,785,770,780,1356200
9/20/2021,BHIT,99,99,92,92,155099700
9/20/2021,BIKA,270,270,252,254,281700
9/20/2021,BIMA,133,135,130,130,6786100
9/20/2021,BINA,4500,4540,4100,4110,2090100
9/20/2021,BIPI,50,50,50,50,815600
9/20/2021,BIPI-W,11,11,9,11,15525900
9/20/2021,BIPP,56,56,53,54,6384800
9/20/2021,BIRD,1220,1260,1180,1200,2924900
9/20/2021,BISI,975,1025,975,1020,701100
9/20/2021,BJBR,1350,1360,1315,1340,4820100
9/20/2021,BJTM,710,715,705,710,5059100
9/20/2021,BKDP,52,52,50,50,4989900
9/20/2021,BKSL,69,69,64,64,216808400
9/20/2021,BKSW,220,222,214,214,11010000
9/20/2021,BLTA,50,50,50,50,137100
9/20/2021,BLTZ,3370,3600,3190,3200,3300
9/20/2021,BLUE,760,765,740,745,147200
9/20/2021,BMAS,1290,1310,1240,1270,21700
9/20/2021,BMHS,1090,1100,1060,1075,44616600
9/20/2021,BMRI,6025,6075,5925,6025,28784600
9/20/2021,BMSR,189,194,187,193,1591500
9/20/2021,BMTR,270,272,264,266,35305200
9/20/2021,BNBA,1430,1435,1360,1360,5055800
9/20/2021,BNBR,50,50,50,50,44300
9/20/2021,BNGA,990,990,960,965,8269100
9/20/2021,BNII,340,340,334,336,1341100
9/20/2021,BNLI,1805,1820,1760,1760,592600
9/20/2021,BOGA,1340,1355,1330,1350,133582700
9/20/2021,BOLA,750,865,735,740,38742300
9/20/2021,BOLT,665,695,655,690,3900
9/20/2021,BOSS,85,86,82,84,22577700
9/20/2021,BPFI,1050,1050,1050,1050,500
9/20/2021,BPII,4610,4750,4610,4750,300
9/20/2021,BPTR,212,226,208,218,3177300
9/20/2021,BRAM,5750,5750,5750,5750,100
9/20/2021,BRIS,2140,2150,2070,2080,24607200
9/20/2021,BRMS,93,95,92,93,342522900
9/20/2021,BRMS-W,24,24,22,23,112861800
9/20/2021,BRNA,1400,1450,1215,1230,7600
9/20/2021,BRPT,1025,1025,985,990,36025200
9/20/2021,BSDE,975,975,950,955,30291700
9/20/2021,BSIM,1010,1035,1005,1015,483900
9/20/2021,BSSR,2400,2470,2370,2430,492200
9/20/2021,BSWD,1750,1750,1750,1750,0
9/20/2021,BTEK,50,50,50,50,3200
9/20/2021,BTEL,50,50,50,50,0
9/20/2021,BTON,520,520,484,490,169300
9/20/2021,BTPN,2760,2790,2740,2740,38500
9/20/2021,BTPS,3350,3410,3350,3410,8945200
9/20/2021,BUDI,183,183,178,183,8087600
9/20/2021,BUKA,860,865,840,845,69241000
9/20/2021,BUKK,1030,1030,1000,1010,33000
9/20/2021,BULL,282,286,278,278,176061500
9/20/2021,BULL-W2,62,67,61,63,210500
9/20/2021,BUMI,53,55,53,53,62149500
9/20/2021,BUVA,60,60,60,60,0
9/20/2021,BVIC,162,162,158,159,5925200
9/20/2021,BWPT,73,73,69,71,27460200
9/20/2021,BYAN,15125,15125,14850,15100,22200
9/20/2021,CAKK,84,93,83,91,81895000
9/20/2021,CAMP,324,324,318,320,2369600
9/20/2021,CANI,123,166,120,143,15743000
9/20/2021,CARE,452,454,438,442,352983400
9/20/2021,CARS,50,50,50,50,37000
9/20/2021,CASA,398,398,398,398,0
9/20/2021,CASH,154,167,152,167,63959200
9/20/2021,CASS,350,350,340,342,378200
9/20/2021,CBMF,87,114,85,114,266502200
9/20/2021,CCSI,560,575,535,550,1298400
9/20/2021,CEKA,1790,1790,1775,1775,75200
9/20/2021,CENT,332,342,322,322,73178500
9/20/2021,CFIN,264,276,264,268,3568200
9/20/2021,CINT,187,187,185,185,41500
9/20/2021,CITA,2980,2980,2980,2980,0
9/20/2021,CITY,142,160,142,151,886800
9/20/2021,CITY-W,75,84,57,68,3130300
9/20/2021,CLAY,840,840,840,840,10000
9/20/2021,CLEO,452,456,450,452,4477800
9/20/2021,CLPI,1060,1065,1035,1045,48100
9/20/2021,CMNP,1475,1500,1450,1470,21100
9/20/2021,CMNP-W,500,510,438,456,189300
9/20/2021,CMNT,875,895,870,890,41008800
9/20/2021,CMPP,184,184,184,184,0
9/20/2021,CNKO,50,50,50,50,3400
9/20/2021,CNTB,250,250,250,250,0
9/20/2021,CNTX,184,189,178,178,7600
9/20/2021,COCO,318,332,312,322,17928500
9/20/2021,COCO-W,376,376,376,376,0
9/20/2021,COWL,50,50,50,50,0
9/20/2021,CPIN,6750,6750,6350,6375,5461300
9/20/2021,CPRI,50,50,50,50,0
9/20/2021,CPRI-W,12,12,12,12,0
9/20/2021,CPRO,50,50,50,50,0
9/20/2021,CSAP,555,555,550,550,15800
9/20/2021,CSIS,81,85,79,80,9554700
9/20/2021,CSMI,3240,3270,3020,3270,700
9/20/2021,CSRA,316,316,306,312,291500
9/20/2021,CTBN,3410,3600,3110,3390,7200
9/20/2021,CTRA,905,925,895,900,22887600
9/20/2021,CTTH,51,51,50,50,3492900
9/20/2021,DADA,51,52,50,51,82172000
9/20/2021,DADA-W,16,18,16,16,81947200
9/20/2021,DART,216,216,216,216,0
9/20/2021,DAYA,254,270,246,258,2096100
9/20/2021,DCII,48900,49800,45500,45525,28200
9/20/2021,DEAL,51,51,50,50,1106700
9/20/2021,DEAL-W,38,38,25,26,5292700
9/20/2021,DEFI,1415,1415,1415,1415,0
9/20/2021,DEWA,50,50,50,50,38000
9/20/2021,DFAM,364,372,360,366,449900
9/20/2021,DGIK,79,80,76,77,27228900
9/20/2021,DGNS,845,895,840,865,17538700
9/20/2021,DIGI,530,540,520,520,15556100
9/20/2021,DILD,169,169,167,168,7376900
9/20/2021,DIVA,2140,2210,2110,2200,1080600
9/20/2021,DKFT,134,135,131,132,4787100
9/20/2021,DLTA,3720,3730,3690,3690,279700
9/20/2021,DMAS,193,194,191,191,20848800
9/20/2021,DMMX,3160,3160,3050,3070,9308400
9/20/2021,DMND,800,800,795,795,8400
9/20/2021,DNAR,328,332,320,320,6725700
9/20/2021,DNET,3190,3190,3170,3190,13900
9/20/2021,DOID,300,304,292,294,28675700
9/20/2021,DPNS,360,370,350,350,74000
9/20/2021,DPUM,50,50,50,50,0
9/20/2021,DSFI,90,97,90,92,27600400
9/20/2021,DSNG,505,510,490,492,24103600
9/20/2021,DSSA,17500,17500,17500,17500,0
9/20/2021,DUCK,176,176,176,176,0
9/20/2021,DUTI,3290,3290,3290,3290,0
9/20/2021,DVLA,2510,2510,2480,2480,1500
9/20/2021,DWGL,199,204,199,200,9100
9/20/2021,DWGL-W,40,40,38,40,14300
9/20/2021,DYAN,85,92,85,91,95084900
9/20/2021,EAST,63,65,62,64,2369200
9/20/2021,EAST-W,11,12,10,11,6161700
9/20/2021,ECII,985,985,985,985,0
9/20/2021,EDGE,27050,27075,26400,27050,8900
9/20/2021,EKAD,1395,1415,1390,1400,315000
9/20/2021,ELSA,286,286,276,276,48277000
9/20/2021,ELTY,50,50,50,50,0
9/20/2021,EMDE,185,185,185,185,1000
9/20/2021,EMTK,1930,1990,1930,1950,14008300
9/20/2021,ENRG,123,124,117,118,430125300
9/20/2021,ENVY,50,50,50,50,0
9/20/2021,ENZO,50,50,50,50,2536800
9/20/2021,ENZO-W,17,17,16,17,3124300
9/20/2021,EPAC,56,61,55,55,32116000
9/20/2021,EPMT,2280,2280,2260,2260,70200
9/20/2021,ERAA,595,630,580,600,430963800
9/20/2021,ERTX,182,186,182,182,60500
9/20/2021,ESIP,73,76,73,75,6324400
9/20/2021,ESIP-W,16,16,14,14,3404600
9/20/2021,ESSA,314,314,306,308,36851500
9/20/2021,ESTA,115,115,108,113,352100
9/20/2021,ESTI,154,164,141,145,36588100
9/20/2021,ETWA,62,62,62,62,0
9/20/2021,EXCL,3000,3000,2880,2980,11036600
9/20/2021,FAPA,2910,2930,2900,2910,131000
9/20/2021,FAST,975,975,975,975,11400
9/20/2021,FASW,7600,7600,7600,7600,0
9/20/2021,FILM,362,368,356,356,11846400
9/20/2021,FIMP,50,50,48,48,929600
9/20/2021,FIMP-W,19,19,18,19,62300
9/20/2021,FIRE,498,510,494,496,1425200
9/20/2021,FISH,8900,8900,8400,8400,2000
9/20/2021,FITT,149,159,149,150,18472400
9/20/2021,FITT-W,52,61,52,57,32880700
9/20/2021,FLMC,378,378,370,372,2568500
9/20/2021,FMII,424,426,402,408,28700
9/20/2021,FOOD,95,105,94,98,32020800
9/20/2021,FORU,146,171,145,146,3303000
9/20/2021,FORZ,50,50,50,50,0
9/20/2021,FPNI,252,280,252,280,21512500
9/20/2021,FREN,128,130,121,121,1390329100
9/20/2021,FREN-W,52,54,50,50,2986200
9/20/2021,FREN-W2,58,58,53,54,630180800
9/20/2021,FUJI,468,468,418,418,1829200
9/20/2021,GAMA,50,50,50,50,50200
9/20/2021,GDST,99,100,98,99,2276500
9/20/2021,GDYR,1445,1445,1440,1440,106000
9/20/2021,GEMA,362,362,362,362,0
9/20/2021,GEMS,3510,3570,3500,3560,8500
9/20/2021,GGRM,31850,31900,31475,31900,349200
9/20/2021,GGRP,456,460,440,440,95700
9/20/2021,GHON,2240,2240,2240,2240,900
9/20/2021,GIAA,222,222,222,222,0
9/20/2021,GJTL,720,735,720,720,4344400
9/20/2021,GLOB,170,172,163,169,75900
9/20/2021,GLVA,282,282,278,280,115900
9/20/2021,GMFI,95,97,94,97,2790800
9/20/2021,GMTD,16725,16725,16725,16725,0
9/20/2021,GOLD,438,438,416,438,29200
9/20/2021,GOLL,50,50,50,50,0
9/20/2021,GOOD,372,372,366,370,6285600
9/20/2021,GPRA,69,70,67,68,6391300
9/20/2021,GPSO,184,186,173,173,14736900
9/20/2021,GPSO-W,78,81,72,74,1622900
9/20/2021,GSMF,218,218,204,214,150700
9/20/2021,GTBO,75,75,75,75,0
9/20/2021,GTSI,75,80,71,77,297817400
9/20/2021,GWSA,135,135,126,134,612700
9/20/2021,GZCO,50,50,50,50,400
9/20/2021,HADE,50,50,50,50,28700
9/20/2021,HAIS,272,274,262,266,12646000
9/20/2021,HDFA,188,199,188,199,14400
9/20/2021,HDIT,370,380,368,374,6259700
9/20/2021,HDTX,120,120,120,120,0
9/20/2021,HEAL,1205,1210,1165,1180,11700500
9/20/2021,HELI,330,330,320,330,36900
9/20/2021,HERO,1760,1810,1760,1795,2500
9/20/2021,HEXA,4750,5325,4750,5075,4707200
9/20/2021,HITS,392,392,390,390,400
9/20/2021,HKMU,69,70,66,67,43975200
9/20/2021,HMSP,970,970,950,955,29488500
9/20/2021,HOKI,192,193,191,192,18036300
9/20/2021,HOME,50,50,50,50,0
9/20/2021,HOMI,1900,1915,1870,1910,31100
9/20/2021,HOPE,134,135,130,131,11660600
9/20/2021,HOPE-W,23,23,21,21,4265800
9/20/2021,HOTL,50,50,50,50,34400
9/20/2021,HRME,57,58,56,57,2105800
9/20/2021,HRTA,220,222,218,218,7197700
9/20/2021,HRUM,5400,5450,5250,5300,965600
9/20/2021,IATA,50,50,50,50,1500
9/20/2021,IBFN,62,64,60,61,529200
9/20/2021,IBFN-W,18,19,16,16,1693400
9/20/2021,IBST,5900,5900,5700,5700,400
9/20/2021,ICBP,8250,8250,8075,8125,4134700
9/20/2021,ICON,111,112,107,108,7237600
9/20/2021,IDEA,141,141,129,141,19343500
9/20/2021,IDPR,224,228,220,224,6164900
9/20/2021,IFII,161,164,156,159,405300
9/20/2021,IFSH,1640,1645,1530,1640,20100
9/20/2021,IGAR,422,432,422,422,91600
9/20/2021,IIKP,50,50,50,50,0
9/20/2021,IKAI,50,50,50,50,4800
9/20/2021,IKAN,107,111,107,108,21566800
9/20/2021,IKBI,240,240,240,240,5300
9/20/2021,IMAS,1010,1020,970,975,5072400
9/20/2021,IMJS,560,565,535,535,27304600
9/20/2021,IMPC,2040,2040,2010,2020,1484600
9/20/2021,INAF,2280,2290,2250,2290,482500
9/20/2021,INAI,298,300,296,296,337200
9/20/2021,INCF,254,280,238,264,2486300
9/20/2021,INCI,640,645,620,625,40700
9/20/2021,INCO,4850,4900,4760,4810,8721900
9/20/2021,INDF,6200,6225,6125,6150,3568800
9/20/2021,INDO,195,224,195,214,7809400
9/20/2021,INDO-W,80,92,78,88,762100
9/20/2021,INDR,4020,4020,3970,3970,67000
9/20/2021,INDS,1895,1900,1895,1900,700
9/20/2021,INDX,117,120,114,116,4694300
9/20/2021,INDY,1375,1375,1330,1335,8892700
9/20/2021,INKP,7225,7225,7000,7025,8599000
9/20/2021,INOV,206,218,197,210,3553600
9/20/2021,INPC,158,161,154,157,11571800
9/20/2021,INPC-W,60,62,59,60,1411500
9/20/2021,INPP,700,700,700,700,0
9/20/2021,INPS,1750,1755,1725,1725,4200
9/20/2021,INRU,710,710,665,665,700
9/20/2021,INTA,88,88,82,85,44200
9/20/2021,INTD,164,164,160,163,41300
9/20/2021,INTP,10400,10450,10200,10300,886400
9/20/2021,IPAC,276,276,276,276,61200
9/20/2021,IPCC,585,585,565,570,3355000
9/20/2021,IPCM,402,406,394,398,7059400
9/20/2021,IPOL,170,181,168,170,27471800
9/20/2021,IPTV,258,258,244,252,35765600
9/20/2021,IRRA,1785,1785,1720,1720,2736300
9/20/2021,ISAT,6900,7050,6775,6800,6565800
9/20/2021,ISSP,296,296,286,290,8899600
9/20/2021,ITIC,328,334,320,326,6857100
9/20/2021,ITMA,530,540,530,535,23200
9/20/2021,ITMA-W,67,67,62,63,4000
9/20/2021,ITMG,18000,18000,17525,17650,1657600
9/20/2021,JAST,189,196,189,191,40750600
9/20/2021,JAWA,137,138,134,134,3963300
9/20/2021,JAYA,121,121,118,119,3250900
9/20/2021,JECC,6850,6850,6850,6850,0
9/20/2021,JGLE,50,50,50,50,13900
9/20/2021,JIHD,418,418,418,418,5200
9/20/2021,JKON,167,168,160,163,258000
9/20/2021,JKSW,60,60,60,60,0
9/20/2021,JMAS,175,176,167,171,455300
9/20/2021,JPFA,1925,1925,1850,1870,24252400
9/20/2021,JRPT,476,478,460,462,6371300
9/20/2021,JSKY,126,128,126,126,7197800
9/20/2021,JSMR,3920,3930,3800,3800,5313300
9/20/2021,JSPT,770,770,770,770,1300
9/20/2021,JTPE,1085,1085,1085,1085,126400
9/20/2021,KAEF,2350,2410,2300,2400,2336500
9/20/2021,KARW,95,101,94,96,5854500
9/20/2021,KAYU,61,62,60,62,9581800
9/20/2021,KBAG,55,58,54,55,615617200
9/20/2021,KBAG-W,14,15,12,14,226043500
9/20/2021,KBLI,310,310,298,304,2864200
9/20/2021,KBLM,204,204,200,200,43700
9/20/2021,KBLV,790,790,785,785,6600
9/20/2021,KBRI,50,50,50,50,0
9/20/2021,KDSI,890,890,870,885,4200
9/20/2021,KEEN,432,440,428,430,716600
9/20/2021,KEJU,1240,1240,1225,1225,70500
9/20/2021,KIAS,50,67,50,60,591665900
9/20/2021,KICI,250,252,246,250,1020700
9/20/2021,KIJA,163,165,160,161,10336100
9/20/2021,KINO,2150,2160,2100,2140,381700
9/20/2021,KIOS,1130,1145,1055,1065,20626100
9/20/2021,KJEN,432,432,428,428,8100
9/20/2021,KKGI,266,288,262,264,136100
9/20/2021,KLBF,1450,1460,1425,1430,9378600
9/20/2021,KMDS,460,460,444,460,2400
9/20/2021,KMTR,376,378,374,378,44200
9/20/2021,KOBX,181,181,178,178,963300
9/20/2021,KOIN,159,159,156,159,28300
9/20/2021,KONI,830,945,830,925,1400
9/20/2021,KOPI,525,540,520,540,3300
9/20/2021,KOTA,210,244,210,210,544617200
9/20/2021,KOTA-W,108,116,108,108,101000
9/20/2021,KPAL,50,50,50,50,0
9/20/2021,KPAS,62,62,62,62,0
9/20/2021,KPAS-W,13,13,13,13,0
9/20/2021,KPIG,111,111,108,108,59334400
9/20/2021,KRAH,436,436,436,436,0
9/20/2021,KRAS,510,515,492,494,32906500
9/20/2021,KREN,161,165,153,160,110931600
9/20/2021,LABA,290,292,268,286,25156400
9/20/2021,LABA-W,27,28,25,27,18963300
9/20/2021,LAND,125,128,123,123,6989700
9/20/2021,LAPD,50,50,50,50,0
9/20/2021,LCGP,114,114,114,114,0
9/20/2021,LCKM,320,320,300,320,6700
9/20/2021,LEAD,50,50,50,50,5300
9/20/2021,LFLO,81,83,80,82,95700
9/20/2021,LFLO-W,12,12,11,12,5608000
9/20/2021,LIFE,6900,6900,6900,6900,0
9/20/2021,LINK,4280,4300,4240,4290,1495400
9/20/2021,LION,352,352,352,352,65400
9/20/2021,LMAS,111,112,104,105,51404800
9/20/2021,LMPI,198,202,187,197,1015600
9/20/2021,LMSH,685,700,650,665,23300
9/20/2021,LPCK,945,945,910,910,2262200
9/20/2021,LPGI,3980,3980,3800,3970,1200
9/20/2021,LPIN,382,390,380,384,256800
9/20/2021,LPKR,159,161,151,151,121629700
9/20/2021,LPLI,268,268,260,266,970900
9/20/2021,LPPF,2990,3010,2840,2840,6652500
9/20/2021,LPPS,113,113,112,112,2136600
9/20/2021,LRNA,181,181,175,180,4000
9/20/2021,LSIP,1100,1100,1055,1055,7643700
9/20/2021,LTLS,595,595,580,595,176600
9/20/2021,LUCK,258,258,248,254,6474800
9/20/2021,LUCY,53,58,52,58,32033200
9/20/2021,LUCY-W,17,17,15,16,19970100
9/20/2021,MABA,50,50,50,50,0
9/20/2021,MAGP,50,50,50,50,1100
9/20/2021,MAIN,815,825,790,790,9166200
9/20/2021,MAMI,50,50,50,50,0
9/20/2021,MAMI-W,6,6,6,6,0
9/20/2021,MAMIP,600,600,600,600,0
9/20/2021,MAPA,2570,2570,2400,2460,858100
9/20/2021,MAPB,1565,1565,1550,1555,49600
9/20/2021,MAPI,755,760,725,740,10871200
9/20/2021,MARI,530,545,515,530,77036900
9/20/2021,MARK,1000,1020,985,995,3845500
9/20/2021,MASA,3080,3080,2900,3030,18500
9/20/2021,MASB,3430,3440,3430,3430,96100
9/20/2021,MASB-W,318,318,294,314,26800
9/20/2021,MAYA,800,850,790,815,4164700
9/20/2021,MBAP,3270,3280,3260,3270,59700
9/20/2021,MBSS,645,650,640,640,812200
9/20/2021,MBTO,125,127,124,124,43100
9/20/2021,MCAS,12000,12000,11425,11575,405500
9/20/2021,MCOL,1565,1585,1545,1585,753100
9/20/2021,MCOR,133,134,131,132,14161400
9/20/2021,MDIA,55,55,52,52,6113300
9/20/2021,MDKA,2720,2730,2670,2710,44667300
9/20/2021,MDKI,200,202,199,200,1251800
9/20/2021,MDLN,51,51,51,51,0
9/20/2021,MDRN,50,50,50,50,1700
9/20/2021,MEDC,490,490,476,478,47727200
9/20/2021,MEGA,7850,7900,7775,7900,13600
9/20/2021,MERK,3370,3370,3350,3360,18000
9/20/2021,META,128,129,126,127,1930500
9/20/2021,MFIN,1070,1070,1070,1070,200
9/20/2021,MFMI,750,870,725,810,211400
9/20/2021,MGLV,218,218,199,218,1017400
9/20/2021,MGLV-W,20,20,17,19,55714200
9/20/2021,MGNA,50,50,50,50,0
9/20/2021,MGRO,745,745,735,735,2541100
9/20/2021,MICE,374,374,358,370,101400
9/20/2021,MIDI,2000,2490,2000,2490,34000
9/20/2021,MIKA,2390,2410,2360,2370,18541400
9/20/2021,MINA,56,61,54,55,61244300
9/20/2021,MIRA,50,50,50,50,8500
9/20/2021,MITI,93,95,91,93,1800500
9/20/2021,MKNT,50,50,50,50,157200
9/20/2021,MKPI,25000,25000,25000,25000,0
9/20/2021,MLBI,7850,8000,7675,8000,91800
9/20/2021,MLIA,1335,1400,1290,1395,9419800
9/20/2021,MLPL,560,565,530,530,98812700
9/20/2021,MLPT,3520,3550,3350,3420,3128800
9/20/2021,MMLP,650,660,625,625,11909600
9/20/2021,MNCN,835,835,815,825,29798500
9/20/2021,MOLI,940,980,940,980,16100
9/20/2021,MPMX,705,710,700,705,4689000
9/20/2021,MPOW,139,145,137,139,29040000
9/20/2021,MPPA,1020,1050,965,965,90066300
9/20/2021,MPRO,800,800,745,745,18900
9/20/2021,MRAT,306,320,304,304,234200
9/20/2021,MREI,4110,4210,4110,4210,300
9/20/2021,MSIN,510,520,505,520,18148800
9/20/2021,MSKY,368,368,362,368,50500
9/20/2021,MTDL,2910,2940,2810,2850,5655700
9/20/2021,MTFN,50,50,50,50,100
9/20/2021,MTLA,350,360,338,344,39600
9/20/2021,MTPS,144,144,140,140,3820400
9/20/2021,MTRA,244,244,244,244,0
9/20/2021,MTSM,161,161,153,155,15100
9/20/2021,MTWI,121,124,120,122,1290500
9/20/2021,MYOH,1545,1555,1525,1540,37000
9/20/2021,MYOR,2400,2410,2370,2390,1712400
9/20/2021,MYRX,50,50,50,50,0
9/20/2021,MYRXP,50,50,50,50,0
9/20/2021,MYTX,82,86,81,82,2478700
9/20/2021,NASA,82,84,75,77,21684800
9/20/2021,NATO,595,630,580,590,342300700
9/20/2021,NATO-W,350,350,350,350,0
9/20/2021,NELY,193,196,193,194,1058500
9/20/2021,NFCX,10325,10400,9900,10175,259400
9/20/2021,NICK,560,560,510,520,18100
9/20/2021,NICL,89,92,87,89,42336700
9/20/2021,NICL-W,12,12,11,12,33423900
9/20/2021,NIKL,1110,1115,1060,1090,377800
9/20/2021,NIPS,282,282,282,282,0
9/20/2021,NIRO,128,128,120,126,421000
9/20/2021,NISP,700,700,695,700,757700
9/20/2021,NOBU,1110,1125,1055,1090,1829400
9/20/2021,NPGF,125,131,123,124,27368300
9/20/2021,NRCA,300,302,294,298,170200
9/20/2021,NUSA,50,50,50,50,0
9/20/2021,NZIA,164,170,159,166,61000
9/20/2021,OASA,226,226,208,208,2306900
9/20/2021,OCAP,159,159,159,159,0
9/20/2021,OILS,430,454,402,402,34926500
9/20/2021,OILS-W,183,192,171,172,1827400
9/20/2021,OKAS,79,82,78,80,20369000
9/20/2021,OMRE,830,830,830,830,700
9/20/2021,OPMS,210,230,196,196,148571700
9/20/2021,PADI,50,50,50,50,55400
9/20/2021,PALM,464,464,454,458,485200
9/20/2021,PAMG,88,95,85,86,12908300
9/20/2021,PANI,300,300,300,300,3300
9/20/2021,PANR,149,165,149,159,23506100
9/20/2021,PANS,1300,1300,1270,1285,152300
9/20/2021,PBID,1710,1710,1675,1685,1311600
9/20/2021,PBRX,135,136,131,133,2817600
9/20/2021,PBSA,505,620,505,550,64900
9/20/2021,PCAR,306,306,294,294,235600
9/20/2021,PDES,286,296,286,294,5700
9/20/2021,PEGE,1635,1690,1595,1620,564700
9/20/2021,PEHA,1165,1170,1160,1170,85300
9/20/2021,PGAS,1085,1095,1065,1070,63310800
9/20/2021,PGJO,75,77,75,76,271700
9/20/2021,PGLI,206,210,206,208,2500
9/20/2021,PGUN,244,262,244,244,61100
9/20/2021,PICO,109,111,105,105,113900
9/20/2021,PJAA,550,560,535,540,323200
9/20/2021,PKPK,82,97,79,84,311527100
9/20/2021,PLAN,30,31,29,30,3254500
9/20/2021,PLAN-W,10,10,9,10,2062200
9/20/2021,PLAS,50,50,50,50,0
9/20/2021,PLIN,2450,2450,2450,2450,0
9/20/2021,PMJS,126,131,125,130,72300
9/20/2021,PMMP,515,520,498,500,20357100
9/20/2021,PNBN,770,770,740,750,14250800
9/20/2021,PNBS,104,104,101,101,44183100
9/20/2021,PNGO,1450,1500,1450,1450,6700
9/20/2021,PNIN,730,740,730,735,65600
9/20/2021,PNLF,188,188,185,185,16360400
9/20/2021,PNSE,384,414,384,406,4500
9/20/2021,POLA,158,174,154,155,786000
9/20/2021,POLA-W,70,73,66,70,94200
9/20/2021,POLI,1290,1290,1290,1290,9600
9/20/2021,POLL,2500,2620,2370,2530,1681800
9/20/2021,POLU,296,300,276,300,24400
9/20/2021,POLY,53,57,52,54,12761900
9/20/2021,POOL,50,50,50,50,0
9/20/2021,PORT,625,625,585,610,17500
9/20/2021,POSA,50,50,50,50,0
9/20/2021,POWR,630,630,620,625,1650700
9/20/2021,PPGL,100,105,98,105,4064400
9/20/2021,PPGL-W,14,16,13,15,33157500
9/20/2021,PPRE,232,232,214,214,25635600
9/20/2021,PPRO,75,76,72,72,66877500
9/20/2021,PRAS,238,240,236,238,331200
9/20/2021,PRDA,7300,7350,7025,7150,671000
9/20/2021,PRIM,324,332,316,318,3952200
9/20/2021,PSAB,161,162,153,153,20499400
9/20/2021,PSDN,177,230,170,206,1387700
9/20/2021,PSGO,149,149,139,139,51900
9/20/2021,PSKT,50,50,50,50,1700
9/20/2021,PSSI,292,292,284,288,2146200
9/20/2021,PTBA,2320,2340,2270,2290,17119100
9/20/2021,PTDU,340,340,318,318,21203500
9/20/2021,PTIS,288,300,284,284,4600
9/20/2021,PTPP,1045,1065,1015,1025,31524600
9/20/2021,PTPW,920,920,910,915,146600
9/20/2021,PTRO,2440,2530,2330,2330,1537800
9/20/2021,PTSN,296,298,286,286,10007700
9/20/2021,PTSP,3840,3840,3840,3840,0
9/20/2021,PUDP,292,294,290,290,18300
9/20/2021,PURA,50,50,50,50,3867200
9/20/2021,PURA-W,8,8,7,7,46543200
9/20/2021,PURE,100,104,98,98,27483200
9/20/2021,PURI,364,396,364,396,200
9/20/2021,PWON,478,480,470,472,19571800
9/20/2021,PYFA,1185,1235,1180,1185,98600
9/20/2021,PZZA,670,670,645,660,262500
9/20/2021,R-ABFII,28600,28600,28600,28600,0
9/20/2021,R-LQ45X,915,915,905,910,20400
9/20/2021,RAJA,198,199,194,194,5693000
9/20/2021,RALS,705,720,685,720,19060900
9/20/2021,RANC,2330,2340,2210,2270,4374800
9/20/2021,RBMS,51,51,50,50,8735800
9/20/2021,RDTX,6850,8100,6500,8000,2200
9/20/2021,REAL,121,125,116,121,410870500
9/20/2021,RELI,434,510,404,470,130800
9/20/2021,RICY,90,91,89,89,640300
9/20/2021,RIGS,336,338,322,328,569500
9/20/2021,RIMO,50,50,50,50,0
9/20/2021,RISE,386,386,382,384,218100
9/20/2021,RMBA,306,306,306,306,0
9/20/2021,ROCK,540,605,540,605,1500
9/20/2021,RODA,99,105,96,102,94287300
9/20/2021,RONY,200,200,200,200,2400
9/20/2021,ROTI,1350,1350,1335,1350,33400
9/20/2021,RSGK,1885,1910,1845,1855,541200
9/20/2021,RUIS,212,212,206,210,70500
9/20/2021,RUNS,580,580,478,580,127714200
9/20/2021,SAFE,228,248,228,246,151400
9/20/2021,SAME,545,545,520,530,28570400
9/20/2021,SAMF,760,760,720,745,416400
9/20/2021,SAPX,1020,1030,1015,1030,5000
9/20/2021,SATU,73,73,67,68,7330100
9/20/2021,SBAT,50,50,50,50,6053100
9/20/2021,SBAT-W,14,14,13,14,900600
9/20/2021,SBMA,434,454,424,434,26771200
9/20/2021,SBMA-W,214,236,202,214,1477600
9/20/2021,SCCO,10400,10600,10400,10600,600
9/20/2021,SCMA,2150,2160,2080,2090,4800900
9/20/2021,SCNP,288,308,282,304,4119000
9/20/2021,SCPI,29000,29000,29000,29000,0
9/20/2021,SDMU,50,50,50,50,110000
9/20/2021,SDPC,133,138,133,135,676000
9/20/2021,SDRA,765,765,710,725,146000
9/20/2021,SFAN,1420,1420,1410,1410,379000
9/20/2021,SGER,515,525,500,510,2854100
9/20/2021,SGER-W,360,366,356,364,34500
9/20/2021,SGRO,1825,1825,1800,1800,14800
9/20/2021,SHID,1120,1125,1100,1115,43900
9/20/2021,SHIP,850,850,805,810,997700
9/20/2021,SIDO,790,790,785,790,4908200
9/20/2021,SILO,8600,8925,8600,8875,290700
9/20/2021,SIMA,50,50,50,50,0
9/20/2021,SIMP,426,426,416,418,2722400
9/20/2021,SINI,296,296,264,278,1900
9/20/2021,SINI-W,165,165,138,143,3300
9/20/2021,SIPD,1850,1850,1850,1850,5900
9/20/2021,SKBM,330,330,330,330,200
9/20/2021,SKLT,2300,2320,2250,2250,11400
9/20/2021,SKRN,700,700,680,680,1697400
9/20/2021,SKYB,51,51,51,51,0
9/20/2021,SLIS,4200,4200,4200,4200,30100
9/20/2021,SMAR,4230,4330,4230,4320,4200
9/20/2021,SMBR,650,650,635,640,3045200
9/20/2021,SMCB,1800,1805,1785,1790,1665000
9/20/2021,SMDM,124,124,121,123,18800
9/20/2021,SMDR,645,645,625,625,3101000
9/20/2021,SMGR,8675,8700,8450,8500,4232000
9/20/2021,SMKL,260,268,260,264,296400
9/20/2021,SMKL-W,30,33,29,30,5026000
9/20/2021,SMMA,10500,10500,10225,10225,7600
9/20/2021,SMMT,184,186,178,182,13261400
9/20/2021,SMRA,845,850,820,820,22050900
9/20/2021,SMRU,50,50,50,50,0
9/20/2021,SMSM,1385,1410,1385,1400,164800
9/20/2021,SNLK,790,930,770,930,3045600
9/20/2021,SOCI,188,190,186,187,4451800
9/20/2021,SOFA,38,39,36,37,28748800
9/20/2021,SOHO,5200,5200,5175,5175,1200
9/20/2021,SONA,4700,4700,4700,4700,0
9/20/2021,SOSS,416,416,384,402,439900
9/20/2021,SOSS-W,45,45,42,45,113300
9/20/2021,SOTS,486,486,440,468,2400
9/20/2021,SOTS-W,63,63,61,61,2400
9/20/2021,SPMA,360,360,346,348,1157100
9/20/2021,SPTO,540,540,530,530,117900
9/20/2021,SQMI,155,165,128,128,72290500
9/20/2021,SRAJ,282,286,280,284,731600
9/20/2021,SRIL,146,146,146,146,0
9/20/2021,SRSN,54,55,54,54,428500
9/20/2021,SRTG,1795,1870,1745,1850,28174100
9/20/2021,SSIA,520,520,498,505,17830000
9/20/2021,SSMS,825,825,795,810,9928700
9/20/2021,SSTM,800,810,750,805,37900
9/20/2021,STAR,147,147,132,139,63400
9/20/2021,STTP,7375,7375,6925,7350,2300
9/20/2021,SUGI,50,50,50,50,0
9/20/2021,SULI,50,50,50,50,2400
9/20/2021,SUPR,12975,12975,12600,12975,1900
9/20/2021,SURE,2000,2000,2000,2000,0
9/20/2021,SWAT,131,145,113,118,147514800
9/20/2021,TALF,290,294,280,294,22000
9/20/2021,TAMA,53,53,51,52,9422800
9/20/2021,TAMA-W,16,16,15,16,215800
9/20/2021,TAMU,50,50,50,50,75000
9/20/2021,TAPG,605,610,580,580,6035200
9/20/2021,TARA,50,50,50,50,54700
9/20/2021,TAXI,50,50,50,50,400
9/20/2021,TBIG,3000,3140,2980,3050,89864300
9/20/2021,TBLA,785,785,775,780,973600
9/20/2021,TBMS,1635,1650,1635,1650,12300
9/20/2021,TCID,5425,5500,5425,5500,4200
9/20/2021,TCPI,9175,9300,9100,9250,6250500
9/20/2021,TDPM,119,119,119,119,0
9/20/2021,TEBE,725,925,725,815,7251600
9/20/2021,TECH,6700,6700,6350,6350,1575000
9/20/2021,TELE,121,121,121,121,0
9/20/2021,TFAS,6225,6225,5850,5900,747200
9/20/2021,TFCO,700,725,650,660,13000
9/20/2021,TGKA,7350,7350,7200,7200,3900
9/20/2021,TGRA,97,99,93,94,15393500
9/20/2021,TIFA,635,775,635,635,2112000
9/20/2021,TINS,1475,1485,1455,1455,13622100
9/20/2021,TIRA,320,330,320,330,1400
9/20/2021,TIRT,52,52,50,50,1028100
9/20/2021,TKIM,7100,7125,6825,6875,4551300
9/20/2021,TLKM,3500,3520,3460,3520,83985100
9/20/2021,TMAS,286,290,280,288,3595700
9/20/2021,TMPO,131,136,131,131,14200
9/20/2021,TNCA,760,840,745,840,7070700
9/20/2021,TOBA,486,492,484,486,51400
9/20/2021,TOPS,50,50,50,50,28200
9/20/2021,TOTL,322,324,310,314,1264100
9/20/2021,TOTO,200,202,199,199,424300
9/20/2021,TOWR,1340,1340,1320,1330,16803600
9/20/2021,TOYS,238,254,228,230,277507900
9/20/2021,TOYS-W,34,36,32,33,22901500
9/20/2021,TPIA,7450,7450,7150,7250,9348800
9/20/2021,TPMA,440,468,430,468,26519900
9/20/2021,TRAM,50,50,50,50,0
9/20/2021,TRIL,50,50,50,50,0
9/20/2021,TRIM,270,270,254,258,30646200
9/20/2021,TRIN,222,226,210,216,7439900
9/20/2021,TRIN-W,33,33,30,32,1729800
9/20/2021,TRIO,426,426,426,426,0
9/20/2021,TRIS,108,144,108,144,14011400
9/20/2021,TRIS-W,6,6,6,6,0
9/20/2021,TRJA,268,268,258,258,3246400
9/20/2021,TRST,615,625,585,625,134900
9/20/2021,TRUE,310,290,290,290,4979100
9/20/2021,TRUE-W,24,25,23,23,63893000
9/20/2021,TRUK,133,147,132,138,184050300
9/20/2021,TRUS,318,320,300,300,8100
9/20/2021,TSPC,1455,1455,1435,1435,908400
9/20/2021,TUGU,1620,1690,1620,1645,175300
9/20/2021,TURI,1355,1355,1340,1340,157900
9/20/2021,UANG,1050,1055,990,990,20900
9/20/2021,UCID,1550,1580,1550,1555,4900
9/20/2021,UFOE,1215,1215,1140,1140,112100
9/20/2021,ULTJ,1510,1525,1505,1515,416800
9/20/2021,UNIC,8750,8975,8750,8750,6600
9/20/2021,UNIQ,87,88,86,87,2289600
9/20/2021,UNIT,316,316,316,316,0
9/20/2021,UNSP,117,117,109,109,4666000
9/20/2021,UNTR,20500,20900,20500,20575,2430500
9/20/2021,UNVR,3950,3960,3860,3880,25006900
9/20/2021,URBN,1035,1215,985,1175,1844800
9/20/2021,URBN-W,71,76,69,70,2450900
9/20/2021,UVCR,690,700,625,675,54454500
9/20/2021,UVCR-W,300,300,286,290,8629500
9/20/2021,VICI,378,378,374,378,2896400
9/20/2021,VICO,150,150,143,145,1200800
9/20/2021,VINS,113,114,111,111,1286600
9/20/2021,VIVA,60,60,51,52,12275600
9/20/2021,VOKS,182,187,180,181,8700
9/20/2021,VRNA,130,130,125,128,52400
9/20/2021,WAPO,98,98,94,96,112700
9/20/2021,WEGE,196,198,191,192,19893800
9/20/2021,WEHA,240,268,236,260,127953400
9/20/2021,WICO,432,432,432,432,0
9/20/2021,WIFI,865,885,840,865,35572600
9/20/2021,WIFI-W,246,258,246,248,15000
9/20/2021,WIIM,490,494,480,480,4251600
9/20/2021,WIKA,1090,1105,1065,1065,44845400
9/20/2021,WINS,123,133,123,129,12360200
9/20/2021,WMUU,176,177,170,170,30235400
9/20/2021,WOMF,232,232,226,230,226500
9/20/2021,WOOD,730,740,705,735,18060300
9/20/2021,WOWS,54,57,54,55,36501300
9/20/2021,WSBP,146,149,141,143,38182600
9/20/2021,WSKT,830,845,800,805,43476500
9/20/2021,WTON,252,254,244,246,15115700
9/20/2021,XAFA,1073,1073,1073,1073,0
9/20/2021,XAQA,862,862,862,862,400
9/20/2021,XBES,868,868,868,868,0
9/20/2021,XBID,481,481,481,481,0
9/20/2021,XBIN,450,450,450,450,0
9/20/2021,XBLQ,440,440,440,440,0
9/20/2021,XBNI,935,935,915,915,7400
9/20/2021,XBSK,342,342,342,342,300
9/20/2021,XCID,86,86,83,83,5600
9/20/2021,XCIS,105,105,105,105,0
9/20/2021,XCLQ,91,91,89,90,5200
9/20/2021,XDIF,430,430,430,430,0
9/20/2021,XDSG,893,893,893,893,0
9/20/2021,XIFE,94,94,91,93,3800
9/20/2021,XIHD,440,440,432,432,12100
9/20/2021,XIIC,920,920,899,899,600
9/20/2021,XIID,469,469,469,469,0
9/20/2021,XIIF,495,495,495,495,0
9/20/2021,XIIT,483,483,476,480,14800
9/20/2021,XIJI,562,562,554,555,15300
9/20/2021,XILV,103,103,103,103,100
9/20/2021,XIML,234,234,234,234,500
9/20/2021,XIPI,162,162,161,161,196900
9/20/2021,XISB,398,398,398,398,0
9/20/2021,XISC,650,650,638,638,2000
9/20/2021,XISI,311,311,311,311,800
9/20/2021,XISR,344,344,339,339,11900
9/20/2021,XKIV,432,432,432,432,0
9/20/2021,XKMS,971,972,966,972,7700
9/20/2021,XMIG,163,163,163,163,0
9/20/2021,XMJM,1001,1001,1001,1001,0
9/20/2021,XMTS,414,414,412,412,500
9/20/2021,XNVE,133,133,132,132,22400
9/20/2021,XPCR,837,837,837,837,0
9/20/2021,XPDV,419,419,419,419,0
9/20/2021,XPES,354,354,354,354,5600
9/20/2021,XPFT,487,487,487,487,0
9/20/2021,XPID,477,477,477,477,0
9/20/2021,XPLC,407,407,407,407,0
9/20/2021,XPLQ,448,448,448,448,0
9/20/2021,XPMI,845,845,845,845,3900
9/20/2021,XPSG,335,335,335,335,0
9/20/2021,XPTD,464,464,464,464,0
9/20/2021,XSBC,99,99,99,99,1100
9/20/2021,XSMU,125,125,125,125,0
9/20/2021,XSPI,750,750,750,750,0
9/20/2021,XSRI,165,165,165,165,0
9/20/2021,XSSI,101,101,73,73,5500
9/20/2021,XSSK,584,584,584,584,0
9/20/2021,YELO,472,490,450,464,44450000
9/20/2021,YELO-W,78,79,75,76,4019200
9/20/2021,YPAS,570,665,570,665,114100
9/20/2021,YULE,600,600,590,590,43800
9/20/2021,ZBRA,715,735,705,710,11301300
9/20/2021,ZINC,131,133,129,131,901775200
9/20/2021,ZONE,406,406,400,402,260500
9/20/2021,ZYRX,605,615,595,600,7070900
9/20/2021,ZYRX-W,118,120,116,117,1086700
