<date>,<ticker>,<open>,<high>,<low>,<close>,<volume>
12/28/2021,IHSG,6588.134,6615.946,6586.52,6598.343,251652474
12/28/2021,AALI,9650,9700,9575,9600,947200
12/28/2021,ABBA,414,416,386,386,28097800
12/28/2021,ABDA,6125,6125,5725,5725,200
12/28/2021,ABMM,1445,1490,1445,1480,4348000
12/28/2021,ACES,1300,1300,1275,1280,2798200
12/28/2021,ACST,216,224,214,214,11719200
12/28/2021,ADES,3300,3340,3290,3300,82100
12/28/2021,ADHI,965,975,910,920,27526200
12/28/2021,ADMF,7575,7700,7575,7675,59600
12/28/2021,ADMG,206,220,202,212,4424900
12/28/2021,ADRO,2180,2310,2180,2300,295605000
12/28/2021,AGAR,358,390,358,366,30700
12/28/2021,AGII,1620,1670,1600,1660,14245600
12/28/2021,AGRO,1970,1985,1920,1920,27551400
12/28/2021,AGRS,167,183,166,173,158631100
12/28/2021,AHAP,70,77,70,74,8057100
12/28/2021,AIMS,396,422,394,394,85800
12/28/2021,AISA,202,206,189,196,12235100
12/28/2021,AKKU,50,50,50,50,267300
12/28/2021,AKPI,1050,1120,1015,1075,144800
12/28/2021,AKRA,4100,4130,4080,4120,5587400
12/28/2021,AKSI,1060,1150,1020,1020,312000
12/28/2021,ALDO,1095,1100,1020,1060,8149800
12/28/2021,ALDO-W,254,254,222,230,260500
12/28/2021,ALKA,308,308,268,268,114900
12/28/2021,ALMI,308,330,298,300,69800
12/28/2021,ALTO,244,270,232,268,99300
12/28/2021,AMAG,338,346,334,334,313300
12/28/2021,AMAN,530,530,525,525,557600
12/28/2021,AMAR,410,505,410,446,183817300
12/28/2021,AMFG,4370,4700,4370,4400,739800
12/28/2021,AMIN,200,204,197,204,85300
12/28/2021,AMOR,1770,1810,1770,1770,1217400
12/28/2021,AMRT,1210,1245,1205,1220,11248200
12/28/2021,ANDI,50,50,50,50,252200
12/28/2021,ANJT,985,990,955,990,30500
12/28/2021,ANTM,2310,2320,2260,2260,29787500
12/28/2021,APEX,790,790,730,730,294600
12/28/2021,APIC,1125,1145,1120,1135,11875400
12/28/2021,APII,224,236,222,226,2360900
12/28/2021,APLI,200,200,200,200,700
12/28/2021,APLN,124,127,124,125,4142500
12/28/2021,ARCI,550,550,535,545,31361700
12/28/2021,ARGO,1600,1690,1600,1665,10800
12/28/2021,ARII,248,250,248,250,28600
12/28/2021,ARKA,67,69,62,62,80841100
12/28/2021,ARMY,50,50,50,50,0
12/28/2021,ARNA,800,810,785,800,1265400
12/28/2021,ARTA,2060,2060,2000,2000,21000
12/28/2021,ARTI,50,50,50,50,0
12/28/2021,ARTO,16825,17275,16725,17125,28623200
12/28/2021,ASBI,302,304,290,304,6800
12/28/2021,ASDM,960,960,960,960,200
12/28/2021,ASGR,810,815,800,805,38300
12/28/2021,ASII,5675,5750,5650,5725,21833300
12/28/2021,ASJT,139,140,136,139,195000
12/28/2021,ASMI,270,278,270,274,114900
12/28/2021,ASPI,72,78,72,75,2266000
12/28/2021,ASPI-W,19,20,19,20,530300
12/28/2021,ASRI,165,166,163,165,8036500
12/28/2021,ASRM,1600,1635,1600,1635,700
12/28/2021,ASSA,3220,3460,3200,3400,8355400
12/28/2021,ATAP,163,216,157,179,155401100
12/28/2021,ATIC,720,730,680,680,555800
12/28/2021,AUTO,1160,1165,1150,1150,1234400
12/28/2021,AVIA,930,940,920,930,64104700
12/28/2021,AYLS,334,346,316,322,91936800
12/28/2021,BABP,190,199,190,192,155534200
12/28/2021,BABP-W3,75,100,75,94,67300
12/28/2021,BABP-W4,154,157,135,143,76000
12/28/2021,BACA,276,284,276,280,21686600
12/28/2021,BACA-W2,10,10,10,10,0
12/28/2021,BAJA,340,344,336,336,401900
12/28/2021,BALI,805,830,805,830,983000
12/28/2021,BANK,2410,2410,2370,2380,35678200
12/28/2021,BANK-W,2250,2250,2250,2250,2000
12/28/2021,BAPA,74,77,71,72,25735200
12/28/2021,BAPI,50,50,50,50,528800
12/28/2021,BAPI-W,6,7,6,6,6579300
12/28/2021,BATA,498,498,482,496,41700
12/28/2021,BAYU,1110,1130,1110,1130,13700
12/28/2021,BBCA,7375,7400,7325,7350,39343800
12/28/2021,BBHI,6925,7350,6925,7075,3077900
12/28/2021,BBKP,286,296,280,282,246611500
12/28/2021,BBLD,398,398,394,394,10300
12/28/2021,BBMD,1980,1980,1950,1980,129700
12/28/2021,BBNI,6750,6775,6700,6700,14716300
12/28/2021,BBRI,4090,4110,4070,4090,52952500
12/28/2021,BBRM,50,50,50,50,39900
12/28/2021,BBSI,4300,4340,4280,4320,31000
12/28/2021,BBSS,53,54,52,52,3959400
12/28/2021,BBTN,1710,1760,1700,1755,25145300
12/28/2021,BBYB,2750,2770,2670,2740,49402700
12/28/2021,BCAP,68,70,63,65,33193200
12/28/2021,BCIC,226,228,210,210,13731000
12/28/2021,BCIP,105,105,95,95,113084600
12/28/2021,BDMN,2400,2510,2390,2420,7203100
12/28/2021,BEBS,5275,5400,5225,5300,21449200
12/28/2021,BEEF,77,81,77,78,5662100
12/28/2021,BEKS,63,64,60,61,125301500
12/28/2021,BELL,154,158,152,154,383500
12/28/2021,BESS,955,1000,895,975,525800
12/28/2021,BESS-W,805,925,760,805,44100
12/28/2021,BEST,114,115,111,112,15772000
12/28/2021,BFIN,1100,1185,1100,1160,62714100
12/28/2021,BGTG,282,294,264,264,228811800
12/28/2021,BHAT,990,995,985,995,1178700
12/28/2021,BHIT,57,58,56,57,66732400
12/28/2021,BIKA,256,256,250,254,15400
12/28/2021,BIMA,232,238,212,212,63022900
12/28/2021,BINA,3960,3960,3800,3860,1785900
12/28/2021,BINO,142,145,140,143,29272900
12/28/2021,BINO-W,20,20,18,19,12289300
12/28/2021,BIPI,50,51,50,50,1174154300
12/28/2021,BIPI-W,14,15,14,14,3213400
12/28/2021,BIPP,56,57,55,55,2618200
12/28/2021,BIRD,1365,1410,1360,1360,2554300
12/28/2021,BISI,995,1000,990,995,63000
12/28/2021,BJBR,1350,1350,1330,1345,2252400
12/28/2021,BJTM,750,750,740,745,3561900
12/28/2021,BKDP,75,77,72,74,3518600
12/28/2021,BKSL,59,62,58,58,68998200
12/28/2021,BKSW,208,216,198,204,53516200
12/28/2021,BLTA,50,50,50,50,28500
12/28/2021,BLTZ,3370,3370,3370,3370,0
12/28/2021,BLUE,370,370,346,346,819600
12/28/2021,BMAS,2080,2200,1930,1940,1235600
12/28/2021,BMHS,830,835,815,820,12216200
12/28/2021,BMRI,7050,7050,6975,7050,19917700
12/28/2021,BMSR,282,300,278,294,1582000
12/28/2021,BMTR,266,266,262,264,16844500
12/28/2021,BNBA,3550,3670,3310,3310,15192900
12/28/2021,BNBR,50,50,50,50,232800
12/28/2021,BNGA,980,980,970,975,2797400
12/28/2021,BNII,334,340,332,332,5159800
12/28/2021,BNLI,1600,1640,1580,1600,138200
12/28/2021,BOBA,244,246,238,238,541500
12/28/2021,BOGA,1380,1390,1355,1380,48063600
12/28/2021,BOLA,630,640,610,610,12094500
12/28/2021,BOLT,860,860,800,850,304700
12/28/2021,BOSS,73,83,72,78,170764700
12/28/2021,BPFI,1650,1650,1475,1475,741500
12/28/2021,BPII,6200,6200,6200,6200,0
12/28/2021,BPTR,575,605,575,575,540200
12/28/2021,BRAM,12225,12225,12200,12200,500
12/28/2021,BRIS,1865,1880,1800,1800,22116400
12/28/2021,BRMS,110,112,106,109,467326600
12/28/2021,BRNA,1160,1160,1160,1160,600
12/28/2021,BRPT,880,905,875,890,44595800
12/28/2021,BSDE,1025,1035,1010,1015,8460700
12/28/2021,BSIM,885,885,870,870,76500
12/28/2021,BSML,151,175,151,167,60809300
12/28/2021,BSSR,3900,3910,3830,3900,14900
12/28/2021,BSWD,1750,1750,1750,1750,0
12/28/2021,BTEK,50,50,50,50,1000
12/28/2021,BTEL,50,50,50,50,0
12/28/2021,BTON,428,440,412,440,44200
12/28/2021,BTPN,2650,2650,2640,2640,47100
12/28/2021,BTPS,3740,3800,3690,3700,920800
12/28/2021,BUDI,189,191,183,184,23965900
12/28/2021,BUKA,446,450,428,430,191090300
12/28/2021,BUKK,1215,1215,1210,1215,2000
12/28/2021,BULL,236,238,232,236,334850300
12/28/2021,BULL-W2,42,42,38,38,170600
12/28/2021,BUMI,64,67,64,65,245146500
12/28/2021,BUVA,60,60,60,60,0
12/28/2021,BVIC,220,234,214,218,179400700
12/28/2021,BWPT,74,74,72,72,9296100
12/28/2021,BYAN,26900,26900,26000,26500,29400
12/28/2021,CAKK,101,105,101,103,7465100
12/28/2021,CAMP,286,290,286,288,397800
12/28/2021,CANI,157,159,151,154,92700
12/28/2021,CARE,505,530,500,500,423009300
12/28/2021,CARS,50,50,50,50,67400
12/28/2021,CASA,525,540,525,535,2065700
12/28/2021,CASH,276,290,270,270,4912100
12/28/2021,CASS,482,496,454,492,95100
12/28/2021,CBMF,106,110,103,104,43672800
12/28/2021,CCSI,740,740,700,710,1500900
12/28/2021,CEKA,1885,1900,1885,1895,23000
12/28/2021,CENT,244,246,234,238,19048800
12/28/2021,CFIN,250,252,248,248,1471500
12/28/2021,CINT,254,258,250,250,70300
12/28/2021,CITA,3210,3220,3040,3220,9100
12/28/2021,CITY,169,169,161,169,5600
12/28/2021,CLAY,695,710,695,710,200
12/28/2021,CLEO,486,500,460,470,6144500
12/28/2021,CLPI,1015,1030,1000,1020,209000
12/28/2021,CMNP,1400,1600,1395,1600,278500
12/28/2021,CMNP-W,362,500,362,500,44400
12/28/2021,CMNT,1095,1100,1080,1085,48436500
12/28/2021,CMPP,184,184,184,184,0
12/28/2021,CMRY,3420,3430,3390,3410,243800
12/28/2021,CNKO,50,50,50,50,100
12/28/2021,CNTB,250,250,250,250,0
12/28/2021,CNTX,310,318,300,318,7200
12/28/2021,COCO,296,298,290,292,10814100
12/28/2021,COCO-W,120,120,120,120,500
12/28/2021,COWL,50,50,50,50,0
12/28/2021,CPIN,5950,6025,5925,6000,3773600
12/28/2021,CPRI,50,50,50,50,0
12/28/2021,CPRI-W,12,12,12,12,0
12/28/2021,CPRO,100,100,95,96,213654500
12/28/2021,CSAP,570,580,535,535,746900
12/28/2021,CSIS,141,142,136,137,8915700
12/28/2021,CSMI,3640,3640,3640,3640,0
12/28/2021,CSRA,515,525,510,525,748500
12/28/2021,CTBN,2030,2130,2030,2070,300
12/28/2021,CTRA,995,1010,975,985,18607300
12/28/2021,CTTH,51,51,50,50,463200
12/28/2021,DADA,50,50,50,50,216600
12/28/2021,DADA-W,10,11,10,10,13045300
12/28/2021,DART,334,338,310,310,3122500
12/28/2021,DAYA,300,310,300,304,842600
12/28/2021,DCII,34900,37175,34900,37175,5100
12/28/2021,DEAL,50,50,50,50,53600
12/28/2021,DEFI,780,780,780,780,100
12/28/2021,DEPO,486,496,482,492,7205300
12/28/2021,DEWA,50,50,50,50,454400
12/28/2021,DFAM,374,380,372,374,22100
12/28/2021,DGIK,216,220,208,212,40808900
12/28/2021,DGNS,755,765,745,755,1942100
12/28/2021,DIGI,102,123,101,108,87586700
12/28/2021,DILD,151,152,149,152,23667300
12/28/2021,DIVA,1835,1840,1800,1835,71500
12/28/2021,DKFT,120,122,119,120,4446300
12/28/2021,DLTA,3760,3760,3740,3760,15400
12/28/2021,DMAS,192,193,191,191,21694600
12/28/2021,DMMX,2610,2640,2600,2620,3648000
12/28/2021,DMND,890,890,865,885,74200
12/28/2021,DNAR,324,346,322,330,53712800
12/28/2021,DNET,3250,3270,3210,3270,2500
12/28/2021,DOID,264,276,264,274,26446700
12/28/2021,DPNS,404,414,400,404,255000
12/28/2021,DPUM,50,50,50,50,0
12/28/2021,DRMA,525,530,510,510,24003500
12/28/2021,DSFI,92,93,90,91,4829100
12/28/2021,DSNG,505,510,494,500,15651600
12/28/2021,DSSA,49000,49000,49000,49000,200
12/28/2021,DUCK,176,176,176,176,0
12/28/2021,DUTI,3390,3390,3240,3380,400
12/28/2021,DVLA,2780,2800,2780,2780,6500
12/28/2021,DWGL,190,194,189,194,39000
12/28/2021,DWGL-W,26,26,24,25,397400
12/28/2021,DYAN,78,80,77,77,16813000
12/28/2021,EAST,96,100,95,98,24693400
12/28/2021,EAST-W,12,12,11,12,1088300
12/28/2021,ECII,915,935,855,915,35900
12/28/2021,EDGE,22975,22975,22925,22925,1200
12/28/2021,EKAD,1445,1445,1400,1435,694500
12/28/2021,ELSA,278,286,278,282,21770700
12/28/2021,ELTY,50,50,50,50,100
12/28/2021,EMDE,166,166,161,166,5500
12/28/2021,EMTK,2290,2320,2270,2290,26761700
12/28/2021,ENRG,105,107,103,104,50331700
12/28/2021,ENVY,50,50,50,50,0
12/28/2021,ENZO,50,51,50,50,44122700
12/28/2021,ENZO-W,17,18,14,15,19735400
12/28/2021,EPAC,56,59,53,53,80712600
12/28/2021,EPMT,2640,2680,2630,2680,40500
12/28/2021,ERAA,610,620,605,605,20504700
12/28/2021,ERTX,216,226,214,216,410800
12/28/2021,ESIP,134,138,127,127,19861700
12/28/2021,ESSA,525,540,515,520,39395200
12/28/2021,ESTA,344,348,318,318,4676900
12/28/2021,ESTI,117,120,115,117,1547600
12/28/2021,ETWA,62,62,62,62,0
12/28/2021,EXCL,3090,3100,3060,3070,4260700
12/28/2021,FAPA,3190,3210,3170,3180,140400
12/28/2021,FAST,1020,1020,980,980,3900
12/28/2021,FASW,7600,7600,7600,7600,0
12/28/2021,FILM,970,980,910,910,23586800
12/28/2021,FIMP,42,42,41,41,1159800
12/28/2021,FIMP-W,18,18,16,16,3302500
12/28/2021,FIRE,458,510,458,474,10601900
12/28/2021,FISH,7650,7650,7650,7650,100
12/28/2021,FITT,600,600,560,560,4391500
12/28/2021,FITT-W,500,500,500,500,0
12/28/2021,FLMC,575,625,570,625,15464900
12/28/2021,FMII,406,406,372,376,36600
12/28/2021,FOOD,128,135,123,127,634100
12/28/2021,FORU,240,266,232,232,8020100
12/28/2021,FORZ,50,50,50,50,0
12/28/2021,FPNI,320,344,300,344,259706500
12/28/2021,FREN,88,90,86,87,658312400
12/28/2021,FREN-W2,27,27,26,27,87786800
12/28/2021,FUJI,590,635,590,635,12200
12/28/2021,GAMA,50,51,50,50,693800
12/28/2021,GDST,102,104,100,101,2559000
12/28/2021,GDYR,1250,1295,1250,1295,144400
12/28/2021,GEMA,336,336,318,336,14200
12/28/2021,GEMS,7825,8900,7825,8800,185200
12/28/2021,GGRM,30675,30850,30650,30650,406900
12/28/2021,GGRP,785,835,765,780,200800
12/28/2021,GHON,2320,2320,2230,2240,28900
12/28/2021,GIAA,222,222,222,222,0
12/28/2021,GJTL,665,670,655,660,2536700
12/28/2021,GLOB,222,222,210,214,54700
12/28/2021,GLVA,286,290,280,290,174800
12/28/2021,GMFI,75,76,74,75,266600
12/28/2021,GMTD,16725,16725,16725,16725,0
12/28/2021,GOLD,398,398,374,378,16900
12/28/2021,GOLL,50,50,50,50,0
12/28/2021,GOOD,525,535,510,510,9827700
12/28/2021,GPRA,89,93,88,89,7380300
12/28/2021,GPSO,140,140,132,132,154700
12/28/2021,GPSO-W,32,35,32,33,31100
12/28/2021,GSMF,185,185,185,185,361300
12/28/2021,GTBO,75,75,75,75,0
12/28/2021,GTSI,67,68,66,67,5900800
12/28/2021,GWSA,184,186,183,185,168200
12/28/2021,GZCO,62,64,61,61,12061900
12/28/2021,HADE,50,50,50,50,100
12/28/2021,HAIS,184,188,183,185,1316800
12/28/2021,HDFA,234,248,220,224,795000
12/28/2021,HDIT,334,334,320,326,325600
12/28/2021,HDTX,120,120,120,120,0
12/28/2021,HEAL,1015,1035,1000,1005,7078500
12/28/2021,HELI,300,344,294,312,56600
12/28/2021,HERO,1750,1800,1750,1790,12100
12/28/2021,HEXA,4590,4650,4550,4620,299700
12/28/2021,HITS,354,356,354,356,6700
12/28/2021,HKMU,56,56,54,54,59264900
12/28/2021,HMSP,975,990,970,980,9048400
12/28/2021,HOKI,182,184,181,182,2762800
12/28/2021,HOME,50,50,50,50,0
12/28/2021,HOMI,1620,1640,1615,1630,455400
12/28/2021,HOPE,86,90,85,86,8178300
12/28/2021,HOPE-W,15,16,14,15,12974200
12/28/2021,HOTL,50,50,50,50,1400
12/28/2021,HRME,54,55,53,53,5111500
12/28/2021,HRTA,216,222,214,218,6522300
12/28/2021,HRUM,10225,11075,10225,10975,17365400
12/28/2021,IATA,69,69,66,66,40988300
12/28/2021,IBFN,61,67,58,58,1985200
12/28/2021,IBST,6200,6200,6200,6200,200
12/28/2021,ICBP,8650,8750,8650,8700,3719600
12/28/2021,ICON,104,107,102,103,3097900
12/28/2021,IDEA,103,113,103,113,4061000
12/28/2021,IDPR,183,197,179,193,6407900
12/28/2021,IFII,149,149,145,146,565500
12/28/2021,IFSH,1740,1850,1620,1785,103400
12/28/2021,IGAR,438,444,436,438,129100
12/28/2021,IIKP,50,50,50,50,0
12/28/2021,IKAI,50,50,50,50,1500
12/28/2021,IKAN,98,100,94,95,12390400
12/28/2021,IKBI,248,248,246,246,200
12/28/2021,IMAS,875,900,875,890,1148100
12/28/2021,IMJS,428,434,424,424,969200
12/28/2021,IMPC,2620,2630,2590,2620,1766900
12/28/2021,INAF,2250,2290,2250,2270,204400
12/28/2021,INAI,300,300,298,298,14200
12/28/2021,INCF,330,372,318,318,5713800
12/28/2021,INCI,585,585,560,565,97400
12/28/2021,INCO,4710,4730,4700,4710,1929100
12/28/2021,INDF,6425,6425,6300,6325,3868400
12/28/2021,INDO,106,107,104,106,3908600
12/28/2021,INDO-W,12,13,11,12,17125000
12/28/2021,INDR,4170,4290,4160,4260,54400
12/28/2021,INDS,2080,2090,2080,2080,2100
12/28/2021,INDX,134,144,127,129,24638600
12/28/2021,INDY,1530,1645,1530,1630,23912000
12/28/2021,INKP,8225,8300,8025,8025,7678100
12/28/2021,INOV,278,292,268,274,19159200
12/28/2021,INPC,134,139,131,133,30419300
12/28/2021,INPP,600,650,600,645,5900
12/28/2021,INPS,1790,1790,1790,1790,0
12/28/2021,INRU,695,695,695,695,1300
12/28/2021,INTA,68,74,68,74,1838500
12/28/2021,INTD,266,282,256,258,60400
12/28/2021,INTP,11900,11900,11500,11600,1198000
12/28/2021,IPAC,110,125,107,113,26000
12/28/2021,IPCC,500,520,500,510,2417300
12/28/2021,IPCM,296,302,296,296,1611200
12/28/2021,IPOL,174,175,173,174,610000
12/28/2021,IPPE,222,228,208,208,33794100
12/28/2021,IPTV,185,187,180,182,6937000
12/28/2021,IRRA,1960,2000,1935,1955,12590200
12/28/2021,ISAT,5950,6025,5825,5850,6118000
12/28/2021,ISSP,418,428,404,408,23933900
12/28/2021,ITIC,284,286,276,278,1495100
12/28/2021,ITMA,515,515,505,505,37300
12/28/2021,ITMA-W,78,86,78,86,6600
12/28/2021,ITMG,20150,21450,20150,21375,4824700
12/28/2021,JAST,258,258,244,252,95503800
12/28/2021,JAWA,290,304,276,284,97744200
12/28/2021,JAYA,204,216,204,206,24274600
12/28/2021,JAYA-W,61,62,59,60,494600
12/28/2021,JECC,5600,5750,5600,5750,400
12/28/2021,JGLE,50,50,50,50,500
12/28/2021,JIHD,468,478,462,462,20400
12/28/2021,JKON,122,124,121,123,300000
12/28/2021,JKSW,60,60,60,60,0
12/28/2021,JMAS,176,180,173,178,1672200
12/28/2021,JPFA,1720,1735,1670,1725,37016400
12/28/2021,JRPT,505,510,498,500,1984200
12/28/2021,JSKY,117,122,112,112,104205900
12/28/2021,JSMR,3880,3890,3860,3860,1239600
12/28/2021,JSPT,755,755,755,755,600
12/28/2021,JTPE,1070,1070,1070,1070,1121800
12/28/2021,KAEF,2430,2480,2420,2450,1632000
12/28/2021,KARW,117,157,116,157,177135800
12/28/2021,KAYU,51,53,51,51,2018200
12/28/2021,KBAG,69,71,65,70,1223811400
12/28/2021,KBAG-W,11,11,9,10,49537700
12/28/2021,KBLI,280,286,278,282,377900
12/28/2021,KBLM,220,220,218,218,475200
12/28/2021,KBLV,640,655,600,600,7416200
12/28/2021,KBRI,50,50,50,50,0
12/28/2021,KDSI,1025,1150,1025,1090,10700
12/28/2021,KEEN,456,458,434,434,3252900
12/28/2021,KEJU,1190,1195,1185,1195,5300
12/28/2021,KIAS,50,50,50,50,634200
12/28/2021,KICI,284,300,278,290,2868600
12/28/2021,KIJA,170,172,169,170,1632200
12/28/2021,KINO,2020,2040,1990,2000,238100
12/28/2021,KIOS,500,515,490,505,88067900
12/28/2021,KJEN,910,910,855,855,2800
12/28/2021,KKGI,272,278,270,274,581200
12/28/2021,KLBF,1610,1620,1605,1605,20479500
12/28/2021,KMDS,440,440,440,440,1100
12/28/2021,KMTR,338,346,332,344,69600
12/28/2021,KOBX,262,270,250,252,3667900
12/28/2021,KOIN,160,162,159,160,36500
12/28/2021,KONI,980,985,975,985,10300
12/28/2021,KOPI,790,805,735,735,22800
12/28/2021,KOTA,80,82,79,82,21846600
12/28/2021,KOTA-W,67,67,67,67,5000
12/28/2021,KPAL,50,50,50,50,0
12/28/2021,KPAS,62,62,62,62,0
12/28/2021,KPIG,92,93,90,91,12272700
12/28/2021,KRAH,436,436,436,436,0
12/28/2021,KRAS,446,452,412,416,54895000
12/28/2021,KREN,80,86,80,83,70124300
12/28/2021,KUAS,79,85,79,79,47494700
12/28/2021,KUAS-W,20,20,18,19,3292000
12/28/2021,LABA,99,101,98,99,1888200
12/28/2021,LABA-W,19,20,18,19,2188600
12/28/2021,LAND,86,91,86,88,3631600
12/28/2021,LAPD,50,50,50,50,0
12/28/2021,LCGP,114,114,114,114,0
12/28/2021,LCKM,304,306,304,306,6300
12/28/2021,LEAD,59,62,55,55,164801000
12/28/2021,LFLO,101,101,93,93,240900
12/28/2021,LFLO-W,39,42,39,39,1822400
12/28/2021,LIFE,6175,6175,6175,6175,0
12/28/2021,LINK,3900,3900,3790,3800,2736800
12/28/2021,LION,336,376,336,348,35000
12/28/2021,LMAS,108,113,100,101,112386200
12/28/2021,LMPI,198,202,187,190,381600
12/28/2021,LMSH,700,800,700,745,148100
12/28/2021,LPCK,1205,1225,1200,1220,198800
12/28/2021,LPGI,4800,4800,4800,4800,5500
12/28/2021,LPIN,1040,1070,1035,1045,3058300
12/28/2021,LPKR,144,145,141,141,19762900
12/28/2021,LPLI,278,278,264,272,30400
12/28/2021,LPPF,3960,4190,3960,4130,3133800
12/28/2021,LPPS,111,112,110,112,1660000
12/28/2021,LRNA,197,202,184,199,61000
12/28/2021,LSIP,1205,1220,1200,1215,6839400
12/28/2021,LTLS,705,705,690,700,14000
12/28/2021,LUCK,376,410,376,380,63594900
12/28/2021,LUCY,52,55,52,53,8862600
12/28/2021,LUCY-W,14,14,13,14,1090400
12/28/2021,MABA,50,50,50,50,0
12/28/2021,MAGP,50,50,50,50,0
12/28/2021,MAIN,700,710,680,680,6331200
12/28/2021,MAMI,50,50,50,50,0
12/28/2021,MAMI-W,6,6,6,6,0
12/28/2021,MAMIP,600,600,600,600,0
12/28/2021,MAPA,2480,2570,2480,2560,1385100
12/28/2021,MAPB,1620,1620,1620,1620,0
12/28/2021,MAPI,715,725,710,710,4542400
12/28/2021,MARI,484,486,464,466,35414900
12/28/2021,MARK,1075,1095,1070,1085,5795000
12/28/2021,MASA,6200,6200,5825,5875,21600
12/28/2021,MASB,3580,3580,3560,3570,1000
12/28/2021,MASB-W,396,400,348,390,4100
12/28/2021,MAYA,675,680,665,670,634100
12/28/2021,MBAP,3630,3700,3600,3640,338600
12/28/2021,MBSS,1030,1045,1005,1020,814000
12/28/2021,MBTO,160,160,148,154,231300
12/28/2021,MCAS,9550,9675,9400,9525,1063200
12/28/2021,MCOL,3670,3690,3620,3670,272600
12/28/2021,MCOR,116,123,115,117,18674200
12/28/2021,MDIA,50,50,50,50,12700
12/28/2021,MDKA,3970,4000,3890,3960,64058300
12/28/2021,MDKI,208,214,200,210,2765300
12/28/2021,MDLN,67,72,66,70,220888800
12/28/2021,MDRN,50,50,50,50,0
12/28/2021,MEDC,488,494,482,482,50895300
12/28/2021,MEGA,8500,8550,8500,8500,4000
12/28/2021,MERK,3650,3690,3650,3680,20800
12/28/2021,META,113,117,112,112,3013400
12/28/2021,MFIN,1095,1100,1065,1100,30600
12/28/2021,MFMI,975,1015,975,995,7100
12/28/2021,MGLV,234,234,212,220,92000
12/28/2021,MGLV-W,18,19,18,18,4543700
12/28/2021,MGNA,50,50,50,50,0
12/28/2021,MGRO,815,815,790,800,3524800
12/28/2021,MICE,412,416,402,406,84300
12/28/2021,MIDI,2070,2070,2050,2070,1400
12/28/2021,MIKA,2220,2260,2220,2220,15557400
12/28/2021,MINA,50,50,50,50,260100
12/28/2021,MIRA,50,50,50,50,129200
12/28/2021,MITI,250,260,238,240,45524000
12/28/2021,MKNT,50,50,50,50,900
12/28/2021,MKPI,24925,24925,24925,24925,0
12/28/2021,MLBI,7450,7500,7425,7450,31900
12/28/2021,MLIA,2110,2130,2030,2050,5712700
12/28/2021,MLPL,368,378,358,360,288530900
12/28/2021,MLPT,3620,3640,3450,3590,2711100
12/28/2021,MMLP,575,600,575,585,9165500
12/28/2021,MNCN,900,915,885,905,29286600
12/28/2021,MOLI,520,520,470,478,454500
12/28/2021,MPMX,1135,1150,1110,1140,6886200
12/28/2021,MPOW,106,111,106,110,22950600
12/28/2021,MPPA,430,436,420,422,54795300
12/28/2021,MPRO,855,900,855,885,4100
12/28/2021,MRAT,260,262,254,254,338800
12/28/2021,MREI,3640,3880,3640,3880,200
12/28/2021,MSIN,1970,2080,1840,2010,49425900
12/28/2021,MSKY,320,386,320,386,12451000
12/28/2021,MTDL,3660,3840,3660,3820,3611300
12/28/2021,MTEL,800,810,795,805,219672100
12/28/2021,MTFN,50,50,50,50,200
12/28/2021,MTLA,404,404,400,400,21500
12/28/2021,MTPS,111,112,109,109,608100
12/28/2021,MTRA,244,244,244,244,0
12/28/2021,MTSM,338,338,316,316,138500
12/28/2021,MTWI,128,136,125,125,3356600
12/28/2021,MYOH,1685,1685,1675,1675,27000
12/28/2021,MYOR,2000,2070,2000,2060,1056100
12/28/2021,MYRX,50,50,50,50,0
12/28/2021,MYRXP,50,50,50,50,0
12/28/2021,MYTX,87,97,87,88,3815200
12/28/2021,NASA,61,63,61,62,1894200
12/28/2021,NASI,220,256,218,230,11784400
12/28/2021,NATO,720,725,700,720,238334400
12/28/2021,NATO-W,328,328,328,328,0
12/28/2021,NELY,344,350,316,318,7099100
12/28/2021,NFCX,9125,9125,8950,8950,75300
12/28/2021,NICK,750,755,700,750,46500
12/28/2021,NICL,72,74,71,71,25681300
12/28/2021,NICL-W,10,10,9,9,31658300
12/28/2021,NIKL,1005,1010,950,975,916000
12/28/2021,NIPS,282,282,282,282,0
12/28/2021,NIRO,149,149,142,142,13100
12/28/2021,NISP,670,675,665,670,720800
12/28/2021,NOBU,700,725,695,710,2957800
12/28/2021,NPGF,92,93,90,91,9145700
12/28/2021,NRCA,308,310,300,300,1123800
12/28/2021,NUSA,50,50,50,50,0
12/28/2021,NZIA,150,156,148,154,45700
12/28/2021,OASA,845,845,845,845,0
12/28/2021,OBMD,121,128,115,120,6652000
12/28/2021,OBMD-W,21,23,20,20,7079300
12/28/2021,OCAP,159,159,159,159,0
12/28/2021,OILS,358,364,350,358,20924700
12/28/2021,OILS-W,100,102,98,101,1507900
12/28/2021,OKAS,87,104,85,98,604051000
12/28/2021,OMRE,845,845,845,845,0
12/28/2021,OPMS,140,146,139,143,11206600
12/28/2021,PADI,50,50,50,50,2200
12/28/2021,PALM,925,935,870,905,29912000
12/28/2021,PAMG,99,105,97,101,9598400
12/28/2021,PANI,1695,1735,1600,1700,122100
12/28/2021,PANR,234,236,224,230,368200
12/28/2021,PANS,1305,1305,1250,1255,2117900
12/28/2021,PBID,1610,1620,1610,1615,92600
12/28/2021,PBRX,155,161,155,156,1769800
12/28/2021,PBSA,720,720,720,720,100
12/28/2021,PCAR,302,348,282,320,2385100
12/28/2021,PDES,294,306,292,300,790800
12/28/2021,PEGE,1190,1190,1185,1185,16800
12/28/2021,PEHA,1110,1125,1100,1105,264500
12/28/2021,PGAS,1415,1435,1400,1405,60761700
12/28/2021,PGJO,77,81,77,77,50900
12/28/2021,PGLI,300,330,298,330,83700
12/28/2021,PGUN,406,408,396,404,180800
12/28/2021,PICO,99,99,94,96,4300
12/28/2021,PJAA,585,585,575,580,6600
12/28/2021,PKPK,198,222,197,216,174390800
12/28/2021,PLAN,36,38,36,37,3427300
12/28/2021,PLAN-W,9,10,9,10,1573500
12/28/2021,PLAS,50,50,50,50,0
12/28/2021,PLIN,2450,2450,2450,2450,0
12/28/2021,PMJS,155,158,147,148,5959600
12/28/2021,PMMP,510,520,500,515,13069300
12/28/2021,PNBN,755,775,755,765,3038200
12/28/2021,PNBS,87,91,86,87,70866300
12/28/2021,PNGO,1510,1575,1510,1565,6900
12/28/2021,PNIN,690,690,680,690,49800
12/28/2021,PNLF,171,174,171,172,9452800
12/28/2021,PNSE,595,595,595,595,0
12/28/2021,POLA,222,222,204,218,1992500
12/28/2021,POLA-W,87,87,60,64,401000
12/28/2021,POLI,1535,1545,1450,1450,612500
12/28/2021,POLL,1230,1290,1220,1225,4339800
12/28/2021,POLU,492,498,456,456,106900
12/28/2021,POLY,65,85,64,71,126855100
12/28/2021,POOL,50,50,50,50,0
12/28/2021,PORT,665,800,625,690,271600
12/28/2021,POSA,50,50,50,50,0
12/28/2021,POWR,620,625,615,620,3244600
12/28/2021,PPGL,150,151,140,146,2901100
12/28/2021,PPGL-W,21,21,19,19,5837600
12/28/2021,PPRE,179,180,175,175,6480800
12/28/2021,PPRO,62,64,62,62,18253300
12/28/2021,PRAS,244,244,238,240,38800
12/28/2021,PRDA,8900,8900,8700,8700,530400
12/28/2021,PRIM,418,420,398,400,9808300
12/28/2021,PSAB,141,144,140,141,3165900
12/28/2021,PSDN,175,176,162,162,914400
12/28/2021,PSGO,216,216,210,212,11151300
12/28/2021,PSKT,50,50,50,50,100
12/28/2021,PSSI,406,406,380,388,12384200
12/28/2021,PTBA,2710,2830,2700,2800,108072700
12/28/2021,PTDU,206,208,192,198,63472100
12/28/2021,PTIS,372,394,370,372,18600
12/28/2021,PTPP,1050,1050,1000,1015,34789100
12/28/2021,PTPW,725,725,720,725,229800
12/28/2021,PTRO,2210,2250,2210,2230,222300
12/28/2021,PTSN,222,226,222,224,438700
12/28/2021,PTSP,5900,7075,5900,7000,2100
12/28/2021,PUDP,348,350,326,326,115600
12/28/2021,PURA,74,75,70,70,180495700
12/28/2021,PURA-W,19,20,18,18,6142600
12/28/2021,PURE,81,83,80,81,2668300
12/28/2021,PURI,398,408,374,376,134200
12/28/2021,PWON,470,480,468,478,16230100
12/28/2021,PYFA,1030,1030,1000,1015,43400
12/28/2021,PZZA,655,685,655,675,40200
12/28/2021,R-ABFII,28600,28600,28600,28600,0
12/28/2021,R-LQ45X,1000,1007,992,1006,20900
12/28/2021,RAJA,187,188,185,186,2392200
12/28/2021,RALS,690,695,660,665,2770800
12/28/2021,RANC,1730,1735,1710,1710,91400
12/28/2021,RBMS,88,107,87,94,1701626200
12/28/2021,RDTX,6850,6850,6850,6850,600
12/28/2021,REAL,87,92,83,83,268367900
12/28/2021,RELI,450,450,450,450,0
12/28/2021,RICY,94,95,94,95,271700
12/28/2021,RIGS,314,314,306,314,68100
12/28/2021,RIMO,50,50,50,50,0
12/28/2021,RISE,380,382,378,382,159100
12/28/2021,RMBA,306,306,306,306,0
12/28/2021,RMKE,220,224,220,222,1750800
12/28/2021,ROCK,670,710,650,675,5600
12/28/2021,RODA,89,91,88,88,1654800
12/28/2021,RONY,800,800,800,800,0
12/28/2021,ROTI,1290,1295,1285,1295,1036800
12/28/2021,RSGK,1710,1720,1700,1710,147600
12/28/2021,RUIS,208,216,208,210,95400
12/28/2021,RUNS,266,278,260,272,936000
12/28/2021,SAFE,226,228,216,220,12000
12/28/2021,SAME,390,396,364,364,60923300
12/28/2021,SAMF,1000,1050,1000,1045,17853100
12/28/2021,SAPX,1235,1245,1235,1245,4500
12/28/2021,SATU,106,107,105,106,4032200
12/28/2021,SBAT,50,50,50,50,8024000
12/28/2021,SBAT-W,15,15,13,13,25168800
12/28/2021,SBAT-W2,32,32,28,28,39800
12/28/2021,SBMA,410,416,380,410,17888000
12/28/2021,SBMA-W,126,126,111,115,84700
12/28/2021,SCCO,10400,10400,10400,10400,0
12/28/2021,SCMA,332,338,322,324,80805000
12/28/2021,SCNP,210,222,206,212,7716400
12/28/2021,SCPI,29000,29000,29000,29000,0
12/28/2021,SDMU,84,86,78,78,76962400
12/28/2021,SDPC,140,148,135,148,3615100
12/28/2021,SDRA,565,575,560,565,360400
12/28/2021,SFAN,1490,1500,1485,1495,215800
12/28/2021,SGER,1150,1155,1100,1105,1481000
12/28/2021,SGER-W,1150,1150,1150,1150,0
12/28/2021,SGRO,2040,2040,1995,2000,42700
12/28/2021,SHID,845,845,820,820,57100
12/28/2021,SHIP,1035,1080,1030,1030,2430400
12/28/2021,SIDO,880,880,865,870,1725600
12/28/2021,SILO,8200,8275,8175,8225,74800
12/28/2021,SIMA,50,50,50,50,0
12/28/2021,SIMP,460,464,452,454,2051900
12/28/2021,SINI,274,278,262,262,12100
12/28/2021,SINI-W,137,140,137,140,2200
12/28/2021,SIPD,1655,1950,1630,1950,1207600
12/28/2021,SKBM,360,378,360,364,5300
12/28/2021,SKLT,2390,2450,2390,2450,300
12/28/2021,SKRN,905,950,900,900,1402300
12/28/2021,SKYB,51,51,51,51,0
12/28/2021,SLIS,845,910,795,795,612300
12/28/2021,SMAR,4400,4400,4230,4230,8400
12/28/2021,SMBR,650,655,645,645,1516700
12/28/2021,SMCB,1680,1695,1680,1685,823600
12/28/2021,SMDM,216,216,200,202,2066300
12/28/2021,SMDR,1065,1070,1030,1030,3999700
12/28/2021,SMGR,7450,7475,7350,7350,11808400
12/28/2021,SMKL,550,585,515,560,4939000
12/28/2021,SMKL-W,150,150,110,122,7501900
12/28/2021,SMMA,10975,11200,10975,11200,300
12/28/2021,SMMT,208,218,204,212,8803500
12/28/2021,SMRA,855,865,835,835,17291200
12/28/2021,SMRU,50,50,50,50,0
12/28/2021,SMSM,1390,1390,1355,1380,465500
12/28/2021,SNLK,1035,1035,1035,1035,12400
12/28/2021,SOCI,202,206,200,200,11605900
12/28/2021,SOFA,47,48,46,46,1477100
12/28/2021,SOHO,6375,6500,6375,6400,15300
12/28/2021,SONA,5900,5900,5550,5550,200
12/28/2021,SOSS,376,388,376,386,4200
12/28/2021,SOSS-W,39,40,39,40,6700
12/28/2021,SOTS,278,286,262,262,36200
12/28/2021,SOTS-W,49,55,46,54,24700
12/28/2021,SPMA,735,755,730,745,1972800
12/28/2021,SPTO,645,645,640,640,149900
12/28/2021,SQMI,61,61,57,57,67563200
12/28/2021,SRAJ,350,350,316,320,2859100
12/28/2021,SRIL,146,146,146,146,0
12/28/2021,SRSN,54,55,54,54,741400
12/28/2021,SRTG,2880,2930,2810,2830,11881200
12/28/2021,SSIA,468,478,464,464,643500
12/28/2021,SSMS,975,995,955,960,12623000
12/28/2021,SSTM,820,820,820,820,400
12/28/2021,STAR,151,151,150,150,194100
12/28/2021,STTP,7750,7750,7750,7750,500
12/28/2021,SUGI,50,50,50,50,0
12/28/2021,SULI,50,50,50,50,1345200
12/28/2021,SUPR,15475,15475,15475,15475,6000
12/28/2021,SURE,2020,2020,1905,1975,2400
12/28/2021,SWAT,182,189,179,181,63839400
12/28/2021,TALF,298,348,298,304,15400
12/28/2021,TAMA,64,64,59,60,64923400
12/28/2021,TAMA-W,17,17,14,15,7274000
12/28/2021,TAMU,50,50,50,50,5300
12/28/2021,TAPG,630,640,625,635,16911200
12/28/2021,TARA,50,50,50,50,37900
12/28/2021,TAXI,50,50,50,50,0
12/28/2021,TAYS,210,210,198,198,3249200
12/28/2021,TBIG,3010,3030,3000,3000,31002500
12/28/2021,TBLA,795,815,785,795,902200
12/28/2021,TBMS,1700,1700,1700,1700,200
12/28/2021,TCID,5375,5500,5350,5350,1600
12/28/2021,TCPI,10100,10200,9975,10150,5538900
12/28/2021,TDPM,119,119,119,119,0
12/28/2021,TEBE,700,720,665,665,832000
12/28/2021,TECH,6650,7000,6650,6650,1961400
12/28/2021,TELE,121,121,121,121,0
12/28/2021,TFAS,5000,5000,4960,4960,12900
12/28/2021,TFCO,710,710,710,710,0
12/28/2021,TGKA,7100,7100,7075,7075,400
12/28/2021,TGRA,88,91,85,91,58647500
12/28/2021,TIFA,525,655,500,655,1011700
12/28/2021,TINS,1500,1510,1480,1480,8904400
12/28/2021,TIRA,440,454,438,448,21800
12/28/2021,TIRT,110,122,103,122,88810000
12/28/2021,TKIM,7850,7975,7625,7700,4133800
12/28/2021,TLKM,4080,4130,4050,4090,39443300
12/28/2021,TMAS,1375,1425,1350,1380,6924500
12/28/2021,TMPO,139,144,135,142,69000
12/28/2021,TNCA,2800,2800,2520,2520,5573800
12/28/2021,TOBA,1095,1155,1050,1095,13954300
12/28/2021,TOPS,50,52,50,51,189367300
12/28/2021,TOTL,320,322,318,318,150800
12/28/2021,TOTO,222,226,218,220,421900
12/28/2021,TOWR,1160,1165,1135,1140,33703700
12/28/2021,TOYS,256,258,244,246,33473900
12/28/2021,TOYS-W,32,32,30,30,6315000
12/28/2021,TPIA,7250,7300,7250,7250,981200
12/28/2021,TPMA,384,410,384,410,15621600
12/28/2021,TRAM,50,50,50,50,0
12/28/2021,TRIL,50,50,50,50,0
12/28/2021,TRIM,368,384,368,370,27852800
12/28/2021,TRIN,242,254,240,248,13292000
12/28/2021,TRIN-W,24,24,21,22,1471800
12/28/2021,TRIO,426,426,426,426,0
12/28/2021,TRIS,234,236,226,236,446300
12/28/2021,TRIS-W,6,6,6,6,0
12/28/2021,TRJA,448,452,444,448,5090700
12/28/2021,TRST,580,580,580,580,400
12/28/2021,TRUE,104,107,104,104,7763600
12/28/2021,TRUE-W,19,19,18,19,7192200
12/28/2021,TRUK,162,193,160,170,152696400
12/28/2021,TRUS,422,422,422,422,0
12/28/2021,TSPC,1480,1480,1465,1465,382200
12/28/2021,TUGU,1605,1610,1590,1600,85900
12/28/2021,TURI,1270,1270,1270,1270,28400
12/28/2021,UANG,805,805,805,805,0
12/28/2021,UCID,1450,1460,1445,1455,18600
12/28/2021,UFOE,1675,1720,1605,1660,226500
12/28/2021,ULTJ,1565,1565,1555,1555,179000
12/28/2021,UNIC,11775,12125,11775,12000,3100
12/28/2021,UNIQ,91,91,88,89,464800
12/28/2021,UNIT,316,316,316,316,0
12/28/2021,UNSP,110,111,109,111,339400
12/28/2021,UNTR,22025,23050,22025,22950,8122200
12/28/2021,UNVR,4210,4230,4180,4180,7006900
12/28/2021,URBN,640,640,565,600,214700
12/28/2021,UVCR,430,434,420,430,7557400
12/28/2021,UVCR-W,165,168,161,163,196400
12/28/2021,VICI,520,520,510,515,2543800
12/28/2021,VICO,242,270,240,244,4923200
12/28/2021,VINS,169,176,163,166,1166500
12/28/2021,VIVA,50,50,50,50,1907300
12/28/2021,VOKS,186,186,181,183,15400
12/28/2021,VRNA,164,166,161,161,587900
12/28/2021,WAPO,185,188,183,184,895600
12/28/2021,WEGE,197,199,193,193,8943400
12/28/2021,WEHA,214,218,204,204,10222300
12/28/2021,WGSH,200,206,195,196,11436400
12/28/2021,WICO,410,410,410,410,0
12/28/2021,WIFI,550,565,540,550,49143200
12/28/2021,WIFI-W,248,248,189,236,24600
12/28/2021,WIIM,446,446,422,434,3729600
12/28/2021,WIKA,1135,1150,1110,1130,22979500
12/28/2021,WINS,204,206,196,202,15254100
12/28/2021,WMPP,152,155,151,151,29299300
12/28/2021,WMUU,158,161,155,156,21090300
12/28/2021,WOMF,250,254,236,242,252600
12/28/2021,WOOD,810,820,795,795,1601000
12/28/2021,WOWS,63,67,62,65,228436400
12/28/2021,WSBP,116,118,113,114,22239700
12/28/2021,WSKT,690,700,670,670,51745700
12/28/2021,WTON,256,260,250,250,5405400
12/28/2021,XAFA,1054,1059,1054,1058,4100
12/28/2021,XAQA,934,934,934,934,0
12/28/2021,XBES,968,968,968,968,0
12/28/2021,XBID,527,527,527,527,0
12/28/2021,XBIG,531,531,525,525,300
12/28/2021,XBIN,497,497,497,497,0
12/28/2021,XBLQ,470,470,470,470,0
12/28/2021,XBNI,1047,1047,1031,1031,300
12/28/2021,XBSK,386,386,386,386,0
12/28/2021,XCID,84,84,83,83,1000
12/28/2021,XCIS,105,105,105,105,0
12/28/2021,XCLQ,97,98,97,98,4800
12/28/2021,XDIF,467,467,467,467,0
12/28/2021,XDSG,982,982,982,982,0
12/28/2021,XFES,137,137,137,137,0
12/28/2021,XIFE,104,104,101,101,2100
12/28/2021,XIHD,494,499,494,497,11100
12/28/2021,XIIC,979,979,979,979,200
12/28/2021,XIID,520,520,520,520,0
12/28/2021,XIIF,530,540,530,540,600
12/28/2021,XIIT,530,535,527,535,17100
12/28/2021,XIJI,600,605,600,601,33700
12/28/2021,XILV,114,114,114,114,0
12/28/2021,XIML,261,262,261,261,18300
12/28/2021,XIPI,182,182,181,181,25900
12/28/2021,XISB,398,398,398,398,0
12/28/2021,XISC,690,690,690,690,600
12/28/2021,XISI,330,330,330,330,3300
12/28/2021,XISR,385,385,384,384,6100
12/28/2021,XKIV,460,460,460,460,0
12/28/2021,XKMS,1086,1091,1086,1091,300
12/28/2021,XMIG,180,180,176,176,200
12/28/2021,XMJM,1001,1001,1001,1001,0
12/28/2021,XMTS,477,477,477,477,0
12/28/2021,XNVE,144,145,144,145,10200
12/28/2021,XPCR,885,885,885,885,0
12/28/2021,XPDV,474,474,474,474,0
12/28/2021,XPES,385,385,383,383,700
12/28/2021,XPFT,524,524,524,524,0
12/28/2021,XPID,515,515,515,515,0
12/28/2021,XPLC,452,452,452,452,0
12/28/2021,XPLQ,476,476,476,476,0
12/28/2021,XPMI,975,985,975,985,100500
12/28/2021,XPSG,383,383,383,383,0
12/28/2021,XPTD,500,500,500,500,0
12/28/2021,XSBC,108,108,108,108,0
12/28/2021,XSMU,141,141,141,141,300
12/28/2021,XSPI,750,750,750,750,0
12/28/2021,XSRI,186,186,186,186,0
12/28/2021,XSSI,80,80,79,79,1600
12/28/2021,XSSK,644,644,644,644,0
12/28/2021,YELO,137,138,128,128,64217600
12/28/2021,YPAS,1010,1040,920,920,104600
12/28/2021,YULE,1100,1240,1090,1240,78900
12/28/2021,ZBRA,650,655,645,655,343200
12/28/2021,ZINC,104,106,103,103,654491700
12/28/2021,ZONE,408,410,408,410,136600
12/28/2021,ZYRX,530,535,520,525,6910200
12/28/2021,ZYRX-W,89,90,83,85,728900
