<date>,<ticker>,<open>,<high>,<low>,<close>,<volume>
8/19/2021,IHSG,6110.55,6111.012,5958.044,5992.322,224194930
8/19/2021,AALI,8375,8375,8175,8300,2321700
8/19/2021,ABBA,550,560,520,530,53759100
8/19/2021,ABDA,6950,6950,6950,6950,0
8/19/2021,ABMM,1345,1400,1250,1305,323900
8/19/2021,ACES,1500,1500,1420,1450,6932500
8/19/2021,ACST,264,264,244,244,70974300
8/19/2021,ADES,2700,2700,2520,2600,327000
8/19/2021,ADHI,700,700,675,680,14811100
8/19/2021,ADMF,7750,7750,7675,7700,424000
8/19/2021,ADMG,210,214,202,206,5187200
8/19/2021,ADRO,1340,1355,1295,1295,61887100
8/19/2021,AGAR,398,398,382,382,27200
8/19/2021,AGII,1310,1350,1250,1300,12911400
8/19/2021,AGRO,2120,2170,1980,2000,135264900
8/19/2021,AGRS,272,272,256,256,27735900
8/19/2021,AHAP,58,59,57,57,341000
8/19/2021,AIMS,360,360,338,350,57800
8/19/2021,AISA,208,210,200,200,18799500
8/19/2021,AKKU,50,50,50,50,2800
8/19/2021,AKPI,600,615,590,615,21300
8/19/2021,AKRA,3690,3700,3570,3600,15902700
8/19/2021,AKSI,424,440,424,440,22000
8/19/2021,ALDO,830,855,770,770,18376800
8/19/2021,ALKA,222,230,220,226,9400
8/19/2021,ALMI,246,246,232,246,2500
8/19/2021,ALTO,324,324,324,324,5800
8/19/2021,AMAG,302,316,300,308,384900
8/19/2021,AMAN,446,458,434,442,7593200
8/19/2021,AMAR,282,306,270,300,13052100
8/19/2021,AMFG,3810,3810,3810,3810,1600
8/19/2021,AMIN,180,184,171,183,66200
8/19/2021,AMOR,3490,3550,3310,3370,762000
8/19/2021,AMRT,1310,1345,1220,1230,32771000
8/19/2021,ANDI,50,50,50,50,5700
8/19/2021,ANJT,690,690,680,680,53700
8/19/2021,ANTM,2380,2380,2270,2270,131304600
8/19/2021,APEX,535,565,525,530,9700
8/19/2021,APIC,850,855,835,840,8098300
8/19/2021,APII,177,178,176,177,112300
8/19/2021,APLI,214,214,202,212,2600
8/19/2021,APLN,126,126,121,123,10686900
8/19/2021,ARCI,620,625,600,625,29110500
8/19/2021,ARGO,1735,1750,1735,1750,1900
8/19/2021,ARII,298,298,286,292,83400
8/19/2021,ARKA,50,50,50,50,11777800
8/19/2021,ARMY,50,50,50,50,0
8/19/2021,ARNA,815,815,800,815,833600
8/19/2021,ARTA,980,1010,960,970,446700
8/19/2021,ARTI,50,50,50,50,4100
8/19/2021,ARTO,16800,16900,15850,16000,16060800
8/19/2021,ASBI,278,280,268,278,54700
8/19/2021,ASDM,1030,1050,1010,1040,234000
8/19/2021,ASGR,690,695,685,685,575300
8/19/2021,ASII,5225,5275,5075,5150,53594900
8/19/2021,ASJT,141,141,132,132,2461500
8/19/2021,ASMI,264,264,246,246,11200
8/19/2021,ASPI,50,50,50,50,148000
8/19/2021,ASPI-W,12,13,11,13,607900
8/19/2021,ASRI,158,161,152,152,28672500
8/19/2021,ASRM,1520,1545,1520,1545,700
8/19/2021,ASSA,2700,2880,2540,2590,36755700
8/19/2021,ATAP,104,104,102,103,104500
8/19/2021,ATIC,820,840,770,790,1283800
8/19/2021,AUTO,1030,1050,1010,1010,1341400
8/19/2021,AYLS,65,65,60,62,5003200
8/19/2021,BABP,378,390,374,374,498758100
8/19/2021,BABP-W3,290,290,262,262,58500
8/19/2021,BABP-W4,360,360,290,324,181500
8/19/2021,BACA,448,458,428,436,105582300
8/19/2021,BACA-W2,342,342,342,342,0
8/19/2021,BAJA,400,400,380,394,2336900
8/19/2021,BALI,750,805,715,720,3796800
8/19/2021,BANK,3760,3950,3590,3700,129003400
8/19/2021,BANK-W,3670,3750,3570,3570,6800
8/19/2021,BAPA,50,50,50,50,1400
8/19/2021,BAPI,50,50,50,50,7100
8/19/2021,BAPI-W,5,5,4,5,2865000
8/19/2021,BATA,820,830,745,745,32100
8/19/2021,BAYU,960,960,960,960,400
8/19/2021,BBCA,33000,33000,32650,33000,20185200
8/19/2021,BBHI,2160,2300,2040,2090,7855100
8/19/2021,BBKP,545,545,545,545,35725400
8/19/2021,BBLD,416,416,410,410,400
8/19/2021,BBMD,1585,1590,1580,1585,14500
8/19/2021,BBNI,5400,5425,5175,5300,47966100
8/19/2021,BBRI,4000,4020,3860,3880,198373600
8/19/2021,BBRM,50,50,50,50,11100
8/19/2021,BBSI,5800,6125,5525,5950,85600
8/19/2021,BBSS,50,50,50,50,130400
8/19/2021,BBTN,1425,1430,1335,1370,71127500
8/19/2021,BBYB,1350,1390,1330,1330,102579500
8/19/2021,BCAP,118,120,111,112,70080600
8/19/2021,BCIC,670,855,640,640,4843000
8/19/2021,BCIP,54,54,52,53,2440500
8/19/2021,BDMN,2300,2320,2210,2230,4017900
8/19/2021,BEBS,452,530,402,488,139471400
8/19/2021,BEEF,84,84,78,78,10332000
8/19/2021,BEKS,99,100,93,95,287967800
8/19/2021,BELL,129,129,122,124,177800
8/19/2021,BESS,725,725,675,675,33100
8/19/2021,BESS-W,660,660,482,492,4200
8/19/2021,BEST,123,124,119,120,23743900
8/19/2021,BFIN,970,1005,915,945,140223600
8/19/2021,BGTG,240,240,224,224,120938500
8/19/2021,BHAT,760,760,760,760,0
8/19/2021,BHIT,93,95,88,90,329791600
8/19/2021,BIKA,290,300,266,266,350900
8/19/2021,BIMA,170,170,146,146,13864900
8/19/2021,BINA,3680,3680,3460,3460,3252100
8/19/2021,BIPI,50,50,50,50,191600
8/19/2021,BIPI-W,8,9,8,8,329300
8/19/2021,BIPP,52,54,52,53,707900
8/19/2021,BIRD,1085,1090,1020,1030,552900
8/19/2021,BISI,1040,1045,990,1000,415900
8/19/2021,BJBR,1270,1270,1235,1240,3613000
8/19/2021,BJTM,735,735,705,710,8219100
8/19/2021,BKDP,50,50,50,50,126400
8/19/2021,BKSL,54,55,53,53,49348800
8/19/2021,BKSW,242,264,226,226,161648100
8/19/2021,BLTA,50,50,50,50,1600
8/19/2021,BLTZ,3770,3770,3770,3770,100
8/19/2021,BLUE,705,710,690,695,153200
8/19/2021,BMAS,1320,1320,1275,1310,120500
8/19/2021,BMHS,995,1015,970,1000,15939800
8/19/2021,BMRI,6100,6100,5800,5850,50988400
8/19/2021,BMSR,122,133,121,129,685900
8/19/2021,BMTR,272,272,264,264,53497700
8/19/2021,BNBA,1000,1125,995,1005,21786000
8/19/2021,BNBR,50,50,50,50,60800
8/19/2021,BNGA,970,980,935,950,9558500
8/19/2021,BNII,340,346,338,340,3091600
8/19/2021,BNLI,1790,1800,1750,1765,613400
8/19/2021,BOGA,1400,1430,1400,1410,120318200
8/19/2021,BOLA,1110,1110,1110,1110,0
8/19/2021,BOLT,630,630,630,630,1000
8/19/2021,BOSS,67,69,63,63,12293000
8/19/2021,BPFI,1050,1050,1050,1050,0
8/19/2021,BPII,4900,4900,4900,4900,0
8/19/2021,BPTR,119,120,111,112,420900
8/19/2021,BRAM,5750,5750,5750,5750,0
8/19/2021,BRIS,2170,2190,2040,2060,60158100
8/19/2021,BRMS,89,91,86,89,404853400
8/19/2021,BRMS-W,20,21,18,19,480137600
8/19/2021,BRNA,1400,1430,1400,1430,700
8/19/2021,BRPT,1130,1135,1060,1080,54654600
8/19/2021,BSDE,910,920,895,905,35109900
8/19/2021,BSIM,1245,1270,1150,1160,3353900
8/19/2021,BSSR,1710,1790,1680,1690,30500
8/19/2021,BSWD,1750,1750,1750,1750,0
8/19/2021,BTEK,50,50,50,50,200
8/19/2021,BTEL,50,50,50,50,0
8/19/2021,BTON,452,452,426,450,50300
8/19/2021,BTPN,2850,2860,2780,2820,53500
8/19/2021,BTPS,2800,2810,2610,2660,11025800
8/19/2021,BUDI,183,183,173,175,13556700
8/19/2021,BUKA,815,900,775,895,1987572800
8/19/2021,BUKK,1045,1045,1035,1040,12000
8/19/2021,BULL,248,250,244,250,509339800
8/19/2021,BULL-W2,37,70,21,30,7299700
8/19/2021,BUMI,54,55,52,53,152377300
8/19/2021,BUVA,60,60,60,60,0
8/19/2021,BVIC,161,165,151,154,33314200
8/19/2021,BWPT,79,79,74,75,22484400
8/19/2021,BYAN,14975,15025,14925,14950,106200
8/19/2021,CAKK,69,70,68,68,1275200
8/19/2021,CAMP,326,368,316,356,75363900
8/19/2021,CANI,163,163,163,163,8900
8/19/2021,CARE,388,398,384,392,435659100
8/19/2021,CARS,50,50,50,50,1219400
8/19/2021,CASA,392,392,392,392,24500
8/19/2021,CASH,202,202,194,194,4648900
8/19/2021,CASS,320,324,318,324,15525900
8/19/2021,CBMF,50,50,50,50,591300
8/19/2021,CCSI,430,430,388,418,1970900
8/19/2021,CEKA,1800,1800,1785,1785,43500
8/19/2021,CENT,348,364,324,324,333815200
8/19/2021,CFIN,280,282,276,276,2826800
8/19/2021,CINT,192,199,185,196,36700
8/19/2021,CITA,2970,3000,2970,3000,1000
8/19/2021,CITY,147,147,129,138,43600
8/19/2021,CITY-W,38,38,28,33,452000
8/19/2021,CLAY,755,885,715,760,18200
8/19/2021,CLEO,456,456,444,448,5688700
8/19/2021,CLPI,1040,1040,1010,1020,149100
8/19/2021,CMNP,1685,1685,1630,1650,54000
8/19/2021,CMNP-W,705,715,705,715,1300
8/19/2021,CMPP,184,184,184,184,0
8/19/2021,CNKO,50,50,50,50,0
8/19/2021,CNTB,250,250,250,250,0
8/19/2021,CNTX,195,195,185,185,3300
8/19/2021,COCO,312,312,292,294,8445100
8/19/2021,COCO-W,250,250,250,250,0
8/19/2021,COWL,50,50,50,50,0
8/19/2021,CPIN,6450,6700,6450,6500,13761900
8/19/2021,CPRI,50,50,50,50,11900
8/19/2021,CPRI-W,12,13,11,12,221400
8/19/2021,CPRO,50,50,50,50,200
8/19/2021,CSAP,505,550,498,530,230500
8/19/2021,CSIS,65,69,65,69,1076900
8/19/2021,CSMI,3400,3400,3400,3400,0
8/19/2021,CSRA,316,316,298,300,290900
8/19/2021,CTBN,2740,2750,2740,2750,700
8/19/2021,CTRA,900,910,845,860,34051700
8/19/2021,CTTH,50,50,50,50,91400
8/19/2021,DADA,51,51,50,50,49663000
8/19/2021,DADA-W,14,14,12,13,175840300
8/19/2021,DART,202,218,195,218,3300
8/19/2021,DAYA,242,244,232,242,97300
8/19/2021,DCII,43925,43925,41100,41100,3600
8/19/2021,DEAL,50,52,50,51,33936600
8/19/2021,DEAL-W,29,29,16,23,2164400
8/19/2021,DEFI,1680,1680,1680,1680,0
8/19/2021,DEWA,50,50,50,50,67300
8/19/2021,DFAM,121,123,113,120,6264000
8/19/2021,DGIK,78,80,77,77,8343300
8/19/2021,DGNS,815,825,760,760,25396300
8/19/2021,DIGI,1000,1185,885,885,2125700
8/19/2021,DILD,156,158,149,150,9495500
8/19/2021,DIVA,5025,5050,4680,4720,1548600
8/19/2021,DKFT,134,135,128,131,9493100
8/19/2021,DLTA,3800,3840,3780,3790,37400
8/19/2021,DMAS,178,179,175,176,20165700
8/19/2021,DMMX,3250,3300,3030,3260,38788100
8/19/2021,DMND,740,740,725,735,800
8/19/2021,DNAR,274,284,274,274,21657100
8/19/2021,DNET,3200,3300,3200,3300,116200
8/19/2021,DOID,300,308,294,296,54920400
8/19/2021,DPNS,362,362,338,358,130200
8/19/2021,DPUM,50,50,50,50,0
8/19/2021,DSFI,75,75,73,73,346900
8/19/2021,DSNG,525,525,498,498,18126500
8/19/2021,DSSA,17500,17500,17500,17500,0
8/19/2021,DUCK,159,159,148,148,20912300
8/19/2021,DUTI,3400,3400,3400,3400,0
8/19/2021,DVLA,2400,2410,2360,2360,31700
8/19/2021,DWGL,187,192,181,187,63100
8/19/2021,DWGL-W,40,42,37,37,119800
8/19/2021,DYAN,59,59,57,57,3831600
8/19/2021,EAST,59,59,58,58,346900
8/19/2021,EAST-W,7,8,7,8,3792500
8/19/2021,ECII,980,980,980,980,10000
8/19/2021,EDGE,25025,25100,24525,24700,19000
8/19/2021,EKAD,1425,1435,1415,1415,765800
8/19/2021,ELSA,260,260,250,250,40530500
8/19/2021,ELTY,50,50,50,50,200
8/19/2021,EMDE,197,198,185,197,15600
8/19/2021,EMTK,1955,1990,1840,1880,158881800
8/19/2021,ENRG,110,110,104,105,50954800
8/19/2021,ENVY,50,50,50,50,0
8/19/2021,ENZO,50,50,50,50,18600
8/19/2021,ENZO-W,13,14,12,12,2868100
8/19/2021,EPAC,50,50,50,50,367600
8/19/2021,EPMT,2310,2350,2280,2290,149100
8/19/2021,ERAA,580,605,580,600,93185000
8/19/2021,ERTX,171,181,165,173,244600
8/19/2021,ESIP,63,63,59,61,984600
8/19/2021,ESIP-W,8,9,8,9,1962600
8/19/2021,ESSA,332,346,320,324,74799600
8/19/2021,ESTA,96,97,95,97,54200
8/19/2021,ESTI,104,110,103,109,3071000
8/19/2021,ETWA,62,62,62,62,0
8/19/2021,EXCL,2650,2650,2550,2600,28576300
8/19/2021,FAPA,2870,2880,2870,2870,6700
8/19/2021,FAST,995,995,975,975,2000
8/19/2021,FASW,7600,7600,7600,7600,0
8/19/2021,FILM,376,380,354,356,8360000
8/19/2021,FIMP,54,54,49,50,543800
8/19/2021,FIMP-W,15,15,14,15,319600
8/19/2021,FIRE,480,488,470,474,2250100
8/19/2021,FISH,13075,13075,13075,13075,0
8/19/2021,FITT,137,141,130,137,13718100
8/19/2021,FITT-W,36,37,33,37,116000
8/19/2021,FLMC,430,436,426,432,1898100
8/19/2021,FMII,450,450,414,448,10400
8/19/2021,FOOD,92,93,86,88,2879000
8/19/2021,FORU,151,158,149,150,54400
8/19/2021,FORZ,50,50,50,50,1100
8/19/2021,FPNI,266,266,246,248,15351200
8/19/2021,FREN,120,127,114,123,2735174700
8/19/2021,FREN-W,51,52,48,49,5037600
8/19/2021,FREN-W2,61,65,59,64,446525600
8/19/2021,FUJI,322,322,300,320,34000
8/19/2021,GAMA,50,50,50,50,0
8/19/2021,GDST,98,103,96,96,14524100
8/19/2021,GDYR,1460,1530,1460,1460,16800
8/19/2021,GEMA,354,354,354,354,0
8/19/2021,GEMS,3520,3560,3440,3440,40600
8/19/2021,GGRM,30875,30900,30175,30200,1621100
8/19/2021,GGRP,440,440,440,440,200
8/19/2021,GHON,2250,2250,2200,2210,9100
8/19/2021,GIAA,222,222,222,222,0
8/19/2021,GJTL,800,815,750,755,21961800
8/19/2021,GLOB,180,180,172,178,97300
8/19/2021,GLVA,288,298,284,288,305900
8/19/2021,GMFI,74,75,73,73,887300
8/19/2021,GMTD,16725,16725,16725,16725,0
8/19/2021,GOLD,520,525,490,490,390700
8/19/2021,GOLL,50,50,50,50,0
8/19/2021,GOOD,374,374,358,368,9170400
8/19/2021,GPRA,60,61,59,60,474200
8/19/2021,GSMF,240,250,228,234,543200
8/19/2021,GTBO,75,75,75,75,0
8/19/2021,GWSA,127,129,126,128,980400
8/19/2021,GZCO,50,50,50,50,2300
8/19/2021,HADE,50,50,50,50,0
8/19/2021,HDFA,198,212,190,195,126700
8/19/2021,HDIT,448,450,418,418,5047000
8/19/2021,HDTX,120,120,120,120,0
8/19/2021,HEAL,1120,1145,1110,1130,12704500
8/19/2021,HELI,360,360,358,358,2100
8/19/2021,HERO,1820,1820,1810,1810,1900
8/19/2021,HEXA,3590,3600,3560,3590,175100
8/19/2021,HITS,350,350,350,350,400
8/19/2021,HKMU,64,77,63,69,396916800
8/19/2021,HMSP,985,990,960,965,62029200
8/19/2021,HOKI,206,208,192,192,103212000
8/19/2021,HOME,50,50,50,50,0
8/19/2021,HOMI,1980,1980,1950,1965,62300
8/19/2021,HOPE,118,138,118,133,134158000
8/19/2021,HOPE-W,19,22,18,22,60391600
8/19/2021,HOTL,50,50,50,50,200
8/19/2021,HRME,55,55,53,54,3416000
8/19/2021,HRTA,246,248,234,238,9247000
8/19/2021,HRUM,5100,5125,4860,4860,7670200
8/19/2021,IATA,50,50,50,50,700
8/19/2021,IBFN,89,93,85,85,64600
8/19/2021,IBFN-W,5,8,5,7,4378400
8/19/2021,IBST,4660,4660,4660,4660,0
8/19/2021,ICBP,8350,8375,8150,8150,4775800
8/19/2021,ICON,96,96,95,95,1173200
8/19/2021,IDPR,286,306,266,266,83800800
8/19/2021,IFII,151,155,149,153,2273300
8/19/2021,IFSH,1180,1200,1145,1190,15600
8/19/2021,IGAR,428,434,426,432,184500
8/19/2021,IIKP,50,50,50,50,0
8/19/2021,IKAI,50,50,50,50,100
8/19/2021,IKAN,103,104,101,102,8035000
8/19/2021,IKBI,240,240,240,240,200
8/19/2021,IMAS,900,985,885,935,33345200
8/19/2021,IMJS,344,402,340,378,211113100
8/19/2021,IMPC,2050,2060,2010,2030,2214000
8/19/2021,INAF,2390,2390,2340,2340,758500
8/19/2021,INAI,296,328,296,310,50800
8/19/2021,INCF,159,159,159,159,71500
8/19/2021,INCI,710,730,710,715,91500
8/19/2021,INCO,5050,5050,4930,4970,15289600
8/19/2021,INDF,6375,6400,6175,6250,6790800
8/19/2021,INDO,133,135,128,130,511900
8/19/2021,INDO-W,37,42,33,35,150500
8/19/2021,INDR,4070,4160,4030,4110,39000
8/19/2021,INDS,1920,1920,1875,1900,1100
8/19/2021,INDX,87,117,85,95,67925400
8/19/2021,INDY,1400,1430,1310,1320,42485200
8/19/2021,INKP,6375,6425,6200,6250,6939600
8/19/2021,INOV,169,169,164,164,181300
8/19/2021,INPC,155,161,151,154,24471200
8/19/2021,INPC-W,62,66,60,60,10688600
8/19/2021,INPP,700,700,695,700,2800
8/19/2021,INPS,1590,1630,1490,1630,4700
8/19/2021,INRU,740,740,740,740,0
8/19/2021,INTA,81,87,76,86,57300
8/19/2021,INTD,194,230,194,220,387900
8/19/2021,INTP,11200,11200,10800,11025,3515300
8/19/2021,IPAC,190,190,180,189,13900
8/19/2021,IPCC,585,600,560,560,24202500
8/19/2021,IPCM,348,354,328,330,18363600
8/19/2021,IPOL,167,171,163,163,5577700
8/19/2021,IPTV,240,246,236,240,32844200
8/19/2021,IRRA,1820,1840,1755,1755,5807600
8/19/2021,ISAT,5975,6350,5950,6100,4699100
8/19/2021,ISSP,292,294,280,282,30165300
8/19/2021,ITIC,278,278,260,260,11232700
8/19/2021,ITMA,565,580,545,555,24100
8/19/2021,ITMA-W,74,74,74,74,100
8/19/2021,ITMG,16400,16550,15550,16000,6442600
8/19/2021,JAST,163,170,161,161,4066300
8/19/2021,JAWA,130,133,119,122,6775000
8/19/2021,JAYA,113,115,108,109,3922300
8/19/2021,JECC,6825,7775,6400,6450,5500
8/19/2021,JGLE,50,50,50,50,0
8/19/2021,JIHD,420,420,416,416,13700
8/19/2021,JKON,139,141,139,139,11441300
8/19/2021,JKSW,60,60,60,60,0
8/19/2021,JMAS,168,179,160,165,365700
8/19/2021,JPFA,1685,1730,1590,1615,38171000
8/19/2021,JRPT,476,480,472,476,1433000
8/19/2021,JSKY,141,142,131,134,21986500
8/19/2021,JSMR,4000,4020,3880,3970,3128800
8/19/2021,JSPT,805,805,800,800,10600
8/19/2021,JTPE,1095,1095,1090,1090,143200
8/19/2021,KAEF,2370,2420,2300,2320,2740300
8/19/2021,KARW,84,100,79,81,19192000
8/19/2021,KAYU,56,64,56,61,60273500
8/19/2021,KBAG,50,50,50,50,889500
8/19/2021,KBAG-W,9,9,8,9,40472100
8/19/2021,KBLI,320,324,312,324,537200
8/19/2021,KBLM,204,204,199,199,78200
8/19/2021,KBLV,860,865,805,805,101300
8/19/2021,KBRI,50,50,50,50,0
8/19/2021,KDSI,900,900,890,890,29400
8/19/2021,KEEN,428,430,414,426,1496200
8/19/2021,KEJU,1290,1300,1275,1290,129200
8/19/2021,KIAS,50,50,50,50,1000
8/19/2021,KICI,186,187,176,184,33500
8/19/2021,KIJA,169,169,165,168,10589700
8/19/2021,KINO,2250,2250,2200,2220,550300
8/19/2021,KIOS,1180,1185,1095,1095,19677300
8/19/2021,KJEN,438,438,438,438,100
8/19/2021,KKGI,294,294,274,274,726200
8/19/2021,KLBF,1300,1300,1240,1250,31387700
8/19/2021,KMDS,468,480,440,480,28200
8/19/2021,KMTR,350,368,350,366,1060300
8/19/2021,KOBX,159,190,157,158,58255600
8/19/2021,KOIN,158,158,158,158,16500
8/19/2021,KONI,900,900,860,880,7100
8/19/2021,KOPI,520,580,520,580,58000
8/19/2021,KOTA,212,220,198,220,314437500
8/19/2021,KOTA-W,109,134,109,118,52000
8/19/2021,KPAL,50,50,50,50,400
8/19/2021,KPAS,63,66,62,64,2128700
8/19/2021,KPAS-W,12,18,11,14,13141800
8/19/2021,KPIG,115,117,110,111,150868200
8/19/2021,KRAH,436,436,436,436,0
8/19/2021,KRAS,480,482,474,474,18462400
8/19/2021,KREN,160,162,149,150,60423400
8/19/2021,LABA,715,735,700,710,17876300
8/19/2021,LABA-W,56,57,53,54,2676100
8/19/2021,LAND,71,71,65,66,1727900
8/19/2021,LAPD,50,50,50,50,0
8/19/2021,LCGP,114,114,114,114,0
8/19/2021,LCKM,298,300,298,300,4500
8/19/2021,LEAD,50,50,50,50,14400
8/19/2021,LFLO,69,73,68,70,545100
8/19/2021,LFLO-W,8,8,7,8,4413700
8/19/2021,LIFE,6300,6300,6300,6300,0
8/19/2021,LINK,4200,4200,4000,4070,1230000
8/19/2021,LION,350,350,348,350,3000
8/19/2021,LMAS,139,147,120,120,61016800
8/19/2021,LMPI,185,185,179,180,1668300
8/19/2021,LMSH,600,645,560,575,76200
8/19/2021,LPCK,885,885,860,870,567100
8/19/2021,LPGI,3570,3580,3560,3560,2100
8/19/2021,LPIN,434,434,404,408,519900
8/19/2021,LPKR,136,136,128,128,44915300
8/19/2021,LPLI,320,320,298,298,1148900
8/19/2021,LPPF,2140,2170,2060,2060,23444500
8/19/2021,LPPS,115,115,111,113,362400
8/19/2021,LRNA,183,185,182,185,7700
8/19/2021,LSIP,1150,1155,1095,1125,17866300
8/19/2021,LTLS,600,600,580,590,152400
8/19/2021,LUCK,200,200,191,192,2780500
8/19/2021,LUCY,43,43,39,40,67132400
8/19/2021,LUCY-W,10,10,9,10,4364400
8/19/2021,MABA,50,50,50,50,0
8/19/2021,MAGP,50,50,50,50,0
8/19/2021,MAIN,770,785,725,730,9215600
8/19/2021,MAMI,50,50,50,50,12300
8/19/2021,MAMI-W,6,7,5,6,2400400
8/19/2021,MAMIP,600,600,600,600,0
8/19/2021,MAPA,1860,1880,1750,1810,1052300
8/19/2021,MAPB,1420,1420,1420,1420,300
8/19/2021,MAPI,710,715,665,675,6538100
8/19/2021,MARI,500,515,486,500,201075700
8/19/2021,MARK,940,940,920,925,2550500
8/19/2021,MASA,2190,2190,2070,2100,16100
8/19/2021,MASB,3430,3430,3410,3420,219500
8/19/2021,MASB-W,322,330,250,296,554600
8/19/2021,MAYA,1050,1050,1000,1020,1512000
8/19/2021,MBAP,3190,3380,3130,3170,57100
8/19/2021,MBSS,600,610,595,605,3631000
8/19/2021,MBTO,126,126,120,125,253900
8/19/2021,MCAS,13900,14500,12900,14000,3456400
8/19/2021,MCOR,134,135,130,131,35203200
8/19/2021,MDIA,50,50,50,50,507100
8/19/2021,MDKA,2700,2750,2640,2670,60965700
8/19/2021,MDKI,202,206,200,202,1086800
8/19/2021,MDLN,51,51,51,51,0
8/19/2021,MDRN,50,50,50,50,0
8/19/2021,MEDC,450,454,432,434,91848800
8/19/2021,MEGA,7775,7800,7750,7775,4600
8/19/2021,MERK,3320,3340,3310,3320,81400
8/19/2021,META,130,133,128,128,7119100
8/19/2021,MFIN,1150,1150,1100,1140,68400
8/19/2021,MFMI,665,690,665,690,176100
8/19/2021,MGLV,98,98,93,96,112300
8/19/2021,MGLV-W,7,8,7,7,14760600
8/19/2021,MGNA,50,50,50,50,0
8/19/2021,MGRO,695,695,675,685,3130100
8/19/2021,MICE,384,384,376,376,90400
8/19/2021,MIDI,1780,1780,1780,1780,0
8/19/2021,MIKA,2300,2300,2220,2250,27205200
8/19/2021,MINA,50,50,50,50,19600
8/19/2021,MIRA,50,50,50,50,0
8/19/2021,MITI,96,99,93,94,2391100
8/19/2021,MKNT,50,50,50,50,1400
8/19/2021,MKPI,25000,25000,25000,25000,0
8/19/2021,MLBI,7225,7250,7000,7100,129900
8/19/2021,MLIA,1310,1370,1290,1320,6738100
8/19/2021,MLPL,408,424,408,408,261171500
8/19/2021,MLPT,3550,3650,3310,3510,7487000
8/19/2021,MMLP,635,640,600,615,39035600
8/19/2021,MNCN,860,865,810,820,74176700
8/19/2021,MOLI,1070,1110,1045,1110,15400
8/19/2021,MPMX,730,735,680,690,37929300
8/19/2021,MPOW,87,87,78,80,19864400
8/19/2021,MPPA,765,770,715,715,28065900
8/19/2021,MPRO,440,440,428,428,3800
8/19/2021,MRAT,394,396,374,374,477200
8/19/2021,MREI,4490,4490,4490,4490,300
8/19/2021,MSIN,540,545,498,498,28025900
8/19/2021,MSKY,380,380,376,380,149000
8/19/2021,MTDL,2470,2590,2380,2430,6094200
8/19/2021,MTFN,50,50,50,50,200
8/19/2021,MTLA,318,328,318,320,36400
8/19/2021,MTPS,128,142,128,131,8314200
8/19/2021,MTRA,244,244,244,244,0
8/19/2021,MTSM,177,193,165,179,14700
8/19/2021,MTWI,109,127,103,106,30682000
8/19/2021,MYOH,1455,1460,1440,1440,99800
8/19/2021,MYOR,2230,2230,2160,2170,6993900
8/19/2021,MYRX,50,50,50,50,0
8/19/2021,MYRXP,50,50,50,50,0
8/19/2021,MYTX,85,85,80,80,182500
8/19/2021,NASA,130,162,112,112,57395100
8/19/2021,NATO,580,600,580,595,222016800
8/19/2021,NATO-W,260,260,260,260,0
8/19/2021,NELY,195,195,191,191,391400
8/19/2021,NFCX,13300,13400,12275,13275,1664300
8/19/2021,NICK,442,448,420,438,929000
8/19/2021,NICL,144,147,144,144,303155600
8/19/2021,NICL-W,11,12,10,11,151928900
8/19/2021,NIKL,1050,1050,1015,1015,420100
8/19/2021,NIPS,282,282,282,282,0
8/19/2021,NIRO,153,153,140,147,501200
8/19/2021,NISP,700,705,700,700,872800
8/19/2021,NOBU,1100,1100,1045,1045,4774300
8/19/2021,NPGF,126,126,120,120,6837400
8/19/2021,NRCA,292,292,286,290,300700
8/19/2021,NUSA,50,50,50,50,0
8/19/2021,NZIA,151,152,145,148,64400
8/19/2021,OASA,250,250,226,240,83000
8/19/2021,OCAP,159,159,159,159,0
8/19/2021,OKAS,75,76,73,73,3397500
8/19/2021,OMRE,995,995,825,825,6700
8/19/2021,OPMS,320,334,318,324,4075600
8/19/2021,PADI,50,50,50,50,5500
8/19/2021,PALM,560,565,545,545,1817700
8/19/2021,PAMG,74,75,71,72,173700
8/19/2021,PANI,204,212,196,200,1048300
8/19/2021,PANR,120,147,120,125,21006400
8/19/2021,PANS,1250,1250,1225,1230,194000
8/19/2021,PBID,1800,1800,1750,1755,1509900
8/19/2021,PBRX,133,133,125,125,2528900
8/19/2021,PBSA,590,590,590,590,500
8/19/2021,PCAR,322,322,312,312,11000
8/19/2021,PDES,272,290,258,262,97600
8/19/2021,PEGE,1015,1015,1015,1015,0
8/19/2021,PEHA,1155,1165,1150,1155,546300
8/19/2021,PGAS,1020,1025,995,1000,127902100
8/19/2021,PGJO,77,77,72,76,100800
8/19/2021,PGLI,214,218,206,216,8300
8/19/2021,PGUN,206,206,198,198,10900
8/19/2021,PICO,117,120,113,119,60200
8/19/2021,PJAA,500,500,492,498,150400
8/19/2021,PKPK,59,59,57,57,2802300
8/19/2021,PLAN,28,29,27,29,2951200
8/19/2021,PLAN-W,8,9,8,9,826100
8/19/2021,PLAS,50,50,50,50,0
8/19/2021,PLIN,2450,2450,2450,2450,0
8/19/2021,PMJS,129,130,126,127,218000
8/19/2021,PMMP,488,490,458,466,19736500
8/19/2021,PNBN,790,790,765,770,6955900
8/19/2021,PNBS,109,112,105,105,230777100
8/19/2021,PNGO,1300,1325,1300,1325,2300
8/19/2021,PNIN,745,745,730,745,714500
8/19/2021,PNLF,191,192,182,183,40099000
8/19/2021,PNSE,372,408,372,384,2800
8/19/2021,POLA,148,149,147,147,25100
8/19/2021,POLA-W,73,73,51,59,2364400
8/19/2021,POLI,795,800,740,760,27600
8/19/2021,POLL,3910,3950,3910,3910,4123100
8/19/2021,POLU,272,276,264,270,3900
8/19/2021,POLY,55,56,52,53,5706500
8/19/2021,POOL,50,50,50,50,0
8/19/2021,PORT,570,570,545,545,7200
8/19/2021,POSA,50,50,50,50,0
8/19/2021,POWR,610,625,610,610,10224500
8/19/2021,PPGL,71,71,68,70,6768000
8/19/2021,PPGL-W,10,11,9,11,442600
8/19/2021,PPRE,181,181,171,172,5945100
8/19/2021,PPRO,67,68,66,66,37908400
8/19/2021,PRAS,185,189,183,184,130100
8/19/2021,PRDA,7025,7125,6700,6925,3187200
8/19/2021,PRIM,328,328,294,298,4263700
8/19/2021,PSAB,164,166,160,163,7082100
8/19/2021,PSDN,166,172,156,158,71200
8/19/2021,PSGO,150,155,146,155,16300
8/19/2021,PSKT,50,50,50,50,200
8/19/2021,PSSI,270,272,260,270,4717200
8/19/2021,PTBA,2250,2270,2130,2150,43424500
8/19/2021,PTDU,456,456,456,456,131300
8/19/2021,PTIS,342,342,342,342,6600
8/19/2021,PTPP,855,865,820,825,25391800
8/19/2021,PTPW,865,865,865,865,142300
8/19/2021,PTRO,2030,2070,1975,1980,1319000
8/19/2021,PTSN,292,292,262,262,10693500
8/19/2021,PTSP,5400,5400,5400,5400,0
8/19/2021,PUDP,272,350,266,268,892500
8/19/2021,PURA,50,50,50,50,1848400
8/19/2021,PURA-W,7,7,6,7,5769200
8/19/2021,PURE,81,88,81,84,4015800
8/19/2021,PURI,320,398,320,398,9300
8/19/2021,PWON,448,450,430,432,79965600
8/19/2021,PYFA,1150,1215,1145,1200,1423000
8/19/2021,PZZA,695,710,665,685,621600
8/19/2021,R-ABFII,28600,28600,28600,28600,0
8/19/2021,R-LQ45X,910,915,901,906,40000
8/19/2021,RAJA,188,190,183,185,3835300
8/19/2021,RALS,650,655,615,625,8278900
8/19/2021,RANC,1765,1765,1640,1700,2815600
8/19/2021,RBMS,51,51,50,50,2349800
8/19/2021,RDTX,6800,6800,6800,6800,1900
8/19/2021,REAL,115,121,94,118,2675435100
8/19/2021,RELI,288,342,288,342,61500
8/19/2021,RICY,92,93,84,86,987700
8/19/2021,RIGS,202,204,200,200,227800
8/19/2021,RIMO,50,50,50,50,0
8/19/2021,RISE,386,386,384,384,238500
8/19/2021,RMBA,306,306,306,306,0
8/19/2021,ROCK,685,685,685,685,300
8/19/2021,RODA,79,84,79,83,2510000
8/19/2021,RONY,220,220,220,220,1000
8/19/2021,ROTI,1320,1330,1315,1330,69000
8/19/2021,RUIS,212,216,210,210,11300
8/19/2021,SAFE,186,194,181,190,25700
8/19/2021,SAME,515,560,515,515,222726000
8/19/2021,SAMF,885,885,850,855,521200
8/19/2021,SAPX,1025,1035,1010,1015,10400
8/19/2021,SATU,53,54,52,53,1748800
8/19/2021,SBAT,50,50,50,50,196400
8/19/2021,SBAT-W,12,13,11,13,3745800
8/19/2021,SCCO,11200,11200,11175,11200,1300
8/19/2021,SCMA,1740,1790,1650,1775,17349300
8/19/2021,SCNP,324,344,320,320,1623900
8/19/2021,SCPI,29000,29000,29000,29000,0
8/19/2021,SDMU,50,51,50,50,135300
8/19/2021,SDPC,123,135,123,129,76500
8/19/2021,SDRA,895,895,835,855,265200
8/19/2021,SFAN,1295,1295,1285,1290,377100
8/19/2021,SGER,470,490,446,466,2490700
8/19/2021,SGER-W,332,332,304,306,33500
8/19/2021,SGRO,1850,1850,1810,1815,61700
8/19/2021,SHID,840,840,840,840,0
8/19/2021,SHIP,685,695,680,690,1069800
8/19/2021,SIDO,790,805,790,790,9973200
8/19/2021,SILO,8350,8350,7800,7950,641500
8/19/2021,SIMA,50,50,50,50,0
8/19/2021,SIMP,438,442,426,428,6084100
8/19/2021,SINI,284,284,250,260,82900
8/19/2021,SINI-W,181,181,181,181,100
8/19/2021,SIPD,2170,2170,1930,1930,285700
8/19/2021,SKBM,342,342,342,342,200
8/19/2021,SKLT,2390,2390,2360,2360,5200
8/19/2021,SKRN,740,780,725,780,2039100
8/19/2021,SKYB,51,51,51,51,0
8/19/2021,SLIS,10875,13000,10850,11500,139800
8/19/2021,SMAR,3900,3900,3900,3900,700
8/19/2021,SMBR,630,645,600,610,6903700
8/19/2021,SMCB,1935,1950,1920,1930,136700
8/19/2021,SMDM,117,117,112,117,188600
8/19/2021,SMDR,630,645,600,620,7865000
8/19/2021,SMGR,9400,9400,8975,9100,3888600
8/19/2021,SMKL,266,268,250,250,197500
8/19/2021,SMKL-W,29,29,24,25,4837600
8/19/2021,SMMA,10800,10975,10800,10975,800
8/19/2021,SMMT,116,150,116,127,53769000
8/19/2021,SMRA,800,805,745,760,59283800
8/19/2021,SMRU,50,50,50,50,0
8/19/2021,SMSM,1355,1360,1340,1350,128300
8/19/2021,SNLK,1180,1180,1100,1100,9900200
8/19/2021,SOCI,185,187,183,183,6100600
8/19/2021,SOFA,248,248,248,248,3540800
8/19/2021,SOHO,5200,5225,5150,5150,22500
8/19/2021,SONA,5425,5425,5425,5425,0
8/19/2021,SOSS,414,414,398,398,2400
8/19/2021,SOSS-W,37,42,34,38,81000
8/19/2021,SOTS,492,492,490,490,67400
8/19/2021,SOTS-W,64,64,64,64,300
8/19/2021,SPMA,346,356,344,348,445300
8/19/2021,SPTO,530,545,500,500,454900
8/19/2021,SQMI,129,149,120,139,21876400
8/19/2021,SRAJ,300,302,288,288,474500
8/19/2021,SRIL,146,146,146,146,0
8/19/2021,SRSN,55,56,54,55,929100
8/19/2021,SRTG,1675,1680,1565,1565,24283200
8/19/2021,SSIA,486,492,482,482,19808600
8/19/2021,SSMS,845,845,805,820,8612600
8/19/2021,SSTM,800,800,790,790,900
8/19/2021,STAR,130,137,130,135,30300
8/19/2021,STTP,7300,8000,6975,7000,8300
8/19/2021,SUGI,50,50,50,50,0
8/19/2021,SULI,50,50,50,50,100
8/19/2021,SUPR,7950,7950,7950,7950,0
8/19/2021,SURE,1980,1980,1980,1980,0
8/19/2021,SWAT,70,73,70,72,2929800
8/19/2021,TALF,288,316,288,290,10700
8/19/2021,TAMA,65,65,60,60,8082800
8/19/2021,TAMA-W,14,14,12,13,6215900
8/19/2021,TAMU,50,50,50,50,0
8/19/2021,TAPG,640,640,610,620,27107100
8/19/2021,TARA,50,50,50,50,1400
8/19/2021,TAXI,50,50,50,50,7700
8/19/2021,TBIG,2990,3000,2910,2960,25417900
8/19/2021,TBLA,790,795,780,780,1006500
8/19/2021,TBMS,1685,1800,1675,1800,30900
8/19/2021,TCID,5550,5675,5450,5450,40000
8/19/2021,TCPI,7925,7925,7500,7650,5762800
8/19/2021,TDPM,119,119,119,119,0
8/19/2021,TEBE,380,398,378,380,243200
8/19/2021,TECH,6000,7125,5675,5875,1484500
8/19/2021,TELE,121,121,121,121,0
8/19/2021,TFAS,8075,8200,7450,7875,2622600
8/19/2021,TFCO,650,650,610,645,27200
8/19/2021,TGKA,7250,7275,7225,7225,1800
8/19/2021,TGRA,89,96,85,88,55332500
8/19/2021,TIFA,865,865,865,865,1800
8/19/2021,TINS,1485,1490,1440,1445,20498600
8/19/2021,TIRA,326,326,304,318,22800
8/19/2021,TIRT,50,50,50,50,1000
8/19/2021,TKIM,6525,6550,6350,6400,1713900
8/19/2021,TLKM,3410,3430,3360,3390,100851800
8/19/2021,TMAS,266,272,250,252,5118600
8/19/2021,TMPO,136,140,136,139,172000
8/19/2021,TNCA,620,620,620,620,144300
8/19/2021,TOBA,472,480,466,480,221500
8/19/2021,TOPS,50,50,50,50,14000
8/19/2021,TOTL,332,366,332,356,42837400
8/19/2021,TOTO,202,202,199,199,225600
8/19/2021,TOWR,1305,1305,1260,1270,95651000
8/19/2021,TOYS,71,95,70,95,339396300
8/19/2021,TOYS-W,13,32,12,32,600372700
8/19/2021,TPIA,9100,9100,8800,8950,2246400
8/19/2021,TPMA,875,875,865,865,2400
8/19/2021,TRAM,50,50,50,50,0
8/19/2021,TRIL,50,50,50,50,0
8/19/2021,TRIM,156,161,150,155,3275700
8/19/2021,TRIN,141,183,141,150,66581500
8/19/2021,TRIN-W,21,25,20,22,53355300
8/19/2021,TRIO,426,426,426,426,0
8/19/2021,TRIS,106,106,103,104,172900
8/19/2021,TRIS-W,6,6,6,6,0
8/19/2021,TRJA,198,198,193,193,864000
8/19/2021,TRST,498,505,498,500,43600
8/19/2021,TRUE,725,700,675,675,911300
8/19/2021,TRUE-W,24,24,21,23,49829600
8/19/2021,TRUK,95,100,93,94,11863300
8/19/2021,TRUS,336,336,314,332,1500
8/19/2021,TSPC,1480,1480,1455,1455,999500
8/19/2021,TUGU,1710,1735,1630,1635,347700
8/19/2021,TURI,1195,1195,1195,1195,1000
8/19/2021,UANG,1025,1375,1025,1275,192500
8/19/2021,UCID,1550,1585,1535,1560,214500
8/19/2021,UFOE,1015,1160,1000,1145,1201100
8/19/2021,ULTJ,1525,1535,1520,1525,301900
8/19/2021,UNIC,8950,8950,8400,8600,5000
8/19/2021,UNIQ,86,90,84,90,4577700
8/19/2021,UNIT,316,316,316,316,0
8/19/2021,UNSP,112,113,109,110,733600
8/19/2021,UNTR,19750,19850,18975,19300,4428900
8/19/2021,UNVR,4250,4260,4100,4110,18192800
8/19/2021,URBN,595,595,550,555,187500
8/19/2021,URBN-W,53,53,50,51,839700
8/19/2021,UVCR,442,442,442,442,13266900
8/19/2021,UVCR-W,175,180,110,168,42304300
8/19/2021,VICI,380,380,368,378,3229300
8/19/2021,VICO,125,128,121,127,1481600
8/19/2021,VINS,95,96,94,95,212600
8/19/2021,VIVA,50,50,50,50,368600
8/19/2021,VOKS,181,181,178,181,2500
8/19/2021,VRNA,117,122,112,117,207400
8/19/2021,WAPO,97,110,97,101,2455200
8/19/2021,WEGE,168,169,166,168,4960800
8/19/2021,WEHA,163,236,163,236,252360400
8/19/2021,WICO,438,438,438,438,0
8/19/2021,WIFI,870,925,830,840,31230000
8/19/2021,WIFI-W,300,302,282,300,26700
8/19/2021,WIIM,490,492,470,484,8569800
8/19/2021,WIKA,885,890,860,860,30880200
8/19/2021,WINS,138,155,131,131,98887400
8/19/2021,WMUU,150,157,149,152,28243100
8/19/2021,WOMF,236,238,234,238,351600
8/19/2021,WOOD,755,765,730,755,20144500
8/19/2021,WOWS,50,50,50,50,4503200
8/19/2021,WSBP,134,135,131,132,14580700
8/19/2021,WSKT,765,775,720,730,39301200
8/19/2021,WTON,226,226,218,220,8015100
8/19/2021,XAFA,1062,1062,1062,1062,100
8/19/2021,XAQA,784,784,784,784,100
8/19/2021,XBES,957,957,957,957,100
8/19/2021,XBID,478,478,478,478,0
8/19/2021,XBIN,441,441,441,441,0
8/19/2021,XBLQ,426,426,426,426,0
8/19/2021,XBNI,951,951,951,951,0
8/19/2021,XBSK,337,337,337,337,0
8/19/2021,XCID,83,84,83,83,8900
8/19/2021,XCIS,105,105,105,105,0
8/19/2021,XCLQ,94,94,88,90,6500
8/19/2021,XDIF,500,500,428,428,1800
8/19/2021,XDSG,889,889,889,889,0
8/19/2021,XIFE,94,94,93,93,4900
8/19/2021,XIHD,435,437,433,433,10200
8/19/2021,XIIC,880,880,880,880,200
8/19/2021,XIID,470,470,465,465,2500
8/19/2021,XIIF,490,490,477,477,300
8/19/2021,XIIT,486,486,477,480,14000
8/19/2021,XIJI,559,559,553,554,35200
8/19/2021,XILV,103,104,103,104,1900
8/19/2021,XIML,241,241,234,234,2500
8/19/2021,XIPI,165,165,165,165,800
8/19/2021,XISB,398,398,398,398,0
8/19/2021,XISC,638,638,630,630,600
8/19/2021,XISI,307,307,307,307,400
8/19/2021,XISR,344,344,341,341,2500
8/19/2021,XKIV,417,417,417,417,0
8/19/2021,XKMS,986,986,970,972,14500
8/19/2021,XMIG,158,158,158,158,0
8/19/2021,XMJM,1001,1001,1001,1001,0
8/19/2021,XMTS,402,402,402,402,0
8/19/2021,XNVE,132,132,128,128,25500
8/19/2021,XPCR,820,820,820,820,0
8/19/2021,XPDV,413,413,413,413,0
8/19/2021,XPES,345,345,343,343,1600
8/19/2021,XPFT,475,475,475,475,0
8/19/2021,XPID,462,462,462,462,0
8/19/2021,XPLC,407,407,407,407,0
8/19/2021,XPLQ,448,448,448,448,0
8/19/2021,XPMI,860,865,860,860,5900
8/19/2021,XPSG,335,335,335,335,0
8/19/2021,XPTD,444,444,444,444,0
8/19/2021,XSBC,95,95,95,95,100
8/19/2021,XSMU,120,120,120,120,0
8/19/2021,XSPI,750,750,750,750,0
8/19/2021,XSRI,163,163,163,163,200
8/19/2021,XSSI,75,76,75,76,4500
8/19/2021,XSSK,577,577,577,577,0
8/19/2021,YELO,304,314,280,288,25551400
8/19/2021,YELO-W,77,82,70,72,12992400
8/19/2021,YPAS,362,476,362,450,14100
8/19/2021,YULE,446,446,430,446,30000
8/19/2021,ZBRA,1095,1195,1015,1095,9268200
8/19/2021,ZINC,133,134,128,130,394450200
8/19/2021,ZONE,396,400,394,396,328600
8/19/2021,ZYRX,615,615,575,595,7949600
8/19/2021,ZYRX-W,113,117,113,115,1646700
