<date>,<ticker>,<open>,<high>,<low>,<close>,<volume>
10/6/2021,IHSG,6313.653,6441.504,6307.109,6417.323,312268963
10/6/2021,AALI,10175,10400,10000,10150,13465800
10/6/2021,ABBA,535,535,535,535,0
10/6/2021,ABDA,6950,6950,6950,6950,0
10/6/2021,ABMM,1290,1585,1270,1505,65039800
10/6/2021,ACES,1380,1445,1345,1410,78232700
10/6/2021,ACST,266,276,264,268,36375400
10/6/2021,ADES,2600,2640,2560,2560,204000
10/6/2021,ADHI,1090,1140,1085,1105,46008000
10/6/2021,ADMF,7750,7825,7750,7750,182700
10/6/2021,ADMG,212,214,210,210,6283000
10/6/2021,ADRO,1925,1945,1850,1865,274437500
10/6/2021,AGAR,358,358,344,354,20100
10/6/2021,AGII,1620,1650,1485,1485,19206100
10/6/2021,AGRO,2020,2150,1980,2140,117518700
10/6/2021,AGRS,204,214,198,202,18883600
10/6/2021,AHAP,62,64,60,62,1965100
10/6/2021,AIMS,322,336,312,326,115500
10/6/2021,AISA,236,248,220,232,183817300
10/6/2021,AKKU,50,50,50,50,12197400
10/6/2021,AKPI,605,625,605,625,98400
10/6/2021,AKRA,4430,4450,4340,4380,6335700
10/6/2021,AKSI,420,420,414,420,10000
10/6/2021,ALDO,790,800,735,780,6836200
10/6/2021,ALKA,250,270,248,268,14000
10/6/2021,ALMI,236,248,236,238,800
10/6/2021,ALTO,316,316,304,314,32600
10/6/2021,AMAG,332,332,326,330,41600
10/6/2021,AMAN,458,468,456,468,5102200
10/6/2021,AMAR,274,282,272,274,3329600
10/6/2021,AMFG,3850,3850,3820,3850,167800
10/6/2021,AMIN,191,191,183,188,2900
10/6/2021,AMOR,3810,3890,3710,3850,580900
10/6/2021,AMRT,1325,1330,1245,1305,26035100
10/6/2021,ANDI,50,50,50,50,3568600
10/6/2021,ANJT,740,775,735,755,401800
10/6/2021,ANTM,2320,2340,2300,2300,98305700
10/6/2021,APEX,560,565,530,545,68600
10/6/2021,APIC,885,895,865,870,7727200
10/6/2021,APII,184,184,180,182,15000
10/6/2021,APLI,204,206,202,206,104300
10/6/2021,APLN,143,146,141,141,31506400
10/6/2021,ARCI,595,605,580,600,10134900
10/6/2021,ARGO,1670,1670,1670,1670,700
10/6/2021,ARII,326,330,322,326,167200
10/6/2021,ARKA,73,76,67,71,154242700
10/6/2021,ARMY,50,50,50,50,0
10/6/2021,ARNA,740,755,735,750,1438300
10/6/2021,ARTA,1640,1650,1600,1640,147700
10/6/2021,ARTI,50,50,50,50,2500
10/6/2021,ARTO,13825,14250,13425,13600,23720200
10/6/2021,ASBI,282,342,282,334,6495400
10/6/2021,ASDM,900,910,900,905,14900
10/6/2021,ASGR,765,765,750,760,481900
10/6/2021,ASII,5600,6100,5575,5975,168237500
10/6/2021,ASJT,150,154,146,148,1198400
10/6/2021,ASMI,344,358,316,320,1730700
10/6/2021,ASPI,70,73,69,71,5304900
10/6/2021,ASPI-W,19,19,18,18,2798700
10/6/2021,ASRI,186,194,186,188,105501700
10/6/2021,ASRM,1790,1825,1675,1825,1700
10/6/2021,ASSA,3430,3470,3300,3340,18028200
10/6/2021,ATAP,101,101,100,100,45700
10/6/2021,ATIC,625,625,585,595,502200
10/6/2021,AUTO,1075,1095,1070,1090,3186400
10/6/2021,AYLS,238,238,238,238,0
10/6/2021,BABP,266,268,254,260,159216700
10/6/2021,BABP-W3,162,168,157,159,101800
10/6/2021,BABP-W4,212,218,212,212,91000
10/6/2021,BACA,316,328,316,326,45134900
10/6/2021,BACA-W2,163,163,163,163,0
10/6/2021,BAJA,378,382,366,370,1344700
10/6/2021,BALI,735,765,730,760,1835800
10/6/2021,BANK,2740,2850,2670,2790,37169300
10/6/2021,BANK-W,2890,2890,2890,2890,0
10/6/2021,BAPA,54,57,51,54,9831700
10/6/2021,BAPI,50,50,50,50,7800
10/6/2021,BAPI-W,7,8,7,8,42276300
10/6/2021,BATA,700,700,700,700,0
10/6/2021,BAYU,1000,1000,995,1000,1800
10/6/2021,BBCA,34900,35900,34850,35900,34862400
10/6/2021,BBHI,3580,3780,3530,3670,2616800
10/6/2021,BBKP,420,424,414,418,119778900
10/6/2021,BBLD,410,410,410,410,12900
10/6/2021,BBMD,1980,2000,1980,2000,8700
10/6/2021,BBNI,5750,6200,5700,6000,111102800
10/6/2021,BBRI,3920,4150,3920,4120,446708800
10/6/2021,BBRM,50,50,50,50,1400
10/6/2021,BBSI,5625,6025,5625,5900,64100
10/6/2021,BBSS,70,71,66,70,7798400
10/6/2021,BBTN,1535,1615,1535,1585,130303800
10/6/2021,BBYB,1390,1505,1370,1500,135709000
10/6/2021,BCAP,106,107,105,106,19494100
10/6/2021,BCIC,198,214,184,185,20815200
10/6/2021,BCIP,62,62,60,61,3292600
10/6/2021,BDMN,2720,2850,2720,2780,11157900
10/6/2021,BEBS,1510,1600,1465,1530,36650400
10/6/2021,BEEF,90,90,86,87,8708600
10/6/2021,BEKS,85,87,82,82,350261400
10/6/2021,BELL,150,150,148,149,40800
10/6/2021,BESS,1645,1670,1550,1640,316900
10/6/2021,BESS-W,1215,1550,1215,1500,21700
10/6/2021,BEST,130,135,130,133,31112400
10/6/2021,BFIN,970,980,950,955,35866600
10/6/2021,BGTG,194,206,190,196,81746200
10/6/2021,BHAT,820,840,820,840,1498500
10/6/2021,BHIT,80,82,79,79,164460000
10/6/2021,BIKA,254,254,246,248,127800
10/6/2021,BIMA,240,240,208,208,34809700
10/6/2021,BINA,3320,3450,3300,3370,1484200
10/6/2021,BIPI,50,51,50,50,292126800
10/6/2021,BIPI-W,15,16,14,16,15499300
10/6/2021,BIPP,54,54,53,53,1524700
10/6/2021,BIRD,1245,1270,1235,1250,1732100
10/6/2021,BISI,1020,1030,1010,1030,358200
10/6/2021,BJBR,1435,1475,1415,1425,17034800
10/6/2021,BJTM,740,770,740,750,33123200
10/6/2021,BKDP,51,51,50,50,226500
10/6/2021,BKSL,62,63,61,61,77169100
10/6/2021,BKSW,184,189,182,186,7890100
10/6/2021,BLTA,50,50,50,50,83600
10/6/2021,BLTZ,3200,3700,3180,3580,7400
10/6/2021,BLUE,755,770,755,760,120500
10/6/2021,BMAS,1250,1325,1250,1285,26000
10/6/2021,BMHS,1010,1080,985,1050,80661100
10/6/2021,BMRI,6475,6675,6450,6600,84387900
10/6/2021,BMSR,178,180,178,178,524800
10/6/2021,BMTR,268,274,266,270,51745200
10/6/2021,BNBA,1265,1400,1250,1325,8196200
10/6/2021,BNBR,50,50,50,50,24100
10/6/2021,BNGA,1000,1060,995,1060,33196100
10/6/2021,BNII,340,348,334,338,6703500
10/6/2021,BNLI,1710,1740,1705,1715,612100
10/6/2021,BOGA,1455,1475,1450,1460,108774300
10/6/2021,BOLA,650,670,615,640,17737700
10/6/2021,BOLT,675,675,635,640,2000
10/6/2021,BOSS,112,115,107,108,90999800
10/6/2021,BPFI,1000,1000,1000,1000,0
10/6/2021,BPII,4700,4700,4700,4700,0
10/6/2021,BPTR,176,176,170,174,222900
10/6/2021,BRAM,6700,6700,6700,6700,0
10/6/2021,BRIS,2100,2240,2080,2200,158859700
10/6/2021,BRMS,93,96,93,93,208418800
10/6/2021,BRMS-W,25,26,23,24,219064800
10/6/2021,BRNA,1380,1380,1380,1380,7100
10/6/2021,BRPT,935,950,920,945,52896200
10/6/2021,BSDE,1090,1135,1085,1110,63565000
10/6/2021,BSIM,850,850,800,835,438200
10/6/2021,BSSR,2520,2590,2510,2540,280700
10/6/2021,BSWD,1750,1750,1750,1750,0
10/6/2021,BTEK,50,50,50,50,3900
10/6/2021,BTEL,50,50,50,50,0
10/6/2021,BTON,484,498,476,494,23100
10/6/2021,BTPN,2780,2800,2770,2800,47900
10/6/2021,BTPS,3470,3580,3420,3540,6077600
10/6/2021,BUDI,169,171,168,170,6050100
10/6/2021,BUKA,830,840,815,835,185005300
10/6/2021,BUKK,1060,1060,1055,1060,16700
10/6/2021,BULL,284,284,278,282,155840700
10/6/2021,BULL-W2,62,65,58,58,77400
10/6/2021,BUMI,96,102,91,92,2743644800
10/6/2021,BUVA,60,60,60,60,0
10/6/2021,BVIC,147,151,137,138,37344000
10/6/2021,BWPT,102,108,100,101,983763800
10/6/2021,BYAN,28150,29225,28000,28850,251800
10/6/2021,CAKK,93,97,88,94,48589200
10/6/2021,CAMP,310,310,292,296,1546200
10/6/2021,CANI,144,145,134,138,2154600
10/6/2021,CARE,458,470,452,460,360492400
10/6/2021,CARS,50,50,50,50,9000
10/6/2021,CASA,404,490,404,440,1297600
10/6/2021,CASH,145,150,141,148,21761200
10/6/2021,CASS,472,480,440,478,1449300
10/6/2021,CBMF,89,98,87,90,198521400
10/6/2021,CCSI,550,550,520,525,2102300
10/6/2021,CEKA,1815,1825,1790,1810,89700
10/6/2021,CENT,272,298,272,288,102394400
10/6/2021,CFIN,262,270,262,266,3284300
10/6/2021,CINT,240,250,224,224,288600
10/6/2021,CITA,2860,2860,2860,2860,0
10/6/2021,CITY,147,150,141,148,67900
10/6/2021,CLAY,850,875,790,850,9700
10/6/2021,CLEO,458,460,454,456,4263700
10/6/2021,CLPI,1040,1050,1035,1045,52600
10/6/2021,CMNP,1300,1300,1270,1300,63500
10/6/2021,CMNP-W,410,410,384,390,3900
10/6/2021,CMNT,985,990,975,980,21705900
10/6/2021,CMPP,184,184,184,184,0
10/6/2021,CNKO,50,50,50,50,40700
10/6/2021,CNTB,250,250,250,250,0
10/6/2021,CNTX,186,187,179,183,6000
10/6/2021,COCO,252,266,246,248,25058400
10/6/2021,COCO-W,262,262,262,262,0
10/6/2021,COWL,50,50,50,50,0
10/6/2021,CPIN,6200,6350,6175,6250,10101200
10/6/2021,CPRI,50,50,50,50,0
10/6/2021,CPRI-W,12,12,12,12,0
10/6/2021,CPRO,50,50,50,50,0
10/6/2021,CSAP,515,550,515,540,150900
10/6/2021,CSIS,94,97,93,93,13322900
10/6/2021,CSMI,3270,3480,3260,3260,1200
10/6/2021,CSRA,432,466,430,454,9365600
10/6/2021,CTBN,3050,3300,3050,3290,2300
10/6/2021,CTRA,1055,1070,1035,1045,63012500
10/6/2021,CTTH,50,51,50,51,5846500
10/6/2021,DADA,50,50,50,50,2392100
10/6/2021,DADA-W,15,16,14,15,16936200
10/6/2021,DART,210,226,210,212,31800
10/6/2021,DAYA,260,262,250,260,207200
10/6/2021,DCII,45525,45525,45500,45525,10600
10/6/2021,DEAL,50,50,50,50,0
10/6/2021,DEAL-W,26,26,26,26,0
10/6/2021,DEFI,1020,1200,1020,1160,2900
10/6/2021,DEWA,50,51,50,50,116973300
10/6/2021,DFAM,382,386,362,372,283800
10/6/2021,DGIK,74,79,74,77,25259300
10/6/2021,DGNS,750,825,745,820,18839000
10/6/2021,DIGI,535,595,535,550,10098900
10/6/2021,DILD,181,185,179,183,11322600
10/6/2021,DIVA,2150,2200,2150,2150,262800
10/6/2021,DKFT,137,138,134,136,11496400
10/6/2021,DLTA,3740,3900,3740,3840,369900
10/6/2021,DMAS,206,208,204,206,26765800
10/6/2021,DMMX,2400,2530,2270,2500,30424100
10/6/2021,DMND,770,790,770,785,9400
10/6/2021,DNAR,260,266,246,264,3394600
10/6/2021,DNET,3260,3270,3250,3270,52200
10/6/2021,DOID,354,362,344,348,205034100
10/6/2021,DPNS,356,360,352,358,778300
10/6/2021,DPUM,50,50,50,50,0
10/6/2021,DSFI,120,120,114,114,9018100
10/6/2021,DSNG,595,690,595,630,123206000
10/6/2021,DSSA,23775,27000,23775,25000,17200
10/6/2021,DUCK,176,176,176,176,0
10/6/2021,DUTI,3360,3400,3320,3330,1400
10/6/2021,DVLA,2470,2470,2400,2420,10700
10/6/2021,DWGL,200,202,199,200,31900
10/6/2021,DWGL-W,37,39,37,38,250400
10/6/2021,DYAN,84,85,81,82,14590900
10/6/2021,EAST,69,69,67,69,1185300
10/6/2021,EAST-W,12,12,11,12,2291200
10/6/2021,ECII,980,980,980,980,0
10/6/2021,EDGE,25900,25900,25000,25075,6200
10/6/2021,EKAD,1430,1440,1425,1440,261600
10/6/2021,ELSA,334,338,320,324,187635200
10/6/2021,ELTY,50,50,50,50,0
10/6/2021,EMDE,188,196,183,196,51100
10/6/2021,EMTK,1615,1725,1605,1715,76598200
10/6/2021,ENRG,127,133,127,132,523186200
10/6/2021,ENVY,50,50,50,50,0
10/6/2021,ENZO,50,50,50,50,57000
10/6/2021,ENZO-W,18,18,17,17,4366800
10/6/2021,EPAC,50,51,50,51,11297700
10/6/2021,EPMT,2290,2310,2280,2300,32900
10/6/2021,ERAA,605,610,585,590,188193700
10/6/2021,ERTX,204,206,202,204,483100
10/6/2021,ESIP,71,74,71,72,6074900
10/6/2021,ESIP-W,12,14,12,13,11521000
10/6/2021,ESSA,300,318,300,306,83657700
10/6/2021,ESTA,112,151,109,151,2430300
10/6/2021,ESTI,140,140,132,137,943300
10/6/2021,ETWA,62,62,62,62,0
10/6/2021,EXCL,2950,2950,2870,2880,14592800
10/6/2021,FAPA,3010,3740,3010,3120,337300
10/6/2021,FAST,980,1000,975,975,19400
10/6/2021,FASW,7600,7600,7600,7600,0
10/6/2021,FILM,418,438,418,430,25041500
10/6/2021,FIMP,47,47,45,46,161600
10/6/2021,FIMP-W,17,18,16,18,1021800
10/6/2021,FIRE,680,755,670,705,40249600
10/6/2021,FISH,7450,7450,7450,7450,100
10/6/2021,FITT,240,244,222,222,940500
10/6/2021,FITT-W,134,140,84,96,1897500
10/6/2021,FLMC,328,330,322,328,1626400
10/6/2021,FMII,414,436,402,428,24900
10/6/2021,FOOD,94,97,93,94,4545600
10/6/2021,FORU,147,169,141,141,2762900
10/6/2021,FORZ,50,50,50,50,0
10/6/2021,FPNI,248,256,244,246,11177500
10/6/2021,FREN,94,101,93,99,2071064500
10/6/2021,FREN-W,40,46,38,43,3909800
10/6/2021,FREN-W2,29,33,27,30,732944300
10/6/2021,FUJI,364,364,326,328,19100
10/6/2021,GAMA,50,50,50,50,10300
10/6/2021,GDST,103,103,100,101,7660400
10/6/2021,GDYR,1430,1435,1405,1435,14500
10/6/2021,GEMA,362,362,362,362,0
10/6/2021,GEMS,4350,4480,4310,4440,98600
10/6/2021,GGRM,33000,33275,32700,33050,841400
10/6/2021,GGRP,476,520,450,486,117800
10/6/2021,GHON,2180,2180,2160,2170,33900
10/6/2021,GIAA,222,222,222,222,0
10/6/2021,GJTL,760,760,725,735,7780200
10/6/2021,GLOB,179,185,173,183,24100
10/6/2021,GLVA,266,286,264,270,341300
10/6/2021,GMFI,96,97,95,95,1449700
10/6/2021,GMTD,16725,16725,16725,16725,0
10/6/2021,GOLD,422,432,400,408,19700
10/6/2021,GOLL,50,50,50,50,0
10/6/2021,GOOD,426,446,426,438,12357500
10/6/2021,GPRA,75,76,73,73,8353600
10/6/2021,GPSO,177,179,172,172,1860300
10/6/2021,GPSO-W,64,65,59,62,1232600
10/6/2021,GSMF,182,187,174,181,92000
10/6/2021,GTBO,75,75,75,75,0
10/6/2021,GTSI,77,78,76,77,28032600
10/6/2021,GWSA,128,131,126,130,1942200
10/6/2021,GZCO,56,60,55,57,90046700
10/6/2021,HADE,50,50,50,50,300
10/6/2021,HAIS,262,264,250,264,23772600
10/6/2021,HDFA,181,191,179,187,12400
10/6/2021,HDIT,300,300,292,296,2254900
10/6/2021,HDTX,120,120,120,120,0
10/6/2021,HEAL,1150,1150,1120,1140,10009500
10/6/2021,HELI,340,340,338,338,500
10/6/2021,HERO,1730,1795,1725,1790,14200
10/6/2021,HEXA,3900,3910,3830,3890,722700
10/6/2021,HITS,356,356,354,356,20200
10/6/2021,HKMU,52,53,51,51,32297000
10/6/2021,HMSP,1075,1110,1065,1075,65011400
10/6/2021,HOKI,199,204,194,194,50821300
10/6/2021,HOME,50,50,50,50,0
10/6/2021,HOMI,1760,1765,1680,1750,612300
10/6/2021,HOPE,125,136,122,129,145311100
10/6/2021,HOPE-W,20,23,20,21,36174300
10/6/2021,HOTL,50,50,50,50,4300
10/6/2021,HRME,56,56,55,55,4552900
10/6/2021,HRTA,228,236,226,232,16618400
10/6/2021,HRUM,8400,8900,7950,8075,15746200
10/6/2021,IATA,50,50,50,50,12100
10/6/2021,IBFN,66,71,63,71,3060300
10/6/2021,IBFN-W,10,11,8,9,36634700
10/6/2021,IBST,5150,5150,5150,5150,100
10/6/2021,ICBP,8825,8900,8700,8850,9047000
10/6/2021,ICON,101,102,99,101,4004400
10/6/2021,IDEA,182,200,181,200,11346700
10/6/2021,IDPR,220,232,218,224,9466400
10/6/2021,IFII,155,158,154,157,171200
10/6/2021,IFSH,1480,1565,1480,1550,9400
10/6/2021,IGAR,422,424,420,422,172400
10/6/2021,IIKP,50,50,50,50,0
10/6/2021,IKAI,50,50,50,50,2200
10/6/2021,IKAN,108,110,106,107,7310200
10/6/2021,IKBI,246,248,230,244,76400
10/6/2021,IMAS,1000,1035,995,1010,12460800
10/6/2021,IMJS,444,460,438,442,17361000
10/6/2021,IMPC,2070,2090,2060,2070,2867000
10/6/2021,INAF,2330,2370,2300,2340,466500
10/6/2021,INAI,292,300,292,300,25700
10/6/2021,INCF,364,380,344,346,594600
10/6/2021,INCI,615,615,600,610,89300
10/6/2021,INCO,4730,4770,4670,4720,18382400
10/6/2021,INDF,6525,6650,6525,6600,14518800
10/6/2021,INDO,164,166,160,161,184400
10/6/2021,INDO-W,63,65,58,61,244000
10/6/2021,INDR,4900,5250,4880,4970,750700
10/6/2021,INDS,1920,1920,1890,1890,600
10/6/2021,INDX,98,107,95,99,8744900
10/6/2021,INDY,2250,2300,2130,2160,100756700
10/6/2021,INKP,8625,8775,8500,8550,9492700
10/6/2021,INOV,181,199,180,185,2345700
10/6/2021,INPC,139,143,136,140,7459600
10/6/2021,INPC-W,40,43,38,41,3005200
10/6/2021,INPP,585,630,560,560,31200
10/6/2021,INPS,1815,1815,1800,1800,1000
10/6/2021,INRU,715,715,715,715,600
10/6/2021,INTA,85,86,80,84,97100
10/6/2021,INTD,150,158,141,147,162900
10/6/2021,INTP,9900,10075,9900,9900,6815400
10/6/2021,IPAC,137,137,130,135,254300
10/6/2021,IPCC,560,560,540,550,8332300
10/6/2021,IPCM,362,364,348,350,17794200
10/6/2021,IPOL,162,172,160,172,12795300
10/6/2021,IPTV,244,244,240,244,13661500
10/6/2021,IRRA,1830,1840,1775,1805,4291800
10/6/2021,ISAT,6400,6450,6350,6375,2286600
10/6/2021,ISSP,306,312,304,306,15691500
10/6/2021,ITIC,300,312,300,304,3515300
10/6/2021,ITMA,630,630,610,615,245200
10/6/2021,ITMA-W,124,149,124,140,61400
10/6/2021,ITMG,26700,26800,25275,25650,7975900
10/6/2021,JAST,156,159,153,154,13202300
10/6/2021,JAWA,115,132,115,122,27240000
10/6/2021,JAYA,117,121,115,118,3966500
10/6/2021,JECC,5900,6000,5900,6000,300
10/6/2021,JGLE,50,50,50,50,300
10/6/2021,JIHD,420,420,418,418,6600
10/6/2021,JKON,154,162,154,156,48600
10/6/2021,JKSW,60,60,60,60,0
10/6/2021,JMAS,168,168,163,166,130900
10/6/2021,JPFA,1800,1870,1800,1830,30994200
10/6/2021,JRPT,478,482,478,480,8139800
10/6/2021,JSKY,125,127,123,125,11620800
10/6/2021,JSMR,3930,4090,3930,4030,7006600
10/6/2021,JSPT,810,825,785,785,2200
10/6/2021,JTPE,1070,1070,1070,1070,94500
10/6/2021,KAEF,2430,2500,2420,2470,6072600
10/6/2021,KARW,93,93,91,91,770400
10/6/2021,KAYU,69,69,64,64,22969500
10/6/2021,KBAG,54,54,53,53,61012400
10/6/2021,KBAG-W,14,14,13,13,50197900
10/6/2021,KBLI,300,300,298,300,1510000
10/6/2021,KBLM,204,206,202,202,22900
10/6/2021,KBLV,670,700,665,690,12700
10/6/2021,KBRI,50,50,50,50,0
10/6/2021,KDSI,895,900,880,900,96300
10/6/2021,KEEN,420,424,418,420,876500
10/6/2021,KEJU,1205,1230,1205,1230,87700
10/6/2021,KIAS,50,50,50,50,149100
10/6/2021,KICI,234,238,230,234,1660500
10/6/2021,KIJA,167,167,161,163,7019200
10/6/2021,KINO,2150,2160,2120,2130,400600
10/6/2021,KIOS,930,935,885,885,3002900
10/6/2021,KJEN,494,494,462,462,5100
10/6/2021,KKGI,322,332,300,314,2370500
10/6/2021,KLBF,1370,1410,1365,1370,30270100
10/6/2021,KMDS,472,474,454,470,769500
10/6/2021,KMTR,366,370,354,366,37700
10/6/2021,KOBX,177,187,177,178,3966100
10/6/2021,KOIN,160,164,160,164,10300
10/6/2021,KONI,865,935,865,920,2900
10/6/2021,KOPI,484,484,484,484,200
10/6/2021,KOTA,149,170,145,163,423704600
10/6/2021,KOTA-W,120,131,112,118,88300
10/6/2021,KPAL,50,50,50,50,0
10/6/2021,KPAS,62,62,62,62,0
10/6/2021,KPIG,105,105,103,104,58384800
10/6/2021,KRAH,436,436,436,436,0
10/6/2021,KRAS,555,555,530,545,58622300
10/6/2021,KREN,122,124,120,122,9754000
10/6/2021,LABA,246,250,232,242,35961900
10/6/2021,LABA-W,28,29,27,28,25219600
10/6/2021,LAND,91,103,87,98,39366800
10/6/2021,LAPD,50,50,50,50,0
10/6/2021,LCGP,114,114,114,114,0
10/6/2021,LCKM,332,332,332,332,2000
10/6/2021,LEAD,50,50,50,50,27400
10/6/2021,LFLO,81,81,78,80,568000
10/6/2021,LFLO-W,9,10,9,10,5801700
10/6/2021,LIFE,6300,6300,6275,6275,300
10/6/2021,LINK,4000,4030,3850,3980,4013100
10/6/2021,LION,356,370,354,370,72500
10/6/2021,LMAS,101,101,101,101,0
10/6/2021,LMPI,195,195,188,192,585800
10/6/2021,LMSH,860,1045,840,855,11030200
10/6/2021,LPCK,985,1015,980,995,1314800
10/6/2021,LPGI,3730,3730,3730,3730,2200
10/6/2021,LPIN,380,386,376,378,220700
10/6/2021,LPKR,160,165,159,164,137717300
10/6/2021,LPLI,258,258,250,256,84700
10/6/2021,LPPF,2710,2740,2620,2690,13708200
10/6/2021,LPPS,109,110,106,109,1211300
10/6/2021,LRNA,176,176,174,174,12400
10/6/2021,LSIP,1395,1500,1395,1480,150943300
10/6/2021,LTLS,600,615,600,615,178000
10/6/2021,LUCK,222,222,212,216,2632100
10/6/2021,LUCY,51,52,49,49,7966000
10/6/2021,LUCY-W,14,14,13,13,4730700
10/6/2021,MABA,50,50,50,50,0
10/6/2021,MAGP,50,50,50,50,400
10/6/2021,MAIN,760,785,750,785,9204300
10/6/2021,MAMI,50,50,50,50,0
10/6/2021,MAMI-W,6,6,6,6,0
10/6/2021,MAMIP,600,600,600,600,0
10/6/2021,MAPA,2490,2650,2490,2590,3614100
10/6/2021,MAPB,1695,1695,1680,1695,25800
10/6/2021,MAPI,800,825,800,805,17848900
10/6/2021,MARI,450,490,428,488,122132000
10/6/2021,MARK,950,985,945,975,3275500
10/6/2021,MASA,5000,5150,4890,4890,44600
10/6/2021,MASB,3440,3440,3440,3440,155600
10/6/2021,MASB-W,298,298,268,288,15700
10/6/2021,MAYA,725,725,700,705,5121100
10/6/2021,MBAP,4180,4180,3900,3900,1931600
10/6/2021,MBSS,725,900,720,900,12150900
10/6/2021,MBTO,121,124,117,124,95300
10/6/2021,MCAS,10975,11050,10775,11000,312800
10/6/2021,MCOL,1785,1785,1705,1740,3732700
10/6/2021,MCOR,128,133,127,129,28328900
10/6/2021,MDIA,51,52,51,51,1257200
10/6/2021,MDKA,2720,2730,2610,2670,71640500
10/6/2021,MDKI,204,210,202,206,1796300
10/6/2021,MDLN,51,51,51,51,0
10/6/2021,MDRN,50,50,50,50,200
10/6/2021,MEDC,605,620,590,610,144612200
10/6/2021,MEGA,8450,8800,8325,8600,53300
10/6/2021,MERK,3450,3540,3450,3490,591600
10/6/2021,META,136,144,135,139,14409200
10/6/2021,MFIN,1070,1070,1035,1070,52600
10/6/2021,MFMI,920,920,860,860,42500
10/6/2021,MGLV,182,198,182,196,90600
10/6/2021,MGLV-W,14,15,13,14,8916300
10/6/2021,MGNA,50,50,50,50,0
10/6/2021,MGRO,745,755,735,740,2495700
10/6/2021,MICE,346,366,346,358,276600
10/6/2021,MIDI,2210,2220,2120,2180,15700
10/6/2021,MIKA,2230,2290,2230,2240,24656200
10/6/2021,MINA,51,52,50,50,6986600
10/6/2021,MIRA,50,50,50,50,547500
10/6/2021,MITI,114,122,107,111,27036400
10/6/2021,MKNT,50,50,50,50,203600
10/6/2021,MKPI,25500,25500,24925,24925,1100
10/6/2021,MLBI,8000,9000,8000,8600,231500
10/6/2021,MLIA,1550,1630,1510,1605,9293700
10/6/2021,MLPL,490,490,480,480,22412000
10/6/2021,MLPT,3410,3410,3190,3300,1292900
10/6/2021,MMLP,620,620,605,610,17379800
10/6/2021,MNCN,855,880,850,865,95464100
10/6/2021,MOLI,700,700,665,680,92300
10/6/2021,MPMX,735,750,730,745,9827300
10/6/2021,MPOW,131,146,129,145,103015900
10/6/2021,MPPA,915,915,865,865,7215800
10/6/2021,MPRO,875,875,815,835,36700
10/6/2021,MRAT,276,284,268,268,1074000
10/6/2021,MREI,5100,5100,4930,4930,200
10/6/2021,MSIN,510,510,498,505,16947000
10/6/2021,MSKY,358,368,358,358,6800
10/6/2021,MTDL,2920,2930,2890,2910,2253500
10/6/2021,MTFN,50,50,50,50,400
10/6/2021,MTLA,352,358,350,354,84200
10/6/2021,MTPS,130,133,128,132,1661800
10/6/2021,MTRA,244,244,244,244,0
10/6/2021,MTSM,150,155,142,153,308100
10/6/2021,MTWI,108,112,106,109,2051500
10/6/2021,MYOH,1685,1700,1620,1665,254500
10/6/2021,MYOR,2320,2340,2300,2330,4169400
10/6/2021,MYRX,50,50,50,50,0
10/6/2021,MYRXP,50,50,50,50,0
10/6/2021,MYTX,79,80,77,78,460700
10/6/2021,NASA,73,74,69,71,25018000
10/6/2021,NATO,610,645,605,625,329460600
10/6/2021,NATO-W,352,352,352,352,0
10/6/2021,NELY,208,216,208,208,1004700
10/6/2021,NFCX,9225,9225,9000,9050,133700
10/6/2021,NICK,484,484,448,456,33200
10/6/2021,NICL,80,80,76,76,44315400
10/6/2021,NICL-W,12,12,11,11,60287000
10/6/2021,NIKL,1155,1155,1125,1135,1466100
10/6/2021,NIPS,282,282,282,282,0
10/6/2021,NIRO,163,163,150,156,31200
10/6/2021,NISP,720,720,700,710,3774500
10/6/2021,NOBU,1025,1035,1010,1020,1212700
10/6/2021,NPGF,122,123,114,114,21288700
10/6/2021,NRCA,296,300,296,298,439700
10/6/2021,NUSA,50,50,50,50,0
10/6/2021,NZIA,166,166,159,162,7200
10/6/2021,OASA,206,206,200,206,6900
10/6/2021,OCAP,159,159,159,159,0
10/6/2021,OILS,320,346,310,314,38059300
10/6/2021,OILS-W,137,173,135,140,8622600
10/6/2021,OKAS,77,79,75,78,9997400
10/6/2021,OMRE,915,915,915,915,0
10/6/2021,OPMS,153,167,152,159,79933000
10/6/2021,PADI,50,50,50,50,12300
10/6/2021,PALM,515,540,510,510,6307400
10/6/2021,PAMG,86,94,85,90,7623300
10/6/2021,PANI,300,330,292,308,670100
10/6/2021,PANR,204,244,192,222,10473900
10/6/2021,PANS,1350,1350,1295,1320,242800
10/6/2021,PBID,1655,1740,1655,1725,1749200
10/6/2021,PBRX,127,129,126,127,2912500
10/6/2021,PBSA,520,565,520,555,26000
10/6/2021,PCAR,304,308,298,308,59700
10/6/2021,PDES,318,318,314,316,81500
10/6/2021,PEGE,1550,1560,1455,1455,575700
10/6/2021,PEHA,1165,1165,1160,1160,130900
10/6/2021,PGAS,1500,1520,1425,1445,472427200
10/6/2021,PGJO,71,73,70,71,74100
10/6/2021,PGLI,197,220,192,202,58500
10/6/2021,PGUN,308,348,288,300,499900
10/6/2021,PICO,102,104,102,104,61500
10/6/2021,PJAA,560,560,545,560,342200
10/6/2021,PKPK,162,162,162,162,0
10/6/2021,PLAN,33,33,31,32,2845400
10/6/2021,PLAN-W,11,11,10,11,667200
10/6/2021,PLAS,50,50,50,50,0
10/6/2021,PLIN,2450,2450,2450,2450,0
10/6/2021,PMJS,123,124,123,123,89100
10/6/2021,PMMP,434,450,430,442,22787500
10/6/2021,PNBN,755,775,755,765,12589800
10/6/2021,PNBS,88,90,87,89,38628300
10/6/2021,PNGO,1450,1450,1450,1450,1000
10/6/2021,PNIN,685,690,680,685,500100
10/6/2021,PNLF,180,181,178,180,63028300
10/6/2021,PNSE,490,580,482,580,117900
10/6/2021,POLA,159,163,150,158,74300
10/6/2021,POLA-W,74,74,74,74,100
10/6/2021,POLI,1320,1320,1320,1320,1800
10/6/2021,POLL,3000,3000,2790,2790,1758100
10/6/2021,POLU,282,300,256,260,32800
10/6/2021,POLY,53,55,53,54,1523500
10/6/2021,POOL,50,50,50,50,0
10/6/2021,PORT,640,640,600,625,15600
10/6/2021,POSA,50,50,50,50,0
10/6/2021,POWR,615,625,610,620,11791600
10/6/2021,PPGL,101,107,99,106,2967300
10/6/2021,PPGL-W,12,12,11,11,1717700
10/6/2021,PPRE,226,234,224,228,24761700
10/6/2021,PPRO,75,79,74,76,204113900
10/6/2021,PRAS,248,254,246,250,860800
10/6/2021,PRDA,6800,6825,6575,6675,473300
10/6/2021,PRIM,338,340,322,324,6100600
10/6/2021,PSAB,157,177,157,162,159675900
10/6/2021,PSDN,180,180,174,180,33300
10/6/2021,PSGO,175,184,169,180,488600
10/6/2021,PSKT,50,50,50,50,3000
10/6/2021,PSSI,320,330,314,318,4109000
10/6/2021,PTBA,2920,2960,2810,2840,99269600
10/6/2021,PTDU,230,248,226,232,18320200
10/6/2021,PTIS,284,304,284,300,9800
10/6/2021,PTPP,1175,1205,1165,1170,46745900
10/6/2021,PTPW,955,965,920,925,572400
10/6/2021,PTRO,2450,2490,2400,2470,1713200
10/6/2021,PTSN,262,270,258,268,3954700
10/6/2021,PTSP,4850,5600,4840,4860,4000
10/6/2021,PUDP,480,585,462,464,23063700
10/6/2021,PURA,65,69,62,62,454227800
10/6/2021,PURA-W,20,24,16,21,215190900
10/6/2021,PURE,100,101,98,99,6316400
10/6/2021,PURI,348,382,348,360,3700
10/6/2021,PWON,530,535,520,530,96084700
10/6/2021,PYFA,1110,1140,1105,1115,102300
10/6/2021,PZZA,705,705,700,705,465100
10/6/2021,R-ABFII,28600,28600,28600,28600,0
10/6/2021,R-LQ45X,970,987,970,985,103000
10/6/2021,RAJA,226,228,220,222,26214100
10/6/2021,RALS,750,775,745,765,25333800
10/6/2021,RANC,2390,2440,2390,2410,2270100
10/6/2021,RBMS,50,50,50,50,289100
10/6/2021,RDTX,7275,7275,7275,7275,100
10/6/2021,REAL,108,109,102,102,56031500
10/6/2021,RELI,412,470,394,434,4900
10/6/2021,RICY,94,94,93,93,485700
10/6/2021,RIGS,274,294,268,274,2421200
10/6/2021,RIMO,50,50,50,50,0
10/6/2021,RISE,386,386,384,384,193000
10/6/2021,RMBA,306,306,306,306,0
10/6/2021,ROCK,580,610,580,610,3800
10/6/2021,RODA,98,103,98,100,22193900
10/6/2021,RONY,184,184,173,173,52000
10/6/2021,ROTI,1315,1320,1315,1320,4638400
10/6/2021,RSGK,1685,1710,1655,1685,218100
10/6/2021,RUIS,206,210,200,206,146700
10/6/2021,RUNS,505,515,456,464,17001400
10/6/2021,SAFE,191,199,191,197,9100
10/6/2021,SAME,444,464,442,462,46645600
10/6/2021,SAMF,720,720,690,700,320500
10/6/2021,SAPX,1055,1055,1040,1055,7400
10/6/2021,SATU,68,70,67,69,5700900
10/6/2021,SBAT,51,53,50,51,406501100
10/6/2021,SBAT-W,18,20,16,16,94244600
10/6/2021,SBMA,484,515,468,470,147424400
10/6/2021,SBMA-W,186,200,176,183,1356200
10/6/2021,SCCO,10400,10400,10400,10400,100
10/6/2021,SCMA,1955,2080,1955,2030,20087100
10/6/2021,SCNP,248,252,236,248,2215100
10/6/2021,SCPI,29000,29000,29000,29000,0
10/6/2021,SDMU,50,51,50,50,1478000
10/6/2021,SDPC,131,134,129,133,167000
10/6/2021,SDRA,645,655,630,640,399000
10/6/2021,SFAN,1460,1480,1460,1475,680600
10/6/2021,SGER,790,895,775,875,21421400
10/6/2021,SGER-W,605,785,605,740,214900
10/6/2021,SGRO,1930,1955,1930,1955,985800
10/6/2021,SHID,1055,1060,1055,1060,10700
10/6/2021,SHIP,930,930,890,890,316800
10/6/2021,SIDO,760,770,755,755,13019100
10/6/2021,SILO,9100,9100,8825,9000,162300
10/6/2021,SIMA,50,50,50,50,0
10/6/2021,SIMP,494,510,490,498,49310300
10/6/2021,SINI,288,288,264,278,10400
10/6/2021,SINI-W,164,164,164,164,0
10/6/2021,SIPD,1860,1965,1820,1915,11200
10/6/2021,SKBM,344,376,340,340,48300
10/6/2021,SKLT,2270,2270,2270,2270,100
10/6/2021,SKRN,680,695,675,690,1472700
10/6/2021,SKYB,51,51,51,51,0
10/6/2021,SLIS,2980,3150,2920,3030,779100
10/6/2021,SMAR,4370,4400,4350,4360,8700
10/6/2021,SMBR,780,790,760,760,11293500
10/6/2021,SMCB,1745,1755,1730,1730,706300
10/6/2021,SMDM,119,123,118,119,234600
10/6/2021,SMDR,705,745,700,725,15135700
10/6/2021,SMGR,8000,8100,7900,7975,29297000
10/6/2021,SMKL,306,336,304,332,2001400
10/6/2021,SMKL-W,33,41,33,38,9029700
10/6/2021,SMMA,10475,10475,10475,10475,10200
10/6/2021,SMMT,216,224,202,210,57674000
10/6/2021,SMRA,910,925,905,915,63640700
10/6/2021,SMRU,50,50,50,50,0
10/6/2021,SMSM,1415,1470,1415,1470,2715100
10/6/2021,SNLK,1000,1020,1000,1020,295300
10/6/2021,SOCI,195,206,194,206,71014500
10/6/2021,SOFA,45,46,43,45,25496400
10/6/2021,SOHO,5075,5100,5025,5050,3900
10/6/2021,SONA,4380,4380,4380,4380,0
10/6/2021,SOSS,414,418,390,394,50500
10/6/2021,SOSS-W,45,46,43,45,31700
10/6/2021,SOTS,446,446,378,394,14600
10/6/2021,SOTS-W,62,62,49,56,58900
10/6/2021,SPMA,358,360,352,354,388200
10/6/2021,SPTO,535,540,535,540,377000
10/6/2021,SQMI,112,118,105,107,46165000
10/6/2021,SRAJ,292,300,276,286,2116700
10/6/2021,SRIL,146,146,146,146,0
10/6/2021,SRSN,53,55,53,54,5181900
10/6/2021,SRTG,1860,1870,1820,1835,10605700
10/6/2021,SSIA,492,494,490,492,2877800
10/6/2021,SSMS,1025,1045,1005,1025,17571300
10/6/2021,SSTM,880,880,880,880,4000
10/6/2021,STAR,160,160,145,149,233700
10/6/2021,STTP,6800,6800,6800,6800,200
10/6/2021,SUGI,50,50,50,50,0
10/6/2021,SULI,50,50,50,50,202100
10/6/2021,SUPR,14900,14900,14800,14875,56400
10/6/2021,SURE,2000,2000,2000,2000,100
10/6/2021,SWAT,121,139,112,115,224505000
10/6/2021,TALF,292,294,292,292,13900
10/6/2021,TAMA,59,60,56,58,6363200
10/6/2021,TAMA-W,16,17,15,15,5347100
10/6/2021,TAMU,50,50,50,50,400
10/6/2021,TAPG,785,915,785,845,202946700
10/6/2021,TARA,50,50,50,50,4506000
10/6/2021,TAXI,50,50,50,50,0
10/6/2021,TBIG,2850,2930,2840,2900,50615300
10/6/2021,TBLA,870,910,870,890,12593500
10/6/2021,TBMS,1620,1635,1610,1635,1900
10/6/2021,TCID,5400,5675,5400,5675,18800
10/6/2021,TCPI,9525,9825,9500,9600,12504200
10/6/2021,TDPM,119,119,119,119,0
10/6/2021,TEBE,690,700,670,680,345000
10/6/2021,TECH,5875,5875,5575,5875,1825500
10/6/2021,TELE,121,121,121,121,0
10/6/2021,TFAS,5625,5625,5250,5350,557000
10/6/2021,TFCO,695,695,695,695,1500
10/6/2021,TGKA,7100,7100,6950,6975,6800
10/6/2021,TGRA,92,93,91,91,9758200
10/6/2021,TIFA,530,580,500,520,526100
10/6/2021,TINS,1630,1660,1580,1585,79510000
10/6/2021,TIRA,400,470,380,432,133600
10/6/2021,TIRT,55,59,51,52,12992000
10/6/2021,TKIM,7950,8025,7900,7900,5053200
10/6/2021,TLKM,3690,3770,3650,3760,153535700
10/6/2021,TMAS,288,340,288,336,80115600
10/6/2021,TMPO,152,152,141,141,143200
10/6/2021,TNCA,830,985,780,930,2269000
10/6/2021,TOBA,585,630,575,580,3957900
10/6/2021,TOPS,50,50,50,50,34100
10/6/2021,TOTL,322,330,322,328,1228200
10/6/2021,TOTO,202,206,202,202,120800
10/6/2021,TOWR,1250,1270,1225,1235,130768100
10/6/2021,TOYS,197,204,189,190,36322100
10/6/2021,TOYS-W,27,28,25,26,7819500
10/6/2021,TPIA,7000,7350,6950,7275,7091400
10/6/2021,TPMA,496,520,486,500,735200
10/6/2021,TRAM,50,50,50,50,0
10/6/2021,TRIL,50,50,50,50,0
10/6/2021,TRIM,342,342,320,320,55793800
10/6/2021,TRIN,224,230,224,224,4785200
10/6/2021,TRIN-W,35,35,33,35,2121600
10/6/2021,TRIO,426,426,426,426,0
10/6/2021,TRIS,144,155,144,144,471800
10/6/2021,TRIS-W,6,6,6,6,0
10/6/2021,TRJA,250,260,246,250,6397900
10/6/2021,TRST,585,585,580,585,157100
10/6/2021,TRUE,224,228,216,218,13829200
10/6/2021,TRUE-W,23,24,22,23,15762700
10/6/2021,TRUK,175,195,171,186,245007600
10/6/2021,TRUS,330,336,322,336,6300
10/6/2021,TSPC,1445,1480,1430,1455,2822000
10/6/2021,TUGU,1605,1620,1595,1620,69300
10/6/2021,TURI,1365,1370,1365,1370,2000
10/6/2021,UANG,1100,1100,1100,1100,200
10/6/2021,UCID,1590,1610,1580,1610,504700
10/6/2021,UFOE,875,885,810,810,799100
10/6/2021,ULTJ,1540,1555,1540,1545,595300
10/6/2021,UNIC,8900,9000,8725,8900,2400
10/6/2021,UNIQ,89,92,88,88,9297500
10/6/2021,UNIT,316,316,316,316,0
10/6/2021,UNSP,123,128,121,126,3966000
10/6/2021,UNTR,26650,26875,26200,26525,6282400
10/6/2021,UNVR,4200,4300,4160,4270,53674800
10/6/2021,URBN,790,815,770,810,893000
10/6/2021,URBN-W,63,66,60,66,1245100
10/6/2021,UVCR,560,595,510,570,36890000
10/6/2021,UVCR-W,232,268,224,242,6071300
10/6/2021,VICI,406,410,400,404,3875900
10/6/2021,VICO,170,170,160,164,2086500
10/6/2021,VINS,113,113,111,111,1100800
10/6/2021,VIVA,50,51,50,50,25370400
10/6/2021,VOKS,179,182,179,181,108800
10/6/2021,VRNA,146,149,141,147,398300
10/6/2021,WAPO,90,95,89,93,525200
10/6/2021,WEGE,206,214,206,206,32980300
10/6/2021,WEHA,228,238,214,214,25658300
10/6/2021,WICO,436,436,412,432,10400
10/6/2021,WIFI,685,705,675,685,40671700
10/6/2021,WIFI-W,220,220,192,220,1300
10/6/2021,WIIM,530,530,510,515,11760000
10/6/2021,WIKA,1325,1350,1320,1330,51142800
10/6/2021,WINS,144,144,134,135,23834600
10/6/2021,WMUU,167,173,165,167,58229000
10/6/2021,WOMF,232,232,228,232,177200
10/6/2021,WOOD,700,705,685,705,13712200
10/6/2021,WOWS,51,56,50,52,119550400
10/6/2021,WSBP,163,169,163,164,79487000
10/6/2021,WSKT,980,1020,965,1005,135377000
10/6/2021,WTON,282,292,280,286,28150400
10/6/2021,XAFA,1073,1073,1073,1073,100
10/6/2021,XAQA,905,916,905,916,2800
10/6/2021,XBES,902,902,902,902,200
10/6/2021,XBID,506,506,506,506,0
10/6/2021,XBIG,529,529,529,529,400
10/6/2021,XBIN,467,467,467,467,0
10/6/2021,XBLQ,455,455,455,455,0
10/6/2021,XBNI,977,1002,977,1002,3100
10/6/2021,XBSK,370,370,370,370,0
10/6/2021,XCID,83,85,83,83,8100
10/6/2021,XCIS,105,105,105,105,0
10/6/2021,XCLQ,94,98,94,97,59100
10/6/2021,XDIF,441,441,441,441,0
10/6/2021,XDSG,936,936,936,936,0
10/6/2021,XIFE,99,101,99,100,47700
10/6/2021,XIHD,500,500,476,484,73700
10/6/2021,XIIC,960,960,956,957,1700
10/6/2021,XIID,508,508,500,501,146500
10/6/2021,XIIF,536,536,533,533,300
10/6/2021,XIIT,507,523,507,519,83900
10/6/2021,XIJI,582,585,580,584,31100
10/6/2021,XILV,110,113,110,112,261200
10/6/2021,XIML,250,250,250,250,0
10/6/2021,XIPI,174,174,170,172,16700
10/6/2021,XISB,398,398,398,398,0
10/6/2021,XISC,699,706,699,706,800
10/6/2021,XISI,334,334,334,334,1000
10/6/2021,XISR,369,378,369,378,15200
10/6/2021,XKIV,471,472,471,472,1900
10/6/2021,XKMS,1047,1062,1046,1062,10800
10/6/2021,XMIG,173,173,173,173,100
10/6/2021,XMJM,1001,1001,1001,1001,0
10/6/2021,XMTS,412,412,412,412,0
10/6/2021,XNVE,149,150,148,150,98900
10/6/2021,XPCR,872,872,872,872,0
10/6/2021,XPDV,439,464,439,464,1100
10/6/2021,XPES,383,383,383,383,700
10/6/2021,XPFT,515,515,515,515,100
10/6/2021,XPID,500,500,500,500,0
10/6/2021,XPLC,442,444,442,444,200
10/6/2021,XPLQ,452,452,452,452,0
10/6/2021,XPMI,900,900,900,900,0
10/6/2021,XPSG,369,369,369,369,0
10/6/2021,XPTD,466,466,466,466,100
10/6/2021,XSBC,101,101,101,101,4300
10/6/2021,XSMU,130,130,130,130,0
10/6/2021,XSPI,750,750,750,750,0
10/6/2021,XSRI,169,169,169,169,0
10/6/2021,XSSI,75,75,73,75,4100
10/6/2021,XSSK,614,614,614,614,0
10/6/2021,YELO,392,414,382,388,35113500
10/6/2021,YELO-W,75,77,73,73,2533400
10/6/2021,YPAS,600,695,560,650,64800
10/6/2021,YULE,665,760,665,675,8600
10/6/2021,ZBRA,790,795,775,795,10776400
10/6/2021,ZINC,120,124,120,122,576044800
10/6/2021,ZONE,400,404,400,404,225600
10/6/2021,ZYRX,535,560,515,545,13068800
10/6/2021,ZYRX-W,113,113,102,107,1172600
