<date>,<ticker>,<open>,<high>,<low>,<close>,<volume>
11/18/2021,IHSG,6653.7,6669.786,6621.693,6636.469,258422602
11/18/2021,AALI,10325,10550,10300,10450,980600
11/18/2021,ABBA,424,438,422,422,7023400
11/18/2021,ABDA,6700,6700,6700,6700,0
11/18/2021,ABMM,1425,1450,1390,1410,4481200
11/18/2021,ACES,1330,1370,1330,1355,25066500
11/18/2021,ACST,258,260,256,258,4491800
11/18/2021,ADES,2780,2880,2780,2870,280700
11/18/2021,ADHI,1110,1120,1105,1115,16596000
11/18/2021,ADMF,7825,7850,7800,7825,61700
11/18/2021,ADMG,218,222,216,220,811700
11/18/2021,ADRO,1620,1645,1610,1625,48501400
11/18/2021,AGAR,342,348,342,348,1400
11/18/2021,AGII,1405,1495,1400,1495,7578500
11/18/2021,AGRO,2240,2350,2210,2260,76701800
11/18/2021,AGRS,191,191,188,189,9723300
11/18/2021,AHAP,70,78,70,72,61159400
11/18/2021,AIMS,510,515,505,510,1631000
11/18/2021,AISA,222,224,218,222,3462100
11/18/2021,AKKU,50,50,50,50,336900
11/18/2021,AKPI,690,790,690,755,45900
11/18/2021,AKRA,4300,4350,4190,4210,7962100
11/18/2021,AKSI,432,434,424,424,22500
11/18/2021,ALDO,775,805,765,785,5098900
11/18/2021,ALKA,246,246,232,244,1600
11/18/2021,ALMI,252,252,240,250,2300
11/18/2021,ALTO,292,292,286,290,27000
11/18/2021,AMAG,336,340,336,340,927000
11/18/2021,AMAN,498,498,494,496,1825000
11/18/2021,AMAR,306,316,302,306,6853900
11/18/2021,AMFG,4800,4850,4780,4800,49600
11/18/2021,AMIN,254,274,238,254,5281000
11/18/2021,AMOR,3960,3960,3850,3880,1356600
11/18/2021,AMRT,1190,1225,1170,1200,18803800
11/18/2021,ANDI,50,50,50,50,545600
11/18/2021,ANJT,980,1000,965,980,45800
11/18/2021,ANTM,2350,2370,2320,2330,52679900
11/18/2021,APEX,565,565,545,550,24800
11/18/2021,APIC,1015,1020,995,1010,8722200
11/18/2021,APII,185,191,185,190,1122500
11/18/2021,APLI,200,202,200,200,24800
11/18/2021,APLN,137,139,136,136,8464200
11/18/2021,ARCI,600,605,590,595,3385800
11/18/2021,ARGO,1585,1585,1585,1585,200
11/18/2021,ARII,288,290,288,290,17200
11/18/2021,ARKA,66,68,64,65,43975800
11/18/2021,ARMY,50,50,50,50,0
11/18/2021,ARNA,845,865,825,855,2033200
11/18/2021,ARTA,1910,1910,1875,1890,27900
11/18/2021,ARTI,50,50,50,50,41300
11/18/2021,ARTO,15800,15800,15300,15450,28210500
11/18/2021,ASBI,300,320,298,300,85600
11/18/2021,ASDM,940,940,940,940,4000
11/18/2021,ASGR,795,795,780,785,460300
11/18/2021,ASII,6250,6250,6175,6200,29629900
11/18/2021,ASJT,149,150,144,147,893300
11/18/2021,ASMI,300,302,298,302,109200
11/18/2021,ASPI,80,82,80,81,5177700
11/18/2021,ASPI-W,18,19,18,18,1290900
11/18/2021,ASRI,184,187,183,184,10384700
11/18/2021,ASRM,1645,1645,1640,1640,600
11/18/2021,ASSA,3670,3750,3610,3630,6960800
11/18/2021,ATAP,192,212,187,195,34700600
11/18/2021,ATIC,615,630,605,620,334200
11/18/2021,AUTO,1340,1385,1320,1320,7848000
11/18/2021,AYLS,222,236,220,230,41996900
11/18/2021,BABP,228,230,216,220,222930500
11/18/2021,BABP-W3,134,134,118,119,217800
11/18/2021,BABP-W4,160,216,160,179,77200
11/18/2021,BACA,306,306,300,300,16443700
11/18/2021,BACA-W2,102,102,102,102,0
11/18/2021,BAJA,378,388,374,386,3218500
11/18/2021,BALI,1080,1080,1005,1005,5083100
11/18/2021,BANK,2800,2800,2590,2620,39425200
11/18/2021,BANK-W,2540,2550,2540,2550,600
11/18/2021,BAPA,80,88,75,76,169785700
11/18/2021,BAPI,50,50,50,50,46800
11/18/2021,BAPI-W,7,7,6,7,4082700
11/18/2021,BATA,520,520,515,520,34500
11/18/2021,BAYU,1500,1500,1165,1165,19600
11/18/2021,BBCA,7425,7500,7400,7400,78839600
11/18/2021,BBHI,8000,8000,7800,7825,2417300
11/18/2021,BBKP,366,366,342,348,345221000
11/18/2021,BBLD,402,406,400,406,100100
11/18/2021,BBMD,2040,2050,2000,2010,5500
11/18/2021,BBNI,7000,7000,6900,6925,10818300
11/18/2021,BBRI,4150,4190,4140,4180,114881200
11/18/2021,BBRM,50,50,50,50,4300
11/18/2021,BBSI,5875,5900,5800,5850,35200
11/18/2021,BBSS,70,71,69,70,12183500
11/18/2021,BBTN,1775,1775,1755,1775,15972500
11/18/2021,BBYB,2040,2290,2000,2240,223028100
11/18/2021,BCAP,99,100,97,98,12405100
11/18/2021,BCIC,290,296,280,288,30027700
11/18/2021,BCIP,110,144,108,132,1263935800
11/18/2021,BDMN,2500,2500,2450,2450,4429700
11/18/2021,BEBS,3300,3650,3290,3430,32021800
11/18/2021,BEEF,84,85,83,83,3322800
11/18/2021,BEKS,68,68,67,67,53656600
11/18/2021,BELL,171,196,166,169,4701000
11/18/2021,BESS,1930,1955,1925,1940,523900
11/18/2021,BESS-W,1805,1805,1805,1805,3500
11/18/2021,BEST,129,131,128,129,7507800
11/18/2021,BFIN,1080,1090,1060,1070,31381600
11/18/2021,BGTG,242,248,230,232,149140600
11/18/2021,BHAT,920,920,910,920,876400
11/18/2021,BHIT,60,61,59,60,93314000
11/18/2021,BIKA,274,278,270,270,196400
11/18/2021,BIMA,188,199,186,188,11188700
11/18/2021,BINA,3810,3810,3650,3790,801700
11/18/2021,BIPI,52,54,52,53,672104100
11/18/2021,BIPI-W,17,17,16,17,7067200
11/18/2021,BIPP,54,54,53,53,1589500
11/18/2021,BIRD,1620,1640,1585,1600,2457000
11/18/2021,BISI,1015,1020,1005,1015,79600
11/18/2021,BJBR,1400,1400,1385,1400,2339100
11/18/2021,BJTM,755,765,755,755,2294000
11/18/2021,BKDP,51,51,50,51,151800
11/18/2021,BKSL,64,65,63,64,34564400
11/18/2021,BKSW,191,191,188,188,7700700
11/18/2021,BLTA,50,50,50,50,38100
11/18/2021,BLTZ,3250,3290,3250,3250,3700
11/18/2021,BLUE,800,800,785,795,160600
11/18/2021,BMAS,1425,1500,1425,1460,833700
11/18/2021,BMHS,860,865,835,865,30002100
11/18/2021,BMRI,7200,7225,7150,7175,15455800
11/18/2021,BMSR,222,274,206,274,30817100
11/18/2021,BMTR,274,278,272,274,18338300
11/18/2021,BNBA,3270,3270,3270,3270,3350100
11/18/2021,BNBR,50,50,50,50,14100
11/18/2021,BNGA,1040,1040,1025,1030,4159600
11/18/2021,BNII,374,410,364,408,103243800
11/18/2021,BNLI,1750,1770,1745,1750,108700
11/18/2021,BOBA,276,280,270,274,2781500
11/18/2021,BOGA,1500,1505,1490,1495,93788800
11/18/2021,BOLA,785,825,755,760,33040800
11/18/2021,BOLT,670,685,670,685,3200
11/18/2021,BOSS,87,87,85,86,11136700
11/18/2021,BPFI,1005,1005,1005,1005,300
11/18/2021,BPII,4680,4680,4680,4680,0
11/18/2021,BPTR,240,254,224,224,9121400
11/18/2021,BRAM,7500,7975,7500,7975,1100
11/18/2021,BRIS,2080,2100,2060,2070,15944600
11/18/2021,BRMS,105,114,104,109,1293420000
11/18/2021,BRNA,1240,1240,1240,1240,100
11/18/2021,BRPT,1040,1060,1025,1040,37541400
11/18/2021,BSDE,1215,1215,1165,1180,21300300
11/18/2021,BSIM,1015,1035,985,985,2632900
11/18/2021,BSSR,3100,3170,2960,3100,50600
11/18/2021,BSWD,1750,1750,1750,1750,0
11/18/2021,BTEK,50,50,50,50,127800
11/18/2021,BTEL,50,50,50,50,0
11/18/2021,BTON,404,404,394,398,58000
11/18/2021,BTPN,2720,2730,2700,2710,43500
11/18/2021,BTPS,3900,3970,3850,3970,2825100
11/18/2021,BUDI,177,185,175,184,19457400
11/18/2021,BUKA,710,715,695,695,104592500
11/18/2021,BUKK,1095,1100,1075,1075,35000
11/18/2021,BULL,260,264,258,260,163888100
11/18/2021,BULL-W2,55,55,54,55,2800
11/18/2021,BUMI,67,68,65,66,257640400
11/18/2021,BUVA,60,60,60,60,0
11/18/2021,BVIC,189,195,178,180,110687800
11/18/2021,BWPT,87,88,86,87,22295100
11/18/2021,BYAN,26000,26000,25800,25900,64100
11/18/2021,CAKK,104,112,103,106,84918600
11/18/2021,CAMP,302,308,302,304,469500
11/18/2021,CANI,198,228,193,202,11730600
11/18/2021,CARE,482,486,470,474,413162500
11/18/2021,CARS,50,50,50,50,585600
11/18/2021,CASA,470,474,468,472,7223100
11/18/2021,CASH,350,350,320,332,25658700
11/18/2021,CASS,530,530,520,525,45200
11/18/2021,CBMF,83,91,83,88,40829100
11/18/2021,CCSI,560,570,530,545,539600
11/18/2021,CEKA,1935,1935,1910,1935,26900
11/18/2021,CENT,302,314,302,304,47072400
11/18/2021,CFIN,268,270,266,268,2885300
11/18/2021,CINT,280,280,274,278,132200
11/18/2021,CITA,2900,2900,2900,2900,0
11/18/2021,CITY,174,194,170,194,3957300
11/18/2021,CLAY,870,875,865,865,3200
11/18/2021,CLEO,472,476,460,476,8379100
11/18/2021,CLPI,1035,1035,1030,1035,8800
11/18/2021,CMNP,1345,1360,1320,1350,172600
11/18/2021,CMNP-W,402,402,402,402,0
11/18/2021,CMNT,1140,1145,1100,1115,28893300
11/18/2021,CMPP,184,184,184,184,0
11/18/2021,CNKO,50,50,50,50,2300
11/18/2021,CNTB,250,250,250,250,0
11/18/2021,CNTX,246,256,230,256,208300
11/18/2021,COCO,284,308,278,280,84222400
11/18/2021,COCO-W,58,58,58,58,0
11/18/2021,COWL,50,50,50,50,0
11/18/2021,CPIN,5975,5975,5825,5850,10295500
11/18/2021,CPRI,50,50,50,50,0
11/18/2021,CPRI-W,12,12,12,12,0
11/18/2021,CPRO,97,118,95,115,4630062400
11/18/2021,CSAP,565,580,565,580,115900
11/18/2021,CSIS,167,174,160,168,107401200
11/18/2021,CSMI,3560,3560,3560,3560,300
11/18/2021,CSRA,490,520,490,520,2821800
11/18/2021,CTBN,2640,2640,2520,2530,1800
11/18/2021,CTRA,1185,1190,1140,1145,32469400
11/18/2021,CTTH,50,51,50,50,897900
11/18/2021,DADA,50,50,50,50,703200
11/18/2021,DADA-W,12,13,12,13,13386500
11/18/2021,DART,302,312,280,280,14981900
11/18/2021,DAYA,284,342,280,290,419200
11/18/2021,DCII,45000,45000,44850,44850,700
11/18/2021,DEAL,50,50,50,50,198300
11/18/2021,DEFI,1025,1035,1025,1025,4500
11/18/2021,DEWA,50,50,50,50,869200
11/18/2021,DFAM,362,362,356,360,193200
11/18/2021,DGIK,177,185,173,183,101215800
11/18/2021,DGNS,810,810,760,760,10986300
11/18/2021,DIGI,200,216,192,199,33717200
11/18/2021,DILD,176,176,173,175,1342900
11/18/2021,DIVA,2150,2180,2130,2150,287700
11/18/2021,DKFT,132,133,131,132,2811700
11/18/2021,DLTA,3870,3920,3860,3870,15800
11/18/2021,DMAS,224,228,224,224,10731800
11/18/2021,DMMX,2810,2820,2750,2770,8471400
11/18/2021,DMND,850,850,825,850,13400
11/18/2021,DNAR,280,280,272,276,13327100
11/18/2021,DNET,3190,3270,3190,3270,17500
11/18/2021,DOID,294,294,288,290,30419500
11/18/2021,DPNS,402,408,398,406,380500
11/18/2021,DPUM,50,50,50,50,0
11/18/2021,DSFI,112,117,109,115,7011300
11/18/2021,DSNG,580,595,575,595,26775000
11/18/2021,DSSA,48800,51000,48800,50975,12800
11/18/2021,DUCK,176,176,176,176,0
11/18/2021,DUTI,3320,3320,3320,3320,0
11/18/2021,DVLA,2460,2480,2450,2450,8200
11/18/2021,DWGL,185,196,184,194,46900
11/18/2021,DWGL-W,29,30,24,28,995600
11/18/2021,DYAN,90,93,90,90,10574500
11/18/2021,EAST,98,100,97,98,3881900
11/18/2021,EAST-W,12,13,12,13,2907800
11/18/2021,ECII,930,940,930,940,300
11/18/2021,EDGE,23200,23775,23200,23775,4300
11/18/2021,EKAD,1495,1500,1485,1490,65200
11/18/2021,ELSA,300,300,292,292,35375900
11/18/2021,ELTY,50,50,50,50,0
11/18/2021,EMDE,178,180,177,180,95800
11/18/2021,EMTK,1990,2020,1970,1980,15886100
11/18/2021,ENRG,117,119,116,117,381094200
11/18/2021,ENVY,50,50,50,50,0
11/18/2021,ENZO,50,50,50,50,612800
11/18/2021,ENZO-W,15,17,15,16,5136100
11/18/2021,EPAC,51,52,50,51,2341700
11/18/2021,EPMT,2540,2570,2530,2550,23000
11/18/2021,ERAA,670,685,645,650,195725600
11/18/2021,ERTX,193,195,189,190,267600
11/18/2021,ESIP,93,101,93,98,5436600
11/18/2021,ESSA,328,368,326,352,229958700
11/18/2021,ESTA,180,226,162,226,12496900
11/18/2021,ESTI,156,159,152,155,3186700
11/18/2021,ETWA,62,62,62,62,0
11/18/2021,EXCL,2930,2930,2860,2860,13955300
11/18/2021,FAPA,3150,3170,3130,3160,138200
11/18/2021,FAST,990,990,990,990,8800
11/18/2021,FASW,7600,7600,7600,7600,0
11/18/2021,FILM,605,615,580,610,25989900
11/18/2021,FIMP,55,55,50,51,2402100
11/18/2021,FIMP-W,16,17,16,17,142800
11/18/2021,FIRE,545,545,505,510,1535700
11/18/2021,FISH,7825,8800,7825,8725,2900
11/18/2021,FITT,510,510,510,510,0
11/18/2021,FITT-W,370,370,370,370,0
11/18/2021,FLMC,336,338,310,312,32600
11/18/2021,FMII,418,426,414,424,2800
11/18/2021,FOOD,119,135,119,130,4507900
11/18/2021,FORU,222,232,204,206,4416600
11/18/2021,FORZ,50,50,50,50,0
11/18/2021,FPNI,240,242,234,234,2245700
11/18/2021,FREN,104,105,100,101,661648000
11/18/2021,FREN-W,11,11,11,11,0
11/18/2021,FREN-W2,33,33,31,31,288165200
11/18/2021,FUJI,490,550,470,490,96800
11/18/2021,GAMA,50,50,50,50,1100
11/18/2021,GDST,104,108,102,104,20760400
11/18/2021,GDYR,1410,1425,1410,1420,5900
11/18/2021,GEMA,346,346,346,346,0
11/18/2021,GEMS,4230,4270,4100,4150,84400
11/18/2021,GGRM,33800,33800,33200,33400,488100
11/18/2021,GGRP,705,705,675,690,165800
11/18/2021,GHON,2590,2590,2440,2580,9100
11/18/2021,GIAA,222,222,222,222,0
11/18/2021,GJTL,710,715,705,705,2463600
11/18/2021,GLOB,204,218,200,206,297200
11/18/2021,GLVA,276,282,266,280,316100
11/18/2021,GMFI,85,85,83,84,352800
11/18/2021,GMTD,16725,16725,16725,16725,0
11/18/2021,GOLD,390,406,390,392,42800
11/18/2021,GOLL,50,50,50,50,0
11/18/2021,GOOD,510,510,498,505,6964100
11/18/2021,GPRA,91,92,88,88,12819200
11/18/2021,GPSO,157,159,154,156,967500
11/18/2021,GPSO-W,48,49,47,47,520300
11/18/2021,GSMF,210,210,200,204,329400
11/18/2021,GTBO,75,75,75,75,0
11/18/2021,GTSI,69,70,68,69,13344400
11/18/2021,GWSA,192,208,185,199,7183500
11/18/2021,GZCO,51,51,50,51,6717800
11/18/2021,HADE,50,50,50,50,1200
11/18/2021,HAIS,220,230,214,216,13236700
11/18/2021,HDFA,244,298,244,280,612700
11/18/2021,HDIT,362,372,362,370,959600
11/18/2021,HDTX,120,120,120,120,0
11/18/2021,HEAL,1000,1010,985,995,15660800
11/18/2021,HELI,350,358,334,344,67800
11/18/2021,HERO,1880,1885,1825,1880,15400
11/18/2021,HEXA,4450,4550,4440,4490,278700
11/18/2021,HITS,458,460,456,456,117400
11/18/2021,HKMU,58,71,56,67,717776400
11/18/2021,HMSP,1035,1040,1020,1025,13735300
11/18/2021,HOKI,191,192,188,189,10719800
11/18/2021,HOME,50,50,50,50,0
11/18/2021,HOMI,1735,1750,1720,1720,300100
11/18/2021,HOPE,90,107,90,100,91395200
11/18/2021,HOPE-W,19,21,18,19,35411400
11/18/2021,HOTL,50,50,50,50,17900
11/18/2021,HRME,61,62,60,61,7775800
11/18/2021,HRTA,238,244,236,240,5121500
11/18/2021,HRUM,8100,8175,7825,8000,4164000
11/18/2021,IATA,70,71,66,66,131746200
11/18/2021,IBFN,114,114,112,114,28400
11/18/2021,IBST,8100,8200,8100,8200,600
11/18/2021,ICBP,8875,9175,8875,9075,9739300
11/18/2021,ICON,102,103,100,101,1889000
11/18/2021,IDEA,187,192,185,192,7448700
11/18/2021,IDPR,232,260,226,248,43512200
11/18/2021,IFII,162,162,157,158,96400
11/18/2021,IFSH,1600,1600,1500,1590,1300
11/18/2021,IGAR,420,422,418,418,28600
11/18/2021,IIKP,50,50,50,50,0
11/18/2021,IKAI,50,50,50,50,129800
11/18/2021,IKAN,103,104,102,103,3014100
11/18/2021,IKBI,254,258,254,258,8400
11/18/2021,IMAS,1005,1025,1000,1010,1854700
11/18/2021,IMJS,454,466,444,456,12917500
11/18/2021,IMPC,2400,2410,2340,2350,4546000
11/18/2021,INAF,2340,2370,2310,2350,161900
11/18/2021,INAI,308,316,290,306,145500
11/18/2021,INCF,640,645,615,630,839400
11/18/2021,INCI,640,645,635,645,18900
11/18/2021,INCO,4770,4790,4720,4720,5876000
11/18/2021,INDF,6325,6575,6300,6550,27526600
11/18/2021,INDO,190,244,181,189,136376700
11/18/2021,INDO-W,77,118,77,82,3681700
11/18/2021,INDR,4790,4790,4680,4690,32500
11/18/2021,INDS,2010,2010,2010,2010,700
11/18/2021,INDX,106,110,105,106,1655000
11/18/2021,INDY,1655,1655,1610,1630,19786800
11/18/2021,INKP,8750,8775,8525,8525,5936500
11/18/2021,INOV,196,199,193,196,358000
11/18/2021,INPC,151,153,146,147,17753200
11/18/2021,INPC-W,38,39,35,35,4298600
11/18/2021,INPP,645,650,625,650,3300
11/18/2021,INPS,1770,1770,1770,1770,0
11/18/2021,INRU,710,715,700,700,2000
11/18/2021,INTA,133,133,126,132,93000
11/18/2021,INTD,268,270,244,244,1369900
11/18/2021,INTP,11850,12050,11675,11825,2962100
11/18/2021,IPAC,120,125,120,125,72400
11/18/2021,IPCC,550,560,545,560,4433900
11/18/2021,IPCM,328,332,324,326,4825500
11/18/2021,IPOL,181,185,179,181,6547800
11/18/2021,IPTV,238,240,234,240,6556300
11/18/2021,IRRA,1705,1725,1690,1705,1801300
11/18/2021,ISAT,6900,6950,6600,6800,6106600
11/18/2021,ISSP,460,468,452,454,17985300
11/18/2021,ITIC,314,318,312,318,1411800
11/18/2021,ITMA,525,530,515,530,48700
11/18/2021,ITMA-W,120,120,92,100,33300
11/18/2021,ITMG,19900,19925,19350,19500,3040500
11/18/2021,JAST,142,152,142,148,22671100
11/18/2021,JAWA,171,176,167,171,21834800
11/18/2021,JAYA,122,133,119,128,60968100
11/18/2021,JAYA-W,42,56,35,48,29059400
11/18/2021,JECC,6025,6025,6000,6000,1100
11/18/2021,JGLE,50,50,50,50,600
11/18/2021,JIHD,476,476,476,476,5400
11/18/2021,JKON,133,135,131,131,1062000
11/18/2021,JKSW,60,60,60,60,0
11/18/2021,JMAS,162,164,159,163,429800
11/18/2021,JPFA,1675,1695,1665,1685,21628700
11/18/2021,JRPT,490,492,486,490,1737800
11/18/2021,JSKY,121,121,120,121,8727600
11/18/2021,JSMR,4160,4190,4150,4150,1576400
11/18/2021,JSPT,790,790,790,790,1000
11/18/2021,JTPE,1120,1120,1115,1115,110300
11/18/2021,KAEF,2410,2420,2400,2400,942600
11/18/2021,KARW,95,106,95,99,13982200
11/18/2021,KAYU,66,66,64,64,7619300
11/18/2021,KBAG,68,69,66,66,119464100
11/18/2021,KBAG-W,19,20,19,19,38393000
11/18/2021,KBLI,290,290,286,288,2118400
11/18/2021,KBLM,230,236,228,236,685900
11/18/2021,KBLV,705,735,705,735,24600
11/18/2021,KBRI,50,50,50,50,0
11/18/2021,KDSI,1020,1060,975,980,22300
11/18/2021,KEEN,440,444,438,440,948300
11/18/2021,KEJU,1200,1210,1190,1200,41500
11/18/2021,KIAS,50,50,50,50,72700
11/18/2021,KICI,356,360,350,360,868100
11/18/2021,KIJA,174,174,170,170,2602200
11/18/2021,KINO,2080,2110,2070,2100,168500
11/18/2021,KIOS,730,795,725,745,101915700
11/18/2021,KJEN,494,615,494,615,26900
11/18/2021,KKGI,280,282,278,280,351300
11/18/2021,KLBF,1610,1620,1600,1615,28281300
11/18/2021,KMDS,480,480,456,478,4800
11/18/2021,KMTR,342,342,334,342,61800
11/18/2021,KOBX,288,324,266,306,41012300
11/18/2021,KOIN,168,180,162,166,110200
11/18/2021,KONI,885,885,825,880,2400
11/18/2021,KOPI,605,620,605,615,1800
11/18/2021,KOTA,111,117,106,114,208564700
11/18/2021,KOTA-W,95,98,90,96,184400
11/18/2021,KPAL,50,50,50,50,0
11/18/2021,KPAS,62,62,62,62,0
11/18/2021,KPIG,100,100,98,99,25858400
11/18/2021,KRAH,436,436,436,436,0
11/18/2021,KRAS,520,525,510,520,9453200
11/18/2021,KREN,95,95,92,93,18678800
11/18/2021,KUAS,216,232,210,224,13781200
11/18/2021,KUAS-W,57,59,54,55,2353500
11/18/2021,LABA,190,191,177,179,106302900
11/18/2021,LABA-W,23,23,21,22,10857100
11/18/2021,LAND,90,94,90,93,2756200
11/18/2021,LAPD,50,50,50,50,0
11/18/2021,LCGP,114,114,114,114,0
11/18/2021,LCKM,318,318,318,318,300
11/18/2021,LEAD,61,62,56,58,111864600
11/18/2021,LFLO,110,123,101,105,10532200
11/18/2021,LFLO-W,14,16,13,14,31638200
11/18/2021,LIFE,6000,6000,6000,6000,0
11/18/2021,LINK,4090,4100,4030,4050,3674900
11/18/2021,LION,364,380,342,354,141800
11/18/2021,LMAS,84,92,84,88,106986700
11/18/2021,LMPI,193,196,192,193,181200
11/18/2021,LMSH,725,725,705,720,12200
11/18/2021,LPCK,1170,1435,1170,1345,19139800
11/18/2021,LPGI,4860,4860,4860,4860,0
11/18/2021,LPIN,990,1230,960,1150,31375200
11/18/2021,LPKR,143,149,142,147,164375500
11/18/2021,LPLI,276,310,276,298,1647900
11/18/2021,LPPF,4050,4320,4050,4190,12782800
11/18/2021,LPPS,115,116,108,115,3777300
11/18/2021,LRNA,184,184,182,184,6200
11/18/2021,LSIP,1350,1380,1350,1365,14257800
11/18/2021,LTLS,750,750,700,715,419400
11/18/2021,LUCK,268,276,258,264,32373000
11/18/2021,LUCY,53,55,52,55,66179600
11/18/2021,LUCY-W,15,15,14,14,1197900
11/18/2021,MABA,50,50,50,50,0
11/18/2021,MAGP,50,50,50,50,500
11/18/2021,MAIN,705,710,700,700,2094800
11/18/2021,MAMI,50,50,50,50,0
11/18/2021,MAMI-W,6,6,6,6,0
11/18/2021,MAMIP,600,600,600,600,0
11/18/2021,MAPA,2840,2840,2800,2820,392800
11/18/2021,MAPB,1680,1680,1675,1675,2400
11/18/2021,MAPI,820,840,800,835,38258700
11/18/2021,MARI,442,448,428,430,15715300
11/18/2021,MARK,1090,1160,1080,1160,8791900
11/18/2021,MASA,5000,5125,4950,5000,21600
11/18/2021,MASB,3520,3530,3500,3530,8400
11/18/2021,MASB-W,348,348,322,324,3800
11/18/2021,MAYA,760,770,745,750,1537100
11/18/2021,MBAP,3750,3780,3700,3750,72100
11/18/2021,MBSS,745,750,725,735,756800
11/18/2021,MBTO,148,149,145,147,194400
11/18/2021,MCAS,12450,12875,12375,12875,824600
11/18/2021,MCOL,3340,3440,3250,3390,2681300
11/18/2021,MCOR,131,133,129,131,28270000
11/18/2021,MDIA,51,51,50,50,6393700
11/18/2021,MDKA,3500,3520,3420,3450,58219700
11/18/2021,MDKI,220,220,212,216,970100
11/18/2021,MDLN,51,51,51,51,0
11/18/2021,MDRN,50,50,50,50,100
11/18/2021,MEDC,540,545,515,520,95223700
11/18/2021,MEGA,8425,8425,8325,8400,20900
11/18/2021,MERK,3500,3530,3480,3500,17700
11/18/2021,META,132,135,131,133,1929400
11/18/2021,MFIN,1050,1080,1040,1065,179900
11/18/2021,MFMI,995,1000,985,985,11400
11/18/2021,MGLV,206,216,200,210,64600
11/18/2021,MGLV-W,14,14,13,13,4561800
11/18/2021,MGNA,50,50,50,50,0
11/18/2021,MGRO,825,825,800,805,4576500
11/18/2021,MICE,382,396,380,390,215300
11/18/2021,MIDI,2090,2090,2090,2090,0
11/18/2021,MIKA,2350,2430,2320,2340,30184600
11/18/2021,MINA,50,51,50,51,2574700
11/18/2021,MIRA,50,50,50,50,8700
11/18/2021,MITI,294,320,240,240,246000800
11/18/2021,MKNT,50,50,50,50,6200
11/18/2021,MKPI,24925,24925,24925,24925,0
11/18/2021,MLBI,8475,8475,8200,8200,137600
11/18/2021,MLIA,2300,2360,2220,2360,5801400
11/18/2021,MLPL,362,374,362,368,242050700
11/18/2021,MLPT,3500,3600,3500,3600,528700
11/18/2021,MMLP,515,520,505,515,8728600
11/18/2021,MNCN,980,1000,970,995,66646000
11/18/2021,MOLI,555,650,550,580,252500
11/18/2021,MPMX,850,865,835,840,9885400
11/18/2021,MPOW,118,121,117,118,2438600
11/18/2021,MPPA,570,585,535,545,108950300
11/18/2021,MPRO,1145,1145,1030,1030,2400
11/18/2021,MRAT,320,324,308,316,1137400
11/18/2021,MREI,4000,4000,3850,3850,2000
11/18/2021,MSIN,515,540,515,540,21913900
11/18/2021,MSKY,338,338,326,334,11300
11/18/2021,MTDL,3580,3670,3520,3520,3468000
11/18/2021,MTFN,50,50,50,50,100000
11/18/2021,MTLA,436,436,410,410,480200
11/18/2021,MTPS,127,131,125,130,3250100
11/18/2021,MTRA,244,244,244,244,0
11/18/2021,MTSM,268,310,258,260,8126600
11/18/2021,MTWI,111,111,108,109,540600
11/18/2021,MYOH,1695,1695,1685,1695,22400
11/18/2021,MYOR,2360,2370,2320,2320,2699000
11/18/2021,MYRX,50,50,50,50,0
11/18/2021,MYRXP,50,50,50,50,0
11/18/2021,MYTX,85,95,85,92,3456500
11/18/2021,NASA,65,69,65,68,9779600
11/18/2021,NATO,715,715,695,715,277143600
11/18/2021,NATO-W,302,302,302,302,100
11/18/2021,NELY,240,252,238,250,2843200
11/18/2021,NFCX,9650,9850,9600,9800,111700
11/18/2021,NICK,490,510,490,510,11400
11/18/2021,NICL,76,80,74,77,45207600
11/18/2021,NICL-W,11,12,10,11,109637900
11/18/2021,NIKL,1080,1080,1060,1065,240000
11/18/2021,NIPS,282,282,282,282,0
11/18/2021,NIRO,150,150,148,149,32800
11/18/2021,NISP,695,695,685,690,2937500
11/18/2021,NOBU,880,890,820,845,22686300
11/18/2021,NPGF,103,104,101,101,4728100
11/18/2021,NRCA,296,296,294,294,39900
11/18/2021,NUSA,50,50,50,50,0
11/18/2021,NZIA,158,160,155,157,24800
11/18/2021,OASA,260,264,242,242,2202500
11/18/2021,OCAP,159,159,159,159,0
11/18/2021,OILS,256,256,250,254,1980500
11/18/2021,OILS-W,109,109,104,106,65000
11/18/2021,OKAS,81,82,80,81,7479500
11/18/2021,OMRE,795,795,795,795,0
11/18/2021,OPMS,148,152,143,147,9725000
11/18/2021,PADI,50,50,50,50,2200
11/18/2021,PALM,466,472,460,462,2278900
11/18/2021,PAMG,98,102,95,98,3132100
11/18/2021,PANI,2720,2720,2720,2720,0
11/18/2021,PANR,308,308,296,296,1578500
11/18/2021,PANS,1375,1430,1375,1425,210200
11/18/2021,PBID,1610,1645,1600,1625,1595100
11/18/2021,PBRX,173,188,169,179,24748400
11/18/2021,PBSA,730,730,730,730,300
11/18/2021,PCAR,290,292,290,290,72200
11/18/2021,PDES,364,368,358,362,914900
11/18/2021,PEGE,1370,1400,1370,1380,94700
11/18/2021,PEHA,1160,1165,1150,1155,90000
11/18/2021,PGAS,1510,1520,1490,1500,134566700
11/18/2021,PGJO,87,87,82,85,86000
11/18/2021,PGLI,210,226,210,226,16000
11/18/2021,PGUN,304,308,304,308,1600
11/18/2021,PICO,105,113,105,109,191700
11/18/2021,PJAA,600,600,585,595,1051200
11/18/2021,PKPK,180,181,169,170,28579300
11/18/2021,PLAN,37,37,35,36,8362400
11/18/2021,PLAN-W,11,11,10,11,227800
11/18/2021,PLAS,50,50,50,50,0
11/18/2021,PLIN,2450,2450,2450,2450,0
11/18/2021,PMJS,168,181,160,162,12654500
11/18/2021,PMMP,482,486,472,476,18421700
11/18/2021,PNBN,790,790,785,785,1949100
11/18/2021,PNBS,90,101,90,98,650955700
11/18/2021,PNGO,1340,1470,1340,1365,9600
11/18/2021,PNIN,700,700,690,700,258000
11/18/2021,PNLF,185,185,183,184,7052700
11/18/2021,PNSE,670,670,625,630,26400
11/18/2021,POLA,164,170,161,169,778300
11/18/2021,POLA-W,67,70,62,67,90900
11/18/2021,POLI,1475,1475,1430,1430,111100
11/18/2021,POLL,2100,2130,2010,2070,5747200
11/18/2021,POLU,422,500,422,460,97500
11/18/2021,POLY,54,59,54,56,2834100
11/18/2021,POOL,50,50,50,50,0
11/18/2021,PORT,690,690,640,680,9600
11/18/2021,POSA,50,50,50,50,0
11/18/2021,POWR,670,675,660,670,3877600
11/18/2021,PPGL,133,133,124,130,4756300
11/18/2021,PPGL-W,15,16,14,15,7733100
11/18/2021,PPRE,206,210,204,208,8421300
11/18/2021,PPRO,72,73,70,71,25950500
11/18/2021,PRAS,298,310,298,308,2186500
11/18/2021,PRDA,7975,8625,7950,8625,3341900
11/18/2021,PRIM,354,402,346,376,36440300
11/18/2021,PSAB,154,155,152,154,3980400
11/18/2021,PSDN,170,175,168,175,34100
11/18/2021,PSGO,244,244,222,224,46725000
11/18/2021,PSKT,50,50,50,50,1600
11/18/2021,PSSI,376,390,376,390,9790200
11/18/2021,PTBA,2550,2550,2510,2540,10476000
11/18/2021,PTDU,172,175,165,170,15633400
11/18/2021,PTIS,380,380,372,372,200600
11/18/2021,PTPP,1250,1265,1235,1250,16302900
11/18/2021,PTPW,820,825,805,810,193400
11/18/2021,PTRO,2570,2580,2500,2510,774500
11/18/2021,PTSN,248,250,246,248,1319800
11/18/2021,PTSP,4900,5150,4590,5150,500
11/18/2021,PUDP,346,346,344,344,15400
11/18/2021,PURA,54,66,54,60,1627752400
11/18/2021,PURA-W,18,24,18,22,289751900
11/18/2021,PURE,93,93,90,90,3707800
11/18/2021,PURI,346,346,346,346,2900
11/18/2021,PWON,560,560,545,550,28352600
11/18/2021,PYFA,1055,1055,1030,1045,114000
11/18/2021,PZZA,715,715,700,705,100800
11/18/2021,R-ABFII,28600,28600,28600,28600,0
11/18/2021,R-LQ45X,1010,1010,1005,1005,13000
11/18/2021,RAJA,204,206,202,202,2751200
11/18/2021,RALS,780,785,760,775,4054700
11/18/2021,RANC,2510,2520,2510,2510,2412700
11/18/2021,RBMS,50,51,50,50,15765600
11/18/2021,RDTX,7000,7000,7000,7000,0
11/18/2021,REAL,92,97,90,95,151765000
11/18/2021,RELI,450,460,450,460,6500
11/18/2021,RICY,94,94,93,94,469100
11/18/2021,RIGS,346,350,326,332,1322700
11/18/2021,RIMO,50,50,50,50,0
11/18/2021,RISE,478,478,456,456,550700
11/18/2021,RMBA,306,306,306,306,0
11/18/2021,ROCK,740,800,735,740,9300
11/18/2021,RODA,100,101,99,99,2438900
11/18/2021,RONY,334,342,318,318,276000
11/18/2021,ROTI,1330,1350,1320,1335,394500
11/18/2021,RSGK,1680,1690,1670,1690,94500
11/18/2021,RUIS,212,214,210,212,101500
11/18/2021,RUNS,328,336,320,324,2010500
11/18/2021,SAFE,234,270,234,244,773800
11/18/2021,SAME,404,430,404,428,72631900
11/18/2021,SAMF,1090,1095,1030,1065,14420700
11/18/2021,SAPX,1135,1135,1075,1115,10600
11/18/2021,SATU,78,88,76,87,79613600
11/18/2021,SBAT,50,50,50,50,739200
11/18/2021,SBAT-W,13,14,12,13,4863800
11/18/2021,SBAT-W2,39,39,26,29,700000
11/18/2021,SBMA,410,418,406,414,1075700
11/18/2021,SBMA-W,125,125,119,123,65000
11/18/2021,SCCO,10375,10375,10375,10375,0
11/18/2021,SCMA,392,394,380,384,129788800
11/18/2021,SCNP,228,232,224,224,3835200
11/18/2021,SCPI,29000,29000,29000,29000,0
11/18/2021,SDMU,50,50,50,50,5600
11/18/2021,SDPC,148,172,147,160,9747500
11/18/2021,SDRA,620,620,615,620,215100
11/18/2021,SFAN,1500,1500,1485,1500,377200
11/18/2021,SGER,1360,1390,1265,1285,8284100
11/18/2021,SGER-W,1225,1225,1170,1170,11200
11/18/2021,SGRO,2260,2290,2260,2260,68800
11/18/2021,SHID,1225,1230,1215,1225,8600
11/18/2021,SHIP,965,1015,940,995,1631400
11/18/2021,SIDO,900,915,890,900,12182000
11/18/2021,SILO,9225,9375,9025,9125,790400
11/18/2021,SIMA,50,50,50,50,0
11/18/2021,SIMP,480,484,478,480,2899800
11/18/2021,SINI,300,300,278,280,19000
11/18/2021,SINI-W,190,190,187,187,300
11/18/2021,SIPD,1805,1830,1795,1830,2200
11/18/2021,SKBM,444,454,430,454,11800
11/18/2021,SKLT,2300,2300,2300,2300,0
11/18/2021,SKRN,820,830,800,815,1115800
11/18/2021,SKYB,51,51,51,51,0
11/18/2021,SLIS,1680,2090,1680,2090,1778700
11/18/2021,SMAR,4460,4460,4410,4420,8100
11/18/2021,SMBR,740,745,730,740,2392000
11/18/2021,SMCB,1705,1710,1690,1700,1421900
11/18/2021,SMDM,190,195,189,191,1241800
11/18/2021,SMDR,925,935,910,920,4576300
11/18/2021,SMGR,9050,9125,8925,8975,7162300
11/18/2021,SMKL,306,306,298,306,220700
11/18/2021,SMKL-W,35,36,34,35,81500
11/18/2021,SMMA,11200,11200,11200,11200,0
11/18/2021,SMMT,200,204,194,197,6897300
11/18/2021,SMRA,960,970,955,955,6013500
11/18/2021,SMRU,50,50,50,50,0
11/18/2021,SMSM,1405,1405,1345,1345,1113200
11/18/2021,SNLK,1540,1555,1535,1555,1584000
11/18/2021,SOCI,220,222,216,218,17516800
11/18/2021,SOFA,49,53,49,51,18920100
11/18/2021,SOHO,5100,5125,5025,5050,3100
11/18/2021,SONA,5500,5500,5500,5500,100
11/18/2021,SOSS,408,408,384,392,52800
11/18/2021,SOSS-W,41,45,40,44,68000
11/18/2021,SOTS,300,300,268,268,15300
11/18/2021,SOTS-W,54,56,50,50,161100
11/18/2021,SPMA,496,500,476,498,1139700
11/18/2021,SPTO,685,695,680,690,1015600
11/18/2021,SQMI,92,95,92,93,5926900
11/18/2021,SRAJ,462,470,430,448,1854200
11/18/2021,SRIL,146,146,146,146,0
11/18/2021,SRSN,55,56,54,55,1341000
11/18/2021,SRTG,2290,2300,2230,2240,8698600
11/18/2021,SSIA,488,490,486,486,348500
11/18/2021,SSMS,1170,1210,1155,1180,10206100
11/18/2021,SSTM,870,875,830,870,25800
11/18/2021,STAR,155,155,152,153,1654600
11/18/2021,STTP,7200,7225,7200,7225,500
11/18/2021,SUGI,50,50,50,50,0
11/18/2021,SULI,50,50,50,50,23600
11/18/2021,SUPR,15175,15200,15100,15200,55100
11/18/2021,SURE,2000,2000,2000,2000,0
11/18/2021,SWAT,152,164,152,157,14148500
11/18/2021,TALF,300,308,298,304,4400
11/18/2021,TAMA,62,65,62,63,7699700
11/18/2021,TAMA-W,17,17,17,17,120100
11/18/2021,TAMU,50,50,50,50,100
11/18/2021,TAPG,665,705,665,690,124999300
11/18/2021,TARA,50,50,50,50,146500
11/18/2021,TAXI,50,50,50,50,0
11/18/2021,TBIG,2860,2920,2850,2890,33922900
11/18/2021,TBLA,845,850,825,825,2188200
11/18/2021,TBMS,1650,1650,1650,1650,0
11/18/2021,TCID,5600,5600,5475,5525,176000
11/18/2021,TCPI,8225,8275,8025,8100,11422400
11/18/2021,TDPM,119,119,119,119,0
11/18/2021,TEBE,645,680,630,630,504900
11/18/2021,TECH,6600,6725,6525,6700,1625100
11/18/2021,TELE,121,121,121,121,0
11/18/2021,TFAS,4750,4860,4740,4810,75300
11/18/2021,TFCO,700,745,675,740,6700
11/18/2021,TGKA,7000,7000,7000,7000,5700
11/18/2021,TGRA,84,89,84,87,16495900
11/18/2021,TIFA,955,955,890,890,212600
11/18/2021,TINS,1590,1615,1585,1595,15033000
11/18/2021,TIRA,430,440,408,430,92100
11/18/2021,TIRT,75,81,72,72,10813400
11/18/2021,TKIM,8325,8350,8200,8250,1757300
11/18/2021,TLKM,3630,3640,3600,3630,53290400
11/18/2021,TMAS,635,695,615,640,23471500
11/18/2021,TMPO,154,175,154,168,1754100
11/18/2021,TNCA,800,985,770,890,47449500
11/18/2021,TOBA,535,665,515,665,21505800
11/18/2021,TOPS,59,67,55,64,1197664100
11/18/2021,TOTL,340,348,334,340,5176100
11/18/2021,TOTO,216,216,210,214,35900
11/18/2021,TOWR,1190,1190,1165,1175,75437100
11/18/2021,TOYS,178,182,176,176,13873900
11/18/2021,TOYS-W,24,24,23,23,3385100
11/18/2021,TPIA,7125,7125,7025,7075,1935500
11/18/2021,TPMA,434,434,406,410,2510300
11/18/2021,TRAM,50,50,50,50,0
11/18/2021,TRIL,50,50,50,50,0
11/18/2021,TRIM,418,420,398,400,22307500
11/18/2021,TRIN,252,264,248,264,19659000
11/18/2021,TRIN-W,28,30,28,30,863000
11/18/2021,TRIO,426,426,426,426,0
11/18/2021,TRIS,250,262,244,260,4689200
11/18/2021,TRIS-W,6,6,6,6,0
11/18/2021,TRJA,368,368,352,352,5927500
11/18/2021,TRST,600,610,590,610,21000
11/18/2021,TRUE,152,170,152,158,199715300
11/18/2021,TRUE-W,20,23,20,22,85702300
11/18/2021,TRUK,157,160,153,153,6995200
11/18/2021,TRUS,426,426,410,418,10000
11/18/2021,TSPC,1480,1485,1470,1485,644900
11/18/2021,TUGU,1670,1670,1645,1660,114500
11/18/2021,TURI,1295,1320,1290,1320,49800
11/18/2021,UANG,1090,1130,1015,1015,37400
11/18/2021,UCID,1575,1575,1550,1555,347200
11/18/2021,UFOE,715,880,715,880,2293300
11/18/2021,ULTJ,1670,1675,1630,1635,452600
11/18/2021,UNIC,11500,11500,11450,11450,200
11/18/2021,UNIQ,91,91,89,91,1603300
11/18/2021,UNIT,316,316,316,316,0
11/18/2021,UNSP,111,112,107,110,238900
11/18/2021,UNTR,22975,23000,22650,22775,3619300
11/18/2021,UNVR,4480,4540,4460,4480,15522000
11/18/2021,URBN,850,850,830,830,354200
11/18/2021,URBN-W,24,24,20,21,4415800
11/18/2021,UVCR,460,476,458,462,3132800
11/18/2021,UVCR-W,206,210,200,202,1169900
11/18/2021,VICI,545,565,540,565,5876100
11/18/2021,VICO,178,179,171,171,3721600
11/18/2021,VINS,110,118,110,112,2655500
11/18/2021,VIVA,50,50,50,50,1522300
11/18/2021,VOKS,200,200,195,196,234500
11/18/2021,VRNA,177,180,173,180,2041000
11/18/2021,WAPO,218,256,206,222,37558400
11/18/2021,WEGE,202,204,200,200,9082200
11/18/2021,WEHA,194,204,186,193,24931500
11/18/2021,WICO,400,404,398,404,1200
11/18/2021,WIFI,665,685,645,670,133456300
11/18/2021,WIFI-W,244,244,244,244,0
11/18/2021,WIIM,494,496,492,496,1544100
11/18/2021,WIKA,1290,1295,1280,1285,18689700
11/18/2021,WINS,171,181,165,166,61670200
11/18/2021,WMUU,172,180,172,176,23668700
11/18/2021,WOMF,240,244,234,240,1173100
11/18/2021,WOOD,850,875,850,850,5605400
11/18/2021,WOWS,50,53,50,52,50446200
11/18/2021,WSBP,151,152,144,145,55463700
11/18/2021,WSKT,825,825,810,815,15283600
11/18/2021,WTON,276,276,272,274,4278800
11/18/2021,XAFA,1081,1081,1081,1081,0
11/18/2021,XAQA,939,939,939,939,0
11/18/2021,XBES,987,987,987,987,0
11/18/2021,XBID,526,526,526,526,0
11/18/2021,XBIG,521,521,521,521,100
11/18/2021,XBIN,488,488,488,488,0
11/18/2021,XBLQ,475,475,475,475,0
11/18/2021,XBNI,1040,1046,1040,1046,1300
11/18/2021,XBSK,394,394,394,394,0
11/18/2021,XCID,83,84,83,84,4000
11/18/2021,XCIS,105,105,105,105,0
11/18/2021,XCLQ,100,100,99,99,1500
11/18/2021,XDIF,473,473,473,473,0
11/18/2021,XDSG,998,998,998,998,0
11/18/2021,XIFE,105,105,105,105,500
11/18/2021,XIHD,490,492,490,491,5300
11/18/2021,XIIC,991,991,991,991,0
11/18/2021,XIID,517,517,514,514,4000
11/18/2021,XIIF,562,562,562,562,0
11/18/2021,XIIT,534,534,531,534,25600
11/18/2021,XIJI,590,592,585,592,9600
11/18/2021,XILV,115,116,115,116,2800
11/18/2021,XIML,256,256,256,256,5000
11/18/2021,XIPI,183,183,183,183,0
11/18/2021,XISB,398,398,398,398,0
11/18/2021,XISC,706,707,706,707,26600
11/18/2021,XISI,332,332,332,332,2300
11/18/2021,XISR,389,389,386,389,17500
11/18/2021,XKIV,483,483,483,483,0
11/18/2021,XKMS,1078,1090,1078,1090,900
11/18/2021,XMIG,183,183,183,183,0
11/18/2021,XMJM,1001,1001,1001,1001,0
11/18/2021,XMTS,462,462,462,462,0
11/18/2021,XNVE,150,150,150,150,2600
11/18/2021,XPCR,912,912,912,912,0
11/18/2021,XPDV,463,463,463,463,0
11/18/2021,XPES,370,370,370,370,0
11/18/2021,XPFT,531,539,531,539,400
11/18/2021,XPID,520,520,520,520,0
11/18/2021,XPLC,463,463,463,463,0
11/18/2021,XPLQ,490,490,490,490,0
11/18/2021,XPMI,955,955,955,955,0
11/18/2021,XPSG,389,389,389,389,100
11/18/2021,XPTD,498,498,498,498,0
11/18/2021,XSBC,107,107,107,107,0
11/18/2021,XSMU,141,141,141,141,1800
11/18/2021,XSPI,750,750,750,750,0
11/18/2021,XSRI,186,186,186,186,0
11/18/2021,XSSI,80,81,80,80,2000
11/18/2021,XSSK,652,652,652,652,0
11/18/2021,YELO,232,232,232,232,16713800
11/18/2021,YPAS,840,840,790,790,2200
11/18/2021,YULE,810,860,810,825,41400
11/18/2021,ZBRA,750,760,745,750,3442700
11/18/2021,ZINC,121,122,119,119,536523400
11/18/2021,ZONE,406,410,406,408,225700
11/18/2021,ZYRX,600,600,560,580,7417100
11/18/2021,ZYRX-W,103,104,100,100,1078200
