<date>,<ticker>,<open>,<high>,<low>,<close>,<volume>
5/11/2021,IHSG,5965.852,5966.664,5911.376,5938.351,136535177
5/11/2021,AALI,10300,10450,10075,10150,3557200
5/11/2021,ABBA,236,238,224,226,26633700
5/11/2021,ABDA,7025,7025,7025,7025,0
5/11/2021,ABMM,780,795,780,795,159700
5/11/2021,ACES,1475,1480,1465,1480,7220900
5/11/2021,ACST,272,274,266,268,9928900
5/11/2021,ADES,1680,1680,1635,1675,75200
5/11/2021,ADHI,1180,1180,1125,1125,20825500
5/11/2021,ADMF,8050,8075,8000,8025,70500
5/11/2021,ADMG,166,168,161,165,2164900
5/11/2021,ADRO,1195,1220,1190,1195,78403200
5/11/2021,AGAR,410,412,410,410,10000
5/11/2021,AGII,1110,1110,1075,1080,6248000
5/11/2021,AGRO,910,925,895,915,24746800
5/11/2021,AGRS,590,620,585,585,1386900
5/11/2021,AHAP,71,73,70,71,2663300
5/11/2021,AIMS,478,550,478,490,1753400
5/11/2021,AISA,276,278,272,274,5520600
5/11/2021,AKKU,50,50,50,50,14200
5/11/2021,AKPI,595,595,570,595,4500
5/11/2021,AKRA,3230,3240,3190,3220,7121700
5/11/2021,AKSI,810,815,710,770,13000
5/11/2021,ALDO,890,915,835,875,12393600
5/11/2021,ALKA,238,240,238,240,5700
5/11/2021,ALMI,240,300,240,244,176800
5/11/2021,ALTO,348,348,330,332,172800
5/11/2021,AMAG,294,294,276,286,337400
5/11/2021,AMAN,288,288,286,286,1397600
5/11/2021,AMAR,278,278,270,270,1315500
5/11/2021,AMFG,4200,4750,4200,4500,103300
5/11/2021,AMIN,196,196,191,191,2000
5/11/2021,AMOR,4190,4530,4180,4310,3551900
5/11/2021,AMRT,915,925,900,905,2792600
5/11/2021,ANDI,50,50,50,50,121800
5/11/2021,ANJT,745,750,710,745,102100
5/11/2021,ANTM,2600,2690,2600,2670,164247600
5/11/2021,APEX,920,975,850,850,427400
5/11/2021,APIC,725,735,725,725,10094200
5/11/2021,APII,188,189,185,188,77700
5/11/2021,APLI,202,208,202,208,416600
5/11/2021,APLN,157,158,155,156,7891200
5/11/2021,ARGO,1850,1850,1800,1830,1600
5/11/2021,ARII,170,176,167,170,38300
5/11/2021,ARKA,50,50,50,50,131700
5/11/2021,ARMY,50,50,50,50,0
5/11/2021,ARNA,730,730,710,725,1011200
5/11/2021,ARTA,262,262,262,262,300
5/11/2021,ARTI,50,50,50,50,13200
5/11/2021,ARTO,10500,10575,10275,10500,35822600
5/11/2021,ASBI,284,288,282,282,8600
5/11/2021,ASDM,910,935,910,910,3700
5/11/2021,ASGR,775,775,770,775,419700
5/11/2021,ASII,5400,5425,5175,5225,49162600
5/11/2021,ASJT,230,238,226,232,200600
5/11/2021,ASMI,720,740,715,720,5000
5/11/2021,ASPI,54,56,53,55,3713300
5/11/2021,ASPI-W,17,18,16,17,9713500
5/11/2021,ASRI,194,194,192,192,10361100
5/11/2021,ASRM,1570,1600,1570,1600,2300
5/11/2021,ASSA,2100,2100,2020,2040,14815400
5/11/2021,ATAP,160,177,141,141,1204700
5/11/2021,ATIC,715,720,715,715,89800
5/11/2021,AUTO,1175,1185,1165,1165,432800
5/11/2021,AYLS,87,93,86,88,5785400
5/11/2021,BABP,90,91,88,90,75634100
5/11/2021,BABP-W3,75,75,60,71,20900
5/11/2021,BABP-W4,50,51,49,49,1296000
5/11/2021,BACA,430,432,424,424,3089000
5/11/2021,BACA-W2,230,350,230,350,200
5/11/2021,BAJA,338,370,324,344,40372000
5/11/2021,BALI,625,625,605,615,72800
5/11/2021,BANK,3340,3350,3270,3280,26678300
5/11/2021,BANK-W,2830,2830,2730,2830,3300
5/11/2021,BAPA,50,50,50,50,54300
5/11/2021,BAPI,50,50,50,50,40000
5/11/2021,BAPI-W,7,7,6,6,14080500
5/11/2021,BATA,670,690,670,690,600
5/11/2021,BAYU,1060,1060,1060,1060,2100
5/11/2021,BBCA,32000,32400,31525,32400,14136000
5/11/2021,BBHI,1285,1330,1280,1295,1724000
5/11/2021,BBKP,458,460,448,452,53871600
5/11/2021,BBLD,500,500,496,496,161100
5/11/2021,BBMD,1340,1370,1335,1370,900
5/11/2021,BBNI,5575,5575,5500,5525,12561400
5/11/2021,BBRI,4030,4040,3980,3990,151844200
5/11/2021,BBRM,50,50,50,50,200
5/11/2021,BBSI,2670,2700,2560,2700,56300
5/11/2021,BBSS,57,58,56,57,1986000
5/11/2021,BBTN,1635,1635,1615,1630,21454000
5/11/2021,BBYB,450,452,446,448,6762800
5/11/2021,BCAP,107,108,105,107,31911400
5/11/2021,BCIC,700,700,700,700,0
5/11/2021,BCIP,64,65,63,65,2071300
5/11/2021,BDMN,2550,2570,2530,2570,574900
5/11/2021,BEBS,382,398,378,378,285500
5/11/2021,BEEF,121,124,118,120,6150500
5/11/2021,BEKS,85,85,81,83,111763200
5/11/2021,BELL,129,131,128,128,2122100
5/11/2021,BESS,292,292,290,290,7400
5/11/2021,BESS-W,266,266,145,169,49000
5/11/2021,BEST,151,151,148,149,36051100
5/11/2021,BFIN,665,670,650,655,25748000
5/11/2021,BGTG,120,120,114,116,45511600
5/11/2021,BHAT,580,595,575,595,169384600
5/11/2021,BHIT,53,53,52,52,17594600
5/11/2021,BIKA,153,159,153,154,16100
5/11/2021,BIMA,70,83,66,71,35845400
5/11/2021,BINA,2020,2120,1990,2070,1568200
5/11/2021,BIPI,50,50,50,50,2146600
5/11/2021,BIPI-W,10,11,9,10,522200
5/11/2021,BIPP,56,56,55,55,658200
5/11/2021,BIRD,1300,1310,1290,1295,495200
5/11/2021,BISI,1135,1150,1135,1150,279400
5/11/2021,BJBR,1410,1415,1400,1400,2357100
5/11/2021,BJTM,805,820,800,815,68960800
5/11/2021,BKDP,51,51,50,51,492500
5/11/2021,BKSL,74,78,72,76,454832200
5/11/2021,BKSW,158,159,155,157,6851100
5/11/2021,BLTA,50,50,50,50,21700
5/11/2021,BLTZ,3600,3600,3600,3600,300
5/11/2021,BLUE,660,660,655,660,118600
5/11/2021,BMAS,1855,2040,1850,2010,2384300
5/11/2021,BMRI,6000,6000,5850,5900,34690900
5/11/2021,BMSR,175,183,164,166,12015200
5/11/2021,BMTR,268,270,266,266,17783900
5/11/2021,BNBA,740,800,740,775,1886300
5/11/2021,BNBR,50,50,50,50,13200
5/11/2021,BNGA,1000,1000,985,990,1945500
5/11/2021,BNII,380,382,370,376,3738000
5/11/2021,BNLI,2160,2160,2130,2140,58000
5/11/2021,BOGA,1375,1410,1370,1395,97776700
5/11/2021,BOLA,248,248,238,248,66100
5/11/2021,BOLT,770,770,750,755,32100
5/11/2021,BOSS,92,95,90,92,7501700
5/11/2021,BPFI,1050,1050,1050,1050,0
5/11/2021,BPII,7300,7300,7300,7300,0
5/11/2021,BPTR,98,102,98,102,59400
5/11/2021,BRAM,5000,5000,5000,5000,1000
5/11/2021,BRIS,2280,2280,2220,2250,25653900
5/11/2021,BRMS,106,106,99,99,731185500
5/11/2021,BRMS-W,39,40,34,37,372962900
5/11/2021,BRNA,1295,1295,1295,1295,100
5/11/2021,BRPT,920,940,920,925,27485100
5/11/2021,BRPT-W,835,835,456,575,15600
5/11/2021,BSDE,1190,1200,1180,1190,8259700
5/11/2021,BSIM,620,630,620,625,73200
5/11/2021,BSIM-W3,10,10,10,10,0
5/11/2021,BSSR,2000,2350,2000,2000,580800
5/11/2021,BSWD,1750,1750,1750,1750,0
5/11/2021,BTEK,50,50,50,50,3700
5/11/2021,BTEL,50,50,50,50,0
5/11/2021,BTON,352,390,338,390,670800
5/11/2021,BTPN,2840,2840,2810,2810,34100
5/11/2021,BTPS,3240,3250,3120,3130,1733800
5/11/2021,BUDI,194,204,186,189,32327100
5/11/2021,BUKK,1080,1100,1030,1090,99600
5/11/2021,BULL,308,312,298,300,335208900
5/11/2021,BULL-W2,100,110,100,102,282300
5/11/2021,BUMI,62,64,61,63,369093500
5/11/2021,BUVA,71,72,70,70,952400
5/11/2021,BVIC,169,171,165,166,9298200
5/11/2021,BWPT,122,123,118,118,132159600
5/11/2021,BYAN,14200,14300,14150,14200,56100
5/11/2021,CAKK,71,76,71,75,1725000
5/11/2021,CAMP,270,320,260,260,110696400
5/11/2021,CANI,179,179,168,172,6000
5/11/2021,CARE,316,320,310,314,205978400
5/11/2021,CARS,50,50,50,50,17100
5/11/2021,CASA,378,378,378,378,4100
5/11/2021,CASA-W,348,348,348,348,0
5/11/2021,CASH,302,328,300,318,7336700
5/11/2021,CASS,398,420,396,400,1949200
5/11/2021,CBMF,140,140,140,140,0
5/11/2021,CCSI,296,300,276,280,924300
5/11/2021,CEKA,1890,1895,1870,1885,171900
5/11/2021,CENT,250,254,246,246,13151100
5/11/2021,CFIN,300,302,296,302,4250800
5/11/2021,CINT,220,220,214,214,73600
5/11/2021,CITA,2780,2880,2780,2780,3300
5/11/2021,CITY,202,202,191,191,109400
5/11/2021,CITY-W,62,62,62,62,0
5/11/2021,CLAY,900,900,875,880,3600
5/11/2021,CLEO,456,458,454,456,4355900
5/11/2021,CLPI,860,865,855,855,36000
5/11/2021,CMNP,1965,1995,1965,1995,327300
5/11/2021,CMNP-W,955,960,955,960,19600
5/11/2021,CMPP,184,184,184,184,0
5/11/2021,CNKO,50,50,50,50,0
5/11/2021,CNTB,250,250,250,250,0
5/11/2021,CNTX,194,194,194,194,0
5/11/2021,COCO,254,258,246,248,450700
5/11/2021,COCO-W,240,240,240,240,0
5/11/2021,COWL,50,50,50,50,0
5/11/2021,CPIN,6600,6675,6550,6675,2814100
5/11/2021,CPRI,50,50,50,50,2400
5/11/2021,CPRI-W,15,15,14,15,110200
5/11/2021,CPRO,50,50,50,50,1900
5/11/2021,CSAP,382,382,368,368,564200
5/11/2021,CSIS,88,90,84,84,2076400
5/11/2021,CSMI,2100,2100,2100,2100,200
5/11/2021,CSRA,288,304,288,302,274000
5/11/2021,CTBN,3100,3100,3060,3060,1300
5/11/2021,CTRA,1150,1190,1135,1165,24311700
5/11/2021,CTTH,67,68,66,67,490300
5/11/2021,DADA,52,53,50,51,88962300
5/11/2021,DADA-W,12,13,11,12,140388800
5/11/2021,DART,212,220,198,210,43700
5/11/2021,DAYA,256,256,242,256,5800
5/11/2021,DCII,11750,11750,11700,11700,300
5/11/2021,DEAL,96,102,96,98,10994800
5/11/2021,DEAL-W,43,50,31,50,19400
5/11/2021,DEFI,1635,1635,1625,1630,624900
5/11/2021,DEWA,50,50,50,50,132500
5/11/2021,DFAM,163,164,156,160,62900
5/11/2021,DGIK,76,87,75,81,240315800
5/11/2021,DGNS,665,700,635,650,12426800
5/11/2021,DIGI,432,432,402,402,4600
5/11/2021,DILD,186,186,182,185,7958400
5/11/2021,DIVA,3190,3190,3100,3190,7200
5/11/2021,DKFT,164,169,160,166,16202100
5/11/2021,DLTA,3820,3840,3810,3820,793300
5/11/2021,DMAS,230,232,224,224,45355400
5/11/2021,DMMX,750,755,730,730,16381100
5/11/2021,DMND,920,920,885,910,3000
5/11/2021,DNAR,202,206,200,204,2035900
5/11/2021,DNET,3380,3390,3290,3380,13700
5/11/2021,DOID,366,382,366,376,103402600
5/11/2021,DPNS,272,272,258,272,64200
5/11/2021,DPUM,50,50,50,50,1700
5/11/2021,DSFI,72,73,71,72,1857800
5/11/2021,DSNG,585,590,580,585,28910000
5/11/2021,DSSA,12500,12500,12500,12500,0
5/11/2021,DUCK,204,206,199,202,33572300
5/11/2021,DUTI,3500,3600,3500,3600,1300
5/11/2021,DVLA,2350,2360,2350,2360,2700
5/11/2021,DWGL,183,185,177,183,92600
5/11/2021,DWGL-W,39,40,37,39,323400
5/11/2021,DYAN,85,85,80,83,4687300
5/11/2021,EAST,73,75,70,70,3495100
5/11/2021,EAST-W,10,11,10,11,2457900
5/11/2021,ECII,1050,1050,1050,1050,0
5/11/2021,EDGE,11675,11900,11500,11775,7000
5/11/2021,EKAD,1300,1300,1280,1300,355300
5/11/2021,ELSA,344,344,336,336,37241000
5/11/2021,ELTY,50,50,50,50,400
5/11/2021,EMDE,193,193,192,192,1400
5/11/2021,EMTK,2250,2250,2160,2170,14950800
5/11/2021,ENRG,109,110,105,106,45852800
5/11/2021,ENVY,50,50,50,50,0
5/11/2021,ENZO,50,52,50,50,10150100
5/11/2021,ENZO-W,18,19,17,19,9725000
5/11/2021,EPAC,50,51,50,50,4314800
5/11/2021,EPMT,2310,2310,2260,2270,137100
5/11/2021,ERAA,600,600,585,595,48408600
5/11/2021,ERTX,199,200,196,198,145000
5/11/2021,ESIP,70,74,70,72,3421300
5/11/2021,ESIP-W,12,14,12,14,1937100
5/11/2021,ESSA,340,344,332,334,18428100
5/11/2021,ESTA,111,111,97,97,779000
5/11/2021,ESTI,107,108,105,107,2475700
5/11/2021,ETWA,62,62,62,62,0
5/11/2021,EXCL,2030,2030,2010,2020,10231300
5/11/2021,FAPA,2630,2640,2620,2640,175700
5/11/2021,FAST,1010,1015,1005,1015,2800
5/11/2021,FASW,7600,7600,7600,7600,0
5/11/2021,FILM,482,505,476,490,52756100
5/11/2021,FIMP,60,60,52,55,7857200
5/11/2021,FIMP-W,18,20,17,17,4455200
5/11/2021,FIRE,515,530,510,510,1339300
5/11/2021,FISH,3560,3560,3560,3560,0
5/11/2021,FITT,128,129,120,122,905000
5/11/2021,FITT-W,53,53,50,52,346300
5/11/2021,FMII,600,600,600,600,0
5/11/2021,FOOD,116,118,110,113,9446700
5/11/2021,FORU,184,228,184,197,3201000
5/11/2021,FORZ,50,50,50,50,1000
5/11/2021,FPNI,248,268,240,260,19488200
5/11/2021,FREN,83,83,82,82,174790000
5/11/2021,FREN-W,36,37,32,32,3375100
5/11/2021,FREN-W2,40,40,37,39,108600700
5/11/2021,FUJI,180,190,175,184,67800
5/11/2021,GAMA,50,50,50,50,0
5/11/2021,GDST,121,124,113,114,88540900
5/11/2021,GDYR,1495,1500,1475,1495,28000
5/11/2021,GEMA,340,340,340,340,20100
5/11/2021,GEMS,3840,3840,3770,3840,124600
5/11/2021,GGRM,35150,35375,35025,35050,521900
5/11/2021,GGRP,374,388,372,388,3800
5/11/2021,GHON,1990,1990,1870,1880,9600
5/11/2021,GIAA,322,326,322,324,7472400
5/11/2021,GJTL,895,910,885,895,4666600
5/11/2021,GLOB,272,272,262,262,7700
5/11/2021,GLVA,318,318,310,318,2600
5/11/2021,GMFI,115,116,114,116,3216000
5/11/2021,GMTD,16725,16725,16725,16725,0
5/11/2021,GOLD,288,288,278,280,77100
5/11/2021,GOLL,50,50,50,50,0
5/11/2021,GOOD,1655,1660,1625,1650,2459200
5/11/2021,GPRA,67,67,65,66,660800
5/11/2021,GSMF,126,126,126,126,100
5/11/2021,GTBO,75,75,75,75,0
5/11/2021,GWSA,121,122,118,120,1268200
5/11/2021,GZCO,50,50,50,50,800
5/11/2021,HADE,50,50,50,50,300
5/11/2021,HDFA,112,115,112,115,19900
5/11/2021,HDIT,151,158,149,156,2099900
5/11/2021,HDTX,120,120,120,120,0
5/11/2021,HEAL,4550,4550,4500,4500,239200
5/11/2021,HELI,370,370,368,368,9900
5/11/2021,HERO,920,950,920,945,62800
5/11/2021,HEXA,3500,3540,3490,3500,99300
5/11/2021,HITS,448,460,448,448,1500
5/11/2021,HKMU,84,85,78,80,50790500
5/11/2021,HMSP,1295,1300,1290,1300,18090300
5/11/2021,HOKI,238,240,234,236,14232300
5/11/2021,HOME,50,50,50,50,0
5/11/2021,HOMI,2390,2390,2320,2330,611600
5/11/2021,HOTL,50,50,50,50,5200
5/11/2021,HRME,56,57,55,56,5885600
5/11/2021,HRTA,204,206,202,202,4811100
5/11/2021,HRUM,5450,6150,5350,6125,31079800
5/11/2021,IATA,50,50,50,50,300
5/11/2021,IBFN,180,180,176,180,11200
5/11/2021,IBFN-W,20,20,19,19,43400
5/11/2021,IBST,5800,5800,5800,5800,0
5/11/2021,ICBP,8600,8600,8500,8525,2161700
5/11/2021,ICON,115,116,107,109,3504800
5/11/2021,IDPR,218,222,218,220,40900
5/11/2021,IFII,143,145,140,143,180900
5/11/2021,IFSH,1075,1170,1000,1100,85300
5/11/2021,IGAR,362,366,356,362,132900
5/11/2021,IIKP,50,50,50,50,0
5/11/2021,IKAI,50,50,50,50,36500
5/11/2021,IKAN,116,118,108,110,25793000
5/11/2021,IKBI,240,240,238,238,2100
5/11/2021,IMAS,1055,1055,1035,1040,1530600
5/11/2021,IMJS,348,352,342,342,2639200
5/11/2021,IMPC,1695,1705,1685,1700,1885400
5/11/2021,INAF,2240,2260,2200,2230,347600
5/11/2021,INAI,342,354,342,344,348500
5/11/2021,INCF,108,109,102,102,2195800
5/11/2021,INCI,1015,1015,960,960,1486900
5/11/2021,INCO,5375,5600,5275,5550,30356900
5/11/2021,INDF,6575,6650,6525,6575,7528400
5/11/2021,INDO,187,187,173,173,4915700
5/11/2021,INDO-W,77,94,70,78,1347700
5/11/2021,INDR,5075,5750,4700,4750,677700
5/11/2021,INDS,1910,1925,1810,1910,7100
5/11/2021,INDX,127,132,120,130,11124500
5/11/2021,INDY,1470,1525,1445,1475,41097100
5/11/2021,INKP,10100,10275,9750,10100,12391600
5/11/2021,INOV,186,192,175,187,1642500
5/11/2021,INPC,146,159,145,159,10345100
5/11/2021,INPC-W,43,48,42,48,20685700
5/11/2021,INPP,735,735,735,735,1600
5/11/2021,INPS,1275,1280,1195,1195,20700
5/11/2021,INRU,870,870,870,870,100
5/11/2021,INTA,160,160,154,154,117500
5/11/2021,INTD,196,254,196,222,3150400
5/11/2021,INTP,12400,12575,12300,12450,773900
5/11/2021,IPCC,535,535,510,525,5232700
5/11/2021,IPCM,282,284,280,282,883500
5/11/2021,IPOL,170,170,160,170,3836300
5/11/2021,IPTV,240,240,236,240,18443500
5/11/2021,IPTV-W,28,29,25,28,1548300
5/11/2021,IRRA,1655,1665,1640,1640,3229400
5/11/2021,ISAT,6125,6175,6025,6075,1771900
5/11/2021,ISSP,236,288,236,276,182488000
5/11/2021,ITIC,496,498,488,498,1848300
5/11/2021,ITMA,525,530,515,515,33300
5/11/2021,ITMA-W,66,78,64,64,38800
5/11/2021,ITMG,12600,13075,12600,12875,7472800
5/11/2021,JAST,143,148,143,144,7545200
5/11/2021,JAWA,89,90,87,89,3200
5/11/2021,JAYA,124,127,121,123,7066100
5/11/2021,JECC,5950,5950,5950,5950,0
5/11/2021,JGLE,50,50,50,50,0
5/11/2021,JIHD,440,440,440,440,100
5/11/2021,JKON,190,190,180,182,27300
5/11/2021,JKSW,60,60,60,60,0
5/11/2021,JMAS,174,174,172,172,5800
5/11/2021,JPFA,2060,2080,1995,2010,26913900
5/11/2021,JRPT,560,560,550,560,580100
5/11/2021,JSKY,125,150,120,138,245111100
5/11/2021,JSMR,4080,4080,4020,4070,1660600
5/11/2021,JSPT,815,815,815,815,800
5/11/2021,JTPE,1225,1230,1220,1225,160500
5/11/2021,KAEF,2670,2680,2610,2640,1183700
5/11/2021,KARW,115,124,110,121,17569500
5/11/2021,KAYU,71,76,71,72,20624500
5/11/2021,KBAG,50,50,50,50,67900
5/11/2021,KBAG-W,8,8,7,7,79799200
5/11/2021,KBLI,332,334,320,330,1450500
5/11/2021,KBLM,210,220,210,210,36500
5/11/2021,KBLV,400,430,400,430,2800
5/11/2021,KBRI,50,50,50,50,0
5/11/2021,KDSI,860,890,820,840,19300
5/11/2021,KEEN,362,370,352,370,529900
5/11/2021,KEJU,1340,1345,1320,1345,66100
5/11/2021,KIAS,50,50,50,50,2154800
5/11/2021,KICI,242,284,230,232,430600
5/11/2021,KIJA,208,210,206,208,43263600
5/11/2021,KINO,2370,2370,2270,2270,971100
5/11/2021,KIOS,990,1050,935,965,47080200
5/11/2021,KJEN,535,570,535,565,1800
5/11/2021,KKGI,280,280,270,274,178100
5/11/2021,KLBF,1470,1475,1440,1445,23113700
5/11/2021,KMDS,500,500,480,486,1700
5/11/2021,KMTR,460,460,444,458,270800
5/11/2021,KOBX,175,186,166,168,23544400
5/11/2021,KOIN,176,176,165,166,180900
5/11/2021,KONI,2860,2860,2660,2660,4100
5/11/2021,KOPI,515,515,515,515,0
5/11/2021,KOTA,284,296,266,270,558810800
5/11/2021,KOTA-W,212,212,212,212,0
5/11/2021,KPAL,50,50,50,50,224500
5/11/2021,KPAS,70,70,67,67,2226600
5/11/2021,KPAS-W,17,18,16,18,362400
5/11/2021,KPIG,106,106,104,105,31904600
5/11/2021,KRAH,436,436,436,436,0
5/11/2021,KRAS,640,640,625,635,23048700
5/11/2021,KREN,144,149,139,139,40933200
5/11/2021,LAND,116,118,114,114,1149300
5/11/2021,LAPD,50,50,50,50,0
5/11/2021,LCGP,114,114,114,114,0
5/11/2021,LCKM,254,270,254,260,700
5/11/2021,LEAD,50,50,50,50,474800
5/11/2021,LFLO,105,105,100,103,780400
5/11/2021,LFLO-W,12,12,11,11,7174300
5/11/2021,LIFE,5000,5025,5000,5000,3600
5/11/2021,LINK,3980,4040,3890,3990,3302200
5/11/2021,LION,362,400,356,390,52400
5/11/2021,LMAS,50,50,50,50,1000
5/11/2021,LMPI,136,136,131,135,57000
5/11/2021,LMSH,695,815,695,750,978400
5/11/2021,LPCK,1430,1430,1350,1350,3570700
5/11/2021,LPGI,3620,3630,3620,3630,1200
5/11/2021,LPIN,250,256,244,252,42900
5/11/2021,LPKR,202,202,196,199,76345400
5/11/2021,LPLI,157,192,157,169,3028500
5/11/2021,LPPF,1765,1765,1685,1730,7988200
5/11/2021,LPPS,102,107,101,105,120100
5/11/2021,LRNA,198,198,191,191,115800
5/11/2021,LSIP,1400,1410,1375,1385,16181000
5/11/2021,LTLS,575,580,540,550,858100
5/11/2021,LUCK,260,300,252,286,197791400
5/11/2021,LUCY,82,82,82,82,31185700
5/11/2021,LUCY-W,33,33,15,15,20413100
5/11/2021,MABA,50,50,50,50,0
5/11/2021,MAGP,50,50,50,50,0
5/11/2021,MAIN,920,920,895,900,5092000
5/11/2021,MAMI,50,50,50,50,11700
5/11/2021,MAMI-W,8,8,7,8,2553200
5/11/2021,MAMIP,600,600,600,600,0
5/11/2021,MAPA,2370,2370,2270,2300,404600
5/11/2021,MAPB,1355,1430,1310,1310,4000
5/11/2021,MAPI,770,790,760,770,16981600
5/11/2021,MARI,272,272,260,262,35108900
5/11/2021,MARK,945,950,925,935,3793800
5/11/2021,MASA,1360,1360,1360,1360,0
5/11/2021,MAYA,1935,2140,1915,1915,1618900
5/11/2021,MBAP,2980,3040,2970,2980,122400
5/11/2021,MBSS,468,472,466,470,1520000
5/11/2021,MBTO,148,161,138,138,3462800
5/11/2021,MCAS,5400,5475,5375,5450,224100
5/11/2021,MCOR,139,140,137,138,16122100
5/11/2021,MDIA,59,59,57,58,4473500
5/11/2021,MDKA,2710,2720,2620,2710,94569500
5/11/2021,MDKI,226,226,212,214,2094300
5/11/2021,MDLN,51,51,51,51,0
5/11/2021,MDRN,50,50,50,50,100
5/11/2021,MEDC,715,730,700,720,56591800
5/11/2021,MEGA,8425,8450,8275,8450,29700
5/11/2021,MERK,3250,3280,3250,3260,41100
5/11/2021,META,140,142,139,139,2756000
5/11/2021,MFIN,1150,1150,1120,1140,90100
5/11/2021,MFMI,705,745,700,705,76900
5/11/2021,MGNA,50,50,50,50,0
5/11/2021,MGRO,750,750,735,735,2447800
5/11/2021,MICE,358,370,336,350,570000
5/11/2021,MIDI,1995,1995,1995,1995,0
5/11/2021,MIKA,2720,2720,2610,2690,30898200
5/11/2021,MINA,70,71,68,69,2522500
5/11/2021,MIRA,50,50,50,50,800
5/11/2021,MITI,63,63,63,63,0
5/11/2021,MKNT,50,50,50,50,6921900
5/11/2021,MKPI,25800,25800,25800,25800,100
5/11/2021,MLBI,8900,8900,8850,8900,29000
5/11/2021,MLIA,1185,1235,1150,1230,6529900
5/11/2021,MLPL,234,240,220,226,310835100
5/11/2021,MLPT,1970,2010,1845,1845,536200
5/11/2021,MMLP,452,454,430,440,12741200
5/11/2021,MNCN,925,930,910,925,24509100
5/11/2021,MOLI,860,860,825,825,7400
5/11/2021,MPMX,740,740,725,740,5134900
5/11/2021,MPOW,131,131,121,122,11228800
5/11/2021,MPPA,870,885,820,855,124546200
5/11/2021,MPRO,600,620,585,620,16200
5/11/2021,MRAT,228,232,214,222,1157600
5/11/2021,MREI,4850,4850,4850,4850,0
5/11/2021,MSIN,154,154,150,152,1942200
5/11/2021,MSKY,655,670,655,670,5300
5/11/2021,MTDL,1685,1695,1680,1690,351600
5/11/2021,MTFN,50,50,50,50,0
5/11/2021,MTLA,426,426,426,426,1500
5/11/2021,MTPS,139,140,134,137,1801500
5/11/2021,MTRA,244,244,244,244,0
5/11/2021,MTSM,181,199,181,199,85600
5/11/2021,MTWI,136,145,136,143,4246100
5/11/2021,MYOH,1400,1405,1390,1400,178600
5/11/2021,MYOR,2620,2620,2540,2540,1991300
5/11/2021,MYRX,50,50,50,50,0
5/11/2021,MYRXP,50,50,50,50,0
5/11/2021,MYTX,108,115,108,109,1906700
5/11/2021,NASA,104,104,104,104,0
5/11/2021,NATO,565,610,560,585,298927300
5/11/2021,NATO-W,440,500,440,442,500
5/11/2021,NELY,198,206,196,204,2053000
5/11/2021,NFCX,3050,3140,3000,3000,682900
5/11/2021,NICK,268,268,260,266,2600
5/11/2021,NIKL,1110,1110,1070,1075,1026200
5/11/2021,NIPS,282,282,282,282,0
5/11/2021,NIRO,160,160,141,145,66400
5/11/2021,NISP,805,810,800,800,744300
5/11/2021,NOBU,810,815,770,800,291900
5/11/2021,NPGF,108,111,105,108,11741600
5/11/2021,NRCA,328,332,318,318,560500
5/11/2021,NUSA,50,50,50,50,0
5/11/2021,NZIA,163,164,157,158,530000
5/11/2021,OASA,246,246,230,230,966900
5/11/2021,OCAP,159,159,159,159,0
5/11/2021,OKAS,92,99,89,91,11856300
5/11/2021,OMRE,790,1050,790,870,8000
5/11/2021,OPMS,720,760,720,720,88600
5/11/2021,PADI,50,50,50,50,700
5/11/2021,PALM,366,376,342,348,5184100
5/11/2021,PAMG,84,84,82,83,495400
5/11/2021,PANI,112,113,109,109,103600
5/11/2021,PANR,143,144,136,141,771600
5/11/2021,PANS,1180,1180,1160,1175,160700
5/11/2021,PBID,1925,1955,1895,1915,1955100
5/11/2021,PBRX,163,173,163,164,9359600
5/11/2021,PBSA,520,545,520,545,300
5/11/2021,PCAR,260,272,246,260,168200
5/11/2021,PDES,310,312,308,310,34400
5/11/2021,PEGE,182,182,170,170,55100
5/11/2021,PEHA,1235,1260,1225,1230,53600
5/11/2021,PGAS,1235,1235,1210,1215,38890700
5/11/2021,PGJO,50,50,48,50,13100
5/11/2021,PGLI,202,222,199,200,57500
5/11/2021,PGUN,228,228,214,228,2100
5/11/2021,PICO,135,137,131,131,140100
5/11/2021,PJAA,540,550,525,540,392400
5/11/2021,PKPK,67,71,67,69,1983900
5/11/2021,PLAN,33,34,31,32,7936500
5/11/2021,PLAN-W,9,10,8,10,5843300
5/11/2021,PLAS,50,50,50,50,0
5/11/2021,PLIN,2450,2450,2450,2450,0
5/11/2021,PMJS,124,125,117,123,1028200
5/11/2021,PMMP,366,376,362,366,36053600
5/11/2021,PNBN,915,915,895,900,2095100
5/11/2021,PNBS,141,149,141,142,109069900
5/11/2021,PNGO,1430,1430,1425,1425,400
5/11/2021,PNIN,775,775,750,770,361000
5/11/2021,PNLF,193,193,189,191,9498100
5/11/2021,PNSE,466,484,466,484,4000
5/11/2021,POLA,159,165,148,156,693200
5/11/2021,POLA-W,68,78,68,70,88000
5/11/2021,POLI,1360,1360,1360,1360,100
5/11/2021,POLL,2590,2600,2400,2460,4843300
5/11/2021,POLU,450,450,410,438,600
5/11/2021,POLY,60,62,60,62,1250100
5/11/2021,POOL,50,50,50,50,0
5/11/2021,PORT,416,416,416,416,200
5/11/2021,POSA,50,50,50,50,0
5/11/2021,POWR,685,690,685,690,1993100
5/11/2021,PPGL,65,65,62,63,5471300
5/11/2021,PPGL-W,11,12,11,11,468500
5/11/2021,PPRE,200,202,198,199,15431300
5/11/2021,PPRO,83,83,81,82,52807000
5/11/2021,PRAS,138,184,138,148,3652400
5/11/2021,PRDA,4500,4510,4400,4430,201500
5/11/2021,PRIM,190,192,185,187,1241900
5/11/2021,PRIM-W,7,7,7,7,0
5/11/2021,PSAB,212,216,202,202,53522100
5/11/2021,PSDN,157,173,157,170,227500
5/11/2021,PSGO,124,124,119,119,63300
5/11/2021,PSKT,50,50,50,50,5500
5/11/2021,PSSI,248,258,246,252,3273100
5/11/2021,PTBA,2280,2330,2260,2280,24415700
5/11/2021,PTDU,2000,2090,1960,2070,507800
5/11/2021,PTIS,306,306,286,286,6700
5/11/2021,PTPP,1275,1285,1260,1265,14214800
5/11/2021,PTPW,1225,1225,1200,1210,430800
5/11/2021,PTRO,2250,2250,2120,2140,1997900
5/11/2021,PTSN,199,200,198,200,720400
5/11/2021,PTSP,5600,5600,5600,5600,0
5/11/2021,PUDP,240,244,226,226,5000
5/11/2021,PURA,107,110,106,108,408215700
5/11/2021,PURA-W,25,28,24,24,6804100
5/11/2021,PURE,117,126,109,117,48095800
5/11/2021,PURI,374,374,374,374,100
5/11/2021,PWON,520,525,510,520,22483900
5/11/2021,PYFA,995,1010,980,990,349400
5/11/2021,PZZA,705,705,690,695,1532900
5/11/2021,R-ABFII,28600,28600,28600,28600,0
5/11/2021,R-LQ45X,940,940,931,933,50900
5/11/2021,RAJA,250,250,238,238,26610400
5/11/2021,RALS,735,740,720,740,27027000
5/11/2021,RANC,505,505,494,500,4303700
5/11/2021,RBMS,53,54,52,52,7923200
5/11/2021,RDTX,7925,7925,7400,7400,23300
5/11/2021,REAL,50,50,50,50,22800
5/11/2021,RELI,324,350,324,350,3100
5/11/2021,RICY,107,110,104,108,726400
5/11/2021,RIGS,212,212,208,208,134900
5/11/2021,RIMO,50,50,50,50,0
5/11/2021,RISE,442,442,438,440,323700
5/11/2021,RMBA,286,296,284,296,6700
5/11/2021,ROCK,560,600,550,550,3400
5/11/2021,RODA,77,79,75,77,4468900
5/11/2021,RONY,160,160,151,159,300
5/11/2021,ROTI,1400,1400,1385,1390,1783700
5/11/2021,RUIS,240,242,236,238,166600
5/11/2021,SAFE,186,220,173,188,61800
5/11/2021,SAME,570,570,545,555,48925300
5/11/2021,SAMF,1075,1330,1075,1330,62474900
5/11/2021,SAPX,1055,1100,1040,1055,306500
5/11/2021,SATU,53,55,51,52,1565800
5/11/2021,SBAT,51,53,50,51,56744100
5/11/2021,SBAT-W,10,10,9,10,1524200
5/11/2021,SCCO,11375,11375,11375,11375,100
5/11/2021,SCMA,1460,1465,1435,1440,14317300
5/11/2021,SCNP,248,250,240,244,630200
5/11/2021,SCPI,29000,29000,29000,29000,0
5/11/2021,SDMU,55,59,55,56,11194700
5/11/2021,SDPC,132,133,130,132,184700
5/11/2021,SDRA,690,695,685,685,29300
5/11/2021,SFAN,1300,1305,1300,1300,238200
5/11/2021,SGER,254,254,252,254,30900
5/11/2021,SGER-W,134,140,134,138,3800
5/11/2021,SGRO,1920,1920,1900,1915,38500
5/11/2021,SHID,2310,2370,2310,2370,14000
5/11/2021,SHIP,670,675,655,665,1086400
5/11/2021,SIDO,775,780,770,775,3987600
5/11/2021,SILO,8425,8425,8200,8250,572200
5/11/2021,SIMA,50,50,50,50,0
5/11/2021,SIMP,580,585,565,565,13458800
5/11/2021,SINI,376,376,332,354,5100
5/11/2021,SINI-W,170,270,170,183,4200
5/11/2021,SIPD,1275,1275,1275,1275,98100
5/11/2021,SKBM,354,354,334,340,3900
5/11/2021,SKLT,2510,2510,2350,2350,900
5/11/2021,SKRN,760,760,720,720,185900
5/11/2021,SKYB,51,51,51,51,0
5/11/2021,SLIS,9225,9250,9225,9225,4500
5/11/2021,SMAR,4650,4800,4600,4700,31500
5/11/2021,SMBR,785,790,770,775,3264500
5/11/2021,SMCB,1755,1755,1735,1750,32400
5/11/2021,SMDM,131,131,123,127,1385800
5/11/2021,SMDR,500,525,490,494,22412100
5/11/2021,SMGR,9950,10025,9800,9925,1531600
5/11/2021,SMKL,200,204,200,204,633600
5/11/2021,SMKL-W,16,16,15,15,629200
5/11/2021,SMMA,13000,13000,13000,13000,0
5/11/2021,SMMT,96,100,94,95,742800
5/11/2021,SMRA,960,960,925,930,18275900
5/11/2021,SMRU,50,50,50,50,0
5/11/2021,SMSM,1250,1250,1230,1240,374100
5/11/2021,SNLK,820,825,790,815,12506900
5/11/2021,SOCI,214,228,208,222,81849000
5/11/2021,SOFA,98,100,96,96,4300
5/11/2021,SOFA-W,7,8,6,7,10116900
5/11/2021,SOHO,5375,5450,5300,5450,223900
5/11/2021,SONA,5475,5475,5475,5475,0
5/11/2021,SOSS,392,392,380,386,64000
5/11/2021,SOSS-W,35,48,35,37,264100
5/11/2021,SOTS,476,476,448,476,4337900
5/11/2021,SOTS-W,76,76,64,74,10800
5/11/2021,SPMA,575,595,565,585,700400
5/11/2021,SPTO,474,482,468,470,2551600
5/11/2021,SQMI,306,306,300,300,1826100
5/11/2021,SRAJ,168,168,162,166,91200
5/11/2021,SRIL,153,167,152,152,297104600
5/11/2021,SRSN,63,64,62,63,3639300
5/11/2021,SRTG,5750,5750,5600,5700,1309700
5/11/2021,SSIA,458,458,450,458,1618400
5/11/2021,SSMS,945,945,920,930,7530800
5/11/2021,SSTM,478,484,476,476,1800
5/11/2021,STAR,111,111,99,100,10800
5/11/2021,STTP,8325,8325,8325,8325,400
5/11/2021,SUGI,50,50,50,50,0
5/11/2021,SULI,50,51,50,50,6875100
5/11/2021,SUPR,6000,6000,6000,6000,0
5/11/2021,SURE,2000,2000,2000,2000,20500
5/11/2021,SWAT,121,125,106,106,16090700
5/11/2021,TALF,300,300,286,286,10900
5/11/2021,TAMA,52,54,52,53,479900
5/11/2021,TAMA-W,14,15,13,14,2034900
5/11/2021,TAMU,50,50,50,50,10300
5/11/2021,TAPG,790,790,765,775,113652200
5/11/2021,TARA,50,50,50,50,700
5/11/2021,TAXI,50,50,50,50,200
5/11/2021,TBIG,2580,2690,2570,2620,66478400
5/11/2021,TBLA,915,915,900,900,1866400
5/11/2021,TBMS,1550,1640,1500,1545,47200
5/11/2021,TCID,6175,6175,6075,6175,400
5/11/2021,TCPI,7225,7225,6950,7150,9002600
5/11/2021,TDPM,119,119,119,119,0
5/11/2021,TEBE,484,498,478,492,188200
5/11/2021,TECH,2380,2380,2380,2380,0
5/11/2021,TELE,121,121,121,121,0
5/11/2021,TFAS,2900,2900,2900,2900,0
5/11/2021,TFCO,440,440,440,440,200
5/11/2021,TGKA,9100,9900,8800,8900,35700
5/11/2021,TGRA,125,132,122,127,48210500
5/11/2021,TIFA,1120,1120,1120,1120,400
5/11/2021,TINS,1825,1840,1790,1820,41543100
5/11/2021,TIRA,270,270,260,270,14500
5/11/2021,TIRT,50,65,50,54,12563600
5/11/2021,TKIM,11050,11550,10775,11200,9038100
5/11/2021,TLKM,3170,3200,3150,3180,94281900
5/11/2021,TMAS,177,178,174,177,842200
5/11/2021,TMPO,136,139,136,139,800
5/11/2021,TNCA,354,362,350,354,183900
5/11/2021,TOBA,500,500,494,500,469800
5/11/2021,TOPS,50,50,50,50,10100
5/11/2021,TOTL,330,330,324,328,821800
5/11/2021,TOTO,212,212,210,210,1185500
5/11/2021,TOWR,1175,1190,1155,1185,32947100
5/11/2021,TOYS,169,175,158,158,38075500
5/11/2021,TOYS-W,17,17,15,16,4274200
5/11/2021,TPIA,9100,9100,8575,8725,3888800
5/11/2021,TPMA,1025,1025,1025,1025,100
5/11/2021,TRAM,50,50,50,50,0
5/11/2021,TRIL,50,50,50,50,0
5/11/2021,TRIM,142,142,138,139,1557100
5/11/2021,TRIN,164,165,161,164,1177400
5/11/2021,TRIN-W,17,18,16,18,3966200
5/11/2021,TRIO,426,426,426,426,0
5/11/2021,TRIS,136,136,129,131,1339900
5/11/2021,TRIS-W,101,101,101,101,0
5/11/2021,TRJA,165,178,165,174,151000
5/11/2021,TRST,430,430,430,430,0
5/11/2021,TRUK,105,106,100,101,18475500
5/11/2021,TRUS,296,296,296,296,0
5/11/2021,TSPC,1550,1550,1525,1530,1385000
5/11/2021,TUGU,1530,1545,1425,1540,93100
5/11/2021,TURI,1220,1220,1215,1215,81400
5/11/2021,UANG,486,486,486,486,700
5/11/2021,UCID,1575,1585,1565,1570,122700
5/11/2021,UFOE,1010,1010,1010,1010,0
5/11/2021,ULTJ,1525,1555,1525,1540,381900
5/11/2021,UNIC,7550,7550,7150,7325,3200
5/11/2021,UNIQ,107,107,104,104,9219100
5/11/2021,UNIT,316,316,316,316,0
5/11/2021,UNSP,116,117,116,117,115500
5/11/2021,UNTR,21750,21750,21400,21450,1969900
5/11/2021,UNVR,5650,5825,5600,5625,28767800
5/11/2021,URBN,500,500,460,480,162300
5/11/2021,URBN-W,31,34,31,33,4317000
5/11/2021,VICI,356,358,354,356,3653900
5/11/2021,VICO,141,142,136,141,793900
5/11/2021,VINS,111,118,111,111,8916800
5/11/2021,VIVA,62,63,61,61,15758200
5/11/2021,VOKS,204,204,200,200,309400
5/11/2021,VRNA,144,190,139,168,18848800
5/11/2021,WAPO,111,130,106,110,10446400
5/11/2021,WEGE,202,204,200,200,5281300
5/11/2021,WEHA,80,81,77,78,1728000
5/11/2021,WICO,430,430,430,430,100
5/11/2021,WIFI,995,1050,975,1000,30504300
5/11/2021,WIFI-W,316,750,300,460,2603300
5/11/2021,WIIM,750,755,730,740,10002600
5/11/2021,WIKA,1450,1460,1435,1445,4352700
5/11/2021,WINS,96,98,95,95,3714700
5/11/2021,WMUU,206,206,202,202,23671900
5/11/2021,WOMF,244,244,242,244,64700
5/11/2021,WOOD,785,785,765,785,11139400
5/11/2021,WOWS,55,55,51,54,96043600
5/11/2021,WSBP,196,196,194,195,9394900
5/11/2021,WSKT,1100,1100,1075,1080,16674200
5/11/2021,WTON,298,302,296,296,2886800
5/11/2021,XAFA,1079,1079,1061,1061,300
5/11/2021,XAQA,874,874,874,874,0
5/11/2021,XASG,87,87,87,87,0
5/11/2021,XBES,885,885,874,874,3400
5/11/2021,XBID,491,491,491,491,0
5/11/2021,XBIN,456,456,456,456,0
5/11/2021,XBLQ,452,452,452,452,100
5/11/2021,XBNI,942,942,942,942,400
5/11/2021,XBSK,353,353,353,353,0
5/11/2021,XCID,82,86,82,84,27500
5/11/2021,XCIS,105,105,105,105,0
5/11/2021,XCLQ,93,93,90,92,54200
5/11/2021,XDIF,444,444,444,444,1300
5/11/2021,XDSG,905,905,905,905,0
5/11/2021,XIFE,95,95,95,95,18100
5/11/2021,XIHD,434,435,430,433,4900
5/11/2021,XIIC,938,938,938,938,0
5/11/2021,XIID,480,480,476,476,3300
5/11/2021,XIIF,547,547,541,541,600
5/11/2021,XIIT,492,493,490,493,51100
5/11/2021,XIJI,592,592,586,590,55500
5/11/2021,XILV,104,104,104,104,100
5/11/2021,XIML,242,242,240,240,1900
5/11/2021,XIPI,168,168,167,167,3900
5/11/2021,XISB,398,398,398,398,0
5/11/2021,XISC,708,708,706,706,1000
5/11/2021,XISI,317,317,316,316,1900
5/11/2021,XISR,350,351,350,351,900
5/11/2021,XKIV,456,456,450,450,200
5/11/2021,XKMS,983,983,977,978,10300
5/11/2021,XMIG,165,165,165,165,0
5/11/2021,XMJM,1001,1001,1001,1001,0
5/11/2021,XMTS,433,433,433,433,200
5/11/2021,XNVE,141,141,141,141,119600
5/11/2021,XPCR,852,852,852,852,0
5/11/2021,XPDV,422,422,420,420,1100
5/11/2021,XPES,365,365,365,365,200
5/11/2021,XPFT,488,488,488,488,0
5/11/2021,XPID,486,486,486,486,0
5/11/2021,XPLC,433,433,433,433,0
5/11/2021,XPLQ,448,448,448,448,0
5/11/2021,XPMI,847,847,847,847,2600
5/11/2021,XPSG,368,368,368,368,0
5/11/2021,XPTD,476,476,476,476,0
5/11/2021,XSBC,100,100,100,100,200
5/11/2021,XSMU,122,122,122,122,500
5/11/2021,XSPI,750,750,750,750,0
5/11/2021,XSRI,172,172,172,172,0
5/11/2021,XSSI,81,82,80,81,32400
5/11/2021,XSSK,600,600,600,600,0
5/11/2021,YELO,106,122,104,109,77883000
5/11/2021,YELO-W,32,36,32,32,9970800
5/11/2021,YPAS,410,410,382,390,1900
5/11/2021,YULE,420,420,420,420,100
5/11/2021,ZBRA,980,990,930,955,3324400
5/11/2021,ZINC,190,192,183,189,972971000
5/11/2021,ZONE,430,432,430,432,143800
5/11/2021,ZYRX,498,510,482,492,27742600
5/11/2021,ZYRX-W,50,53,49,53,12181400
