<date>,<ticker>,<open>,<high>,<low>,<close>,<volume>
7/26/2021,IHSG,6109.031,6137.046,6091.015,6106.394,165667132
7/26/2021,AALI,8125,8250,8075,8125,2954900
7/26/2021,ABBA,436,540,416,540,240059300
7/26/2021,ABDA,6950,6950,6950,6950,0
7/26/2021,ABMM,1235,1340,1235,1310,498500
7/26/2021,ACES,1335,1350,1315,1320,10598000
7/26/2021,ACST,246,250,240,240,10794300
7/26/2021,ADES,2530,2590,2450,2500,135200
7/26/2021,ADHI,740,750,725,730,13701500
7/26/2021,ADMF,7775,7800,7675,7750,66600
7/26/2021,ADMG,208,240,206,240,28871700
7/26/2021,ADRO,1300,1310,1275,1280,55386900
7/26/2021,AGAR,402,402,400,400,5600
7/26/2021,AGII,1755,1760,1675,1690,38959000
7/26/2021,AGRO,2400,2690,2360,2630,160252700
7/26/2021,AGRS,224,244,222,232,76725700
7/26/2021,AHAP,59,59,56,58,2300300
7/26/2021,AIMS,440,442,424,426,138500
7/26/2021,AISA,230,236,222,222,26320500
7/26/2021,AKKU,50,50,50,50,6500
7/26/2021,AKPI,630,630,615,615,13700
7/26/2021,AKRA,3510,3570,3460,3510,9206900
7/26/2021,AKSI,450,464,448,448,11800
7/26/2021,ALDO,685,685,635,635,2389900
7/26/2021,ALKA,236,236,234,234,1000
7/26/2021,ALMI,236,240,222,232,47000
7/26/2021,ALTO,340,340,318,322,140300
7/26/2021,AMAG,280,282,266,278,364000
7/26/2021,AMAN,386,412,386,412,5551900
7/26/2021,AMAR,276,282,272,280,4461100
7/26/2021,AMFG,3550,3550,3550,3550,0
7/26/2021,AMIN,206,206,200,206,74600
7/26/2021,AMOR,3200,3220,3140,3220,1125900
7/26/2021,AMRT,1260,1270,1210,1255,10180400
7/26/2021,ANDI,50,50,50,50,10600
7/26/2021,ANJT,645,645,620,620,17200
7/26/2021,ANTM,2660,2730,2610,2630,223203900
7/26/2021,APEX,615,635,610,620,56500
7/26/2021,APIC,815,840,810,830,10188900
7/26/2021,APII,180,180,177,179,106500
7/26/2021,APLI,195,206,195,204,318100
7/26/2021,APLN,128,130,125,126,6498700
7/26/2021,ARCI,690,710,690,710,32639700
7/26/2021,ARGO,1840,1840,1715,1715,20300
7/26/2021,ARII,294,294,288,292,319800
7/26/2021,ARKA,50,50,50,50,1510700
7/26/2021,ARMY,50,50,50,50,0
7/26/2021,ARNA,755,760,745,745,2032300
7/26/2021,ARTA,470,500,452,482,29900
7/26/2021,ARTI,50,50,50,50,19400
7/26/2021,ARTO,16350,17050,16350,16825,13571700
7/26/2021,ASBI,300,304,298,302,371500
7/26/2021,ASDM,940,960,930,955,40200
7/26/2021,ASGR,700,745,690,690,387000
7/26/2021,ASII,4950,4970,4770,4770,43373400
7/26/2021,ASJT,220,228,220,228,102200
7/26/2021,ASMI,410,436,408,430,105300
7/26/2021,ASPI,50,50,50,50,34700
7/26/2021,ASPI-W,14,14,13,14,62900
7/26/2021,ASRI,162,166,161,162,15235500
7/26/2021,ASRM,1570,1570,1520,1560,10300
7/26/2021,ASSA,2350,2490,2230,2460,28065300
7/26/2021,ATAP,106,114,105,108,454900
7/26/2021,ATIC,950,1045,940,965,8473000
7/26/2021,AUTO,1080,1090,1070,1080,607800
7/26/2021,AYLS,74,75,70,70,4974000
7/26/2021,BABP,350,374,346,374,907644200
7/26/2021,BABP-W3,222,236,218,234,4253600
7/26/2021,BABP-W4,276,310,274,300,1147600
7/26/2021,BACA,434,444,428,428,38316800
7/26/2021,BACA-W2,390,390,280,386,700
7/26/2021,BAJA,320,380,320,360,20352200
7/26/2021,BALI,595,650,595,625,5787400
7/26/2021,BANK,3220,3260,3200,3260,22077900
7/26/2021,BANK-W,2910,3000,2910,2950,85800
7/26/2021,BAPA,50,50,50,50,2100
7/26/2021,BAPI,50,50,50,50,4300
7/26/2021,BAPI-W,6,6,4,6,37438300
7/26/2021,BATA,635,675,635,675,1900
7/26/2021,BAYU,1005,1050,1000,1005,4500
7/26/2021,BBCA,30200,30300,30025,30025,9634300
7/26/2021,BBHI,2660,2820,2650,2730,18833400
7/26/2021,BBKP,406,406,400,400,28395500
7/26/2021,BBLD,408,408,408,408,49000
7/26/2021,BBMD,1470,1495,1470,1495,2800
7/26/2021,BBNI,5100,5125,5000,5050,18847000
7/26/2021,BBRI,3900,3900,3820,3830,81996800
7/26/2021,BBRM,50,50,50,50,8700
7/26/2021,BBSI,4100,4310,4070,4230,33800
7/26/2021,BBSS,50,51,50,50,6755500
7/26/2021,BBTN,1360,1375,1340,1355,19823000
7/26/2021,BBYB,575,590,535,535,108219800
7/26/2021,BCAP,122,125,121,124,55503900
7/26/2021,BCIC,815,815,760,760,472600
7/26/2021,BCIP,58,58,56,56,417800
7/26/2021,BDMN,2230,2230,2150,2180,4598800
7/26/2021,BEBS,438,454,432,450,38458700
7/26/2021,BEEF,85,89,85,86,2741300
7/26/2021,BEKS,93,94,91,92,127053600
7/26/2021,BELL,138,138,133,133,246300
7/26/2021,BESS,930,1000,930,980,2505200
7/26/2021,BESS-W,640,640,640,640,500
7/26/2021,BEST,127,127,125,125,8349700
7/26/2021,BFIN,900,900,850,860,83811500
7/26/2021,BGTG,220,270,220,270,1697746700
7/26/2021,BHAT,765,790,765,780,144954300
7/26/2021,BHIT,82,86,82,84,266537000
7/26/2021,BIKA,256,270,256,258,184300
7/26/2021,BIMA,100,103,99,100,2496600
7/26/2021,BINA,5625,5725,5525,5550,1652500
7/26/2021,BIPI,50,50,50,50,60100
7/26/2021,BIPI-W,10,10,8,10,459700
7/26/2021,BIPP,53,54,53,53,362400
7/26/2021,BIRD,1095,1125,1090,1120,1248000
7/26/2021,BISI,1115,1120,1080,1115,153900
7/26/2021,BJBR,1275,1280,1240,1245,3422100
7/26/2021,BJTM,705,710,700,700,4799200
7/26/2021,BKDP,50,51,50,50,677600
7/26/2021,BKSL,55,56,53,53,89084100
7/26/2021,BKSW,191,204,191,198,109682000
7/26/2021,BLTA,50,50,50,50,600
7/26/2021,BLTZ,3850,3850,3600,3600,8300
7/26/2021,BLUE,680,680,670,670,111900
7/26/2021,BMAS,1555,1575,1515,1525,101400
7/26/2021,BMHS,980,985,930,970,30178300
7/26/2021,BMRI,5975,6000,5800,5800,38580100
7/26/2021,BMSR,156,158,150,152,667500
7/26/2021,BMTR,270,272,262,264,42688800
7/26/2021,BNBA,1475,1545,1435,1495,42518800
7/26/2021,BNBR,50,50,50,50,20800
7/26/2021,BNGA,970,985,955,955,3539500
7/26/2021,BNII,342,344,338,340,3080800
7/26/2021,BNLI,2120,2120,1975,1975,8954200
7/26/2021,BOGA,1340,1375,1340,1365,109770200
7/26/2021,BOLA,320,374,320,330,9436400
7/26/2021,BOLT,690,690,675,675,1000
7/26/2021,BOSS,72,78,72,77,29199100
7/26/2021,BPFI,1080,1080,1050,1050,900
7/26/2021,BPII,5900,5900,5900,5900,0
7/26/2021,BPTR,114,115,112,112,902400
7/26/2021,BRAM,6200,6200,6200,6200,100
7/26/2021,BRIS,2670,2720,2620,2680,102412700
7/26/2021,BRMS,97,98,95,96,317075800
7/26/2021,BRMS-W,28,28,26,27,126909500
7/26/2021,BRNA,1320,1400,1320,1400,1700
7/26/2021,BRPT,820,820,805,805,25401300
7/26/2021,BSDE,970,980,955,955,9626900
7/26/2021,BSIM,1170,1250,1030,1060,25345700
7/26/2021,BSSR,1675,1775,1675,1695,45800
7/26/2021,BSWD,1750,1750,1750,1750,0
7/26/2021,BTEK,50,50,50,50,4000
7/26/2021,BTEL,50,50,50,50,0
7/26/2021,BTON,430,438,424,438,35400
7/26/2021,BTPN,2860,2860,2760,2770,50900
7/26/2021,BTPS,2570,2580,2530,2540,2061500
7/26/2021,BUDI,198,198,187,189,20096100
7/26/2021,BUKK,995,1025,995,1020,51800
7/26/2021,BULL,250,258,246,256,465796900
7/26/2021,BULL-W2,50,52,50,51,17100
7/26/2021,BUMI,57,58,57,57,159702000
7/26/2021,BUVA,60,60,60,60,0
7/26/2021,BVIC,160,174,159,172,58017400
7/26/2021,BWPT,92,93,90,90,53699000
7/26/2021,BYAN,13975,14025,13850,13875,158200
7/26/2021,CAKK,67,68,66,67,380400
7/26/2021,CAMP,256,256,252,254,876600
7/26/2021,CANI,106,106,103,104,443800
7/26/2021,CARE,336,352,336,346,260900500
7/26/2021,CARS,50,50,50,50,4600
7/26/2021,CASA,392,394,392,392,25600
7/26/2021,CASH,222,238,222,238,29696000
7/26/2021,CASS,362,366,358,360,1134500
7/26/2021,CBMF,55,59,55,56,47154400
7/26/2021,CCSI,436,468,430,464,3016300
7/26/2021,CEKA,1800,1820,1800,1805,7800
7/26/2021,CENT,274,296,272,282,255650600
7/26/2021,CFIN,284,288,280,286,4546500
7/26/2021,CINT,197,208,192,200,2900
7/26/2021,CITA,3040,3040,3040,3040,300
7/26/2021,CITY,147,152,146,152,34500
7/26/2021,CITY-W,43,48,43,44,99100
7/26/2021,CLAY,870,870,830,870,1700
7/26/2021,CLEO,500,505,478,478,15917200
7/26/2021,CLPI,1165,1165,1130,1140,431400
7/26/2021,CMNP,1760,1760,1695,1740,70900
7/26/2021,CMNP-W,925,925,655,805,3100
7/26/2021,CMPP,184,184,184,184,0
7/26/2021,CNKO,50,50,50,50,0
7/26/2021,CNTB,250,250,250,250,0
7/26/2021,CNTX,198,198,174,189,14000
7/26/2021,COCO,332,348,332,342,1121900
7/26/2021,COCO-W,328,328,328,328,0
7/26/2021,COWL,50,50,50,50,0
7/26/2021,CPIN,6250,6350,6225,6300,4023300
7/26/2021,CPRI,50,50,50,50,11800
7/26/2021,CPRI-W,14,14,14,14,0
7/26/2021,CPRO,50,50,50,50,2800
7/26/2021,CSAP,392,410,392,394,2529000
7/26/2021,CSIS,71,77,71,71,4666500
7/26/2021,CSMI,3000,3000,2900,2990,700
7/26/2021,CSRA,314,314,304,308,268800
7/26/2021,CTBN,2700,2700,2700,2700,200
7/26/2021,CTRA,960,965,925,930,8743800
7/26/2021,CTTH,50,51,50,51,530900
7/26/2021,DADA,50,50,50,50,1010400
7/26/2021,DADA-W,10,11,9,11,88232800
7/26/2021,DART,214,214,202,204,33600
7/26/2021,DAYA,252,254,252,252,1400
7/26/2021,DCII,59000,59000,59000,59000,0
7/26/2021,DEAL,73,75,73,74,1496600
7/26/2021,DEAL-W,31,40,30,40,235600
7/26/2021,DEFI,1625,1625,1625,1625,0
7/26/2021,DEWA,50,50,50,50,15900
7/26/2021,DFAM,152,154,142,142,784100
7/26/2021,DGIK,69,72,69,70,23029800
7/26/2021,DGNS,1060,1075,995,1015,22037800
7/26/2021,DIGI,384,432,382,382,32800
7/26/2021,DILD,172,172,168,168,1844700
7/26/2021,DIVA,3640,3660,3610,3620,283900
7/26/2021,DKFT,150,155,146,146,36108100
7/26/2021,DLTA,3770,3770,3760,3760,11400
7/26/2021,DMAS,196,197,192,192,21503600
7/26/2021,DMMX,2790,2900,2690,2790,79211400
7/26/2021,DMND,740,745,735,735,4700
7/26/2021,DNAR,236,246,222,238,7118600
7/26/2021,DNET,3180,3180,3180,3180,3400
7/26/2021,DOID,316,320,306,306,36573000
7/26/2021,DPNS,310,310,300,310,14600
7/26/2021,DPUM,50,50,50,50,0
7/26/2021,DSFI,71,72,70,70,502000
7/26/2021,DSNG,540,575,540,565,40759100
7/26/2021,DSSA,12825,12825,12150,12150,200
7/26/2021,DUCK,116,138,116,134,145064500
7/26/2021,DUTI,3500,3500,3500,3500,300
7/26/2021,DVLA,2480,2480,2440,2450,22400
7/26/2021,DWGL,185,244,184,240,7177800
7/26/2021,DWGL-W,38,68,38,49,25480500
7/26/2021,DYAN,63,64,62,63,7101200
7/26/2021,EAST,62,69,62,63,2641500
7/26/2021,EAST-W,8,10,8,8,31180600
7/26/2021,ECII,990,990,990,990,0
7/26/2021,EDGE,31425,31625,31000,31325,20000
7/26/2021,EKAD,1430,1470,1430,1460,361100
7/26/2021,ELSA,274,280,274,274,37340800
7/26/2021,ELTY,50,50,50,50,774300
7/26/2021,EMDE,193,200,193,200,18000
7/26/2021,EMTK,2630,2680,2580,2620,94052500
7/26/2021,ENRG,110,112,108,108,31609200
7/26/2021,ENVY,50,50,50,50,0
7/26/2021,ENZO,50,50,50,50,53500
7/26/2021,ENZO-W,16,16,14,15,2656400
7/26/2021,EPAC,50,51,50,50,459600
7/26/2021,EPMT,2310,2310,2280,2280,212300
7/26/2021,ERAA,590,600,580,585,83872000
7/26/2021,ERTX,182,190,180,180,359900
7/26/2021,ESIP,68,70,68,70,888500
7/26/2021,ESIP-W,11,11,10,11,5625100
7/26/2021,ESSA,436,464,424,442,209083500
7/26/2021,ESTA,101,101,99,101,392300
7/26/2021,ESTI,102,102,98,99,424900
7/26/2021,ETWA,62,62,62,62,0
7/26/2021,EXCL,2450,2470,2410,2410,23519000
7/26/2021,FAPA,2940,2940,2850,2910,900
7/26/2021,FAST,985,995,975,975,12200
7/26/2021,FASW,7600,7600,7600,7600,0
7/26/2021,FILM,396,438,396,420,55646300
7/26/2021,FIMP,57,57,50,51,1903800
7/26/2021,FIMP-W,19,21,15,17,5116500
7/26/2021,FIRE,510,510,510,510,1053900
7/26/2021,FISH,4000,4000,4000,4000,0
7/26/2021,FITT,144,144,141,142,315900
7/26/2021,FITT-W,36,42,35,39,13000
7/26/2021,FLMC,352,356,342,344,1377600
7/26/2021,FMII,498,530,486,530,42500
7/26/2021,FOOD,100,102,98,99,1392200
7/26/2021,FORU,156,168,152,159,54100
7/26/2021,FORZ,50,50,50,50,100
7/26/2021,FPNI,242,250,242,242,4873700
7/26/2021,FREN,118,124,117,121,1164985200
7/26/2021,FREN-W,60,64,47,48,10150900
7/26/2021,FREN-W2,66,70,65,68,225050400
7/26/2021,FUJI,278,282,276,282,1837900
7/26/2021,GAMA,50,50,50,50,1100
7/26/2021,GDST,103,111,103,105,26901300
7/26/2021,GDYR,1590,1590,1500,1550,45800
7/26/2021,GEMA,358,358,358,358,0
7/26/2021,GEMS,3850,3850,3670,3850,4700
7/26/2021,GGRM,36400,36425,35425,35525,1195300
7/26/2021,GGRP,426,430,420,420,79600
7/26/2021,GHON,2360,2360,2200,2350,14200
7/26/2021,GIAA,222,222,222,222,0
7/26/2021,GJTL,825,830,790,795,4997900
7/26/2021,GLOB,290,292,250,250,884300
7/26/2021,GLVA,346,358,322,322,2015900
7/26/2021,GMFI,76,80,73,76,4732500
7/26/2021,GMTD,16725,16725,16725,16725,0
7/26/2021,GOLD,446,446,422,428,44500
7/26/2021,GOLL,50,50,50,50,0
7/26/2021,GOOD,366,368,358,362,19150000
7/26/2021,GPRA,61,62,61,61,262100
7/26/2021,GSMF,161,204,159,204,15889800
7/26/2021,GTBO,75,75,75,75,0
7/26/2021,GWSA,108,110,107,107,1021900
7/26/2021,GZCO,50,50,50,50,1800
7/26/2021,HADE,50,50,50,50,0
7/26/2021,HDFA,176,188,170,178,185800
7/26/2021,HDIT,655,680,605,605,12999600
7/26/2021,HDTX,120,120,120,120,0
7/26/2021,HEAL,5800,5975,5725,5800,1199800
7/26/2021,HELI,310,310,306,306,3300
7/26/2021,HERO,1810,1930,1810,1900,597200
7/26/2021,HEXA,3470,3490,3460,3480,521700
7/26/2021,HITS,346,392,346,346,13200
7/26/2021,HKMU,66,68,66,67,23374400
7/26/2021,HMSP,1130,1140,1115,1115,20687000
7/26/2021,HOKI,189,199,188,199,92542600
7/26/2021,HOME,50,50,50,50,0
7/26/2021,HOMI,1980,2000,1880,2000,23800
7/26/2021,HOPE,190,206,184,184,27363300
7/26/2021,HOPE-W,26,26,21,21,94945700
7/26/2021,HOTL,50,50,50,50,1000
7/26/2021,HRME,56,57,55,55,1998000
7/26/2021,HRTA,256,262,248,250,6035200
7/26/2021,HRUM,5850,6075,5775,5775,4093200
7/26/2021,IATA,50,50,50,50,100
7/26/2021,IBFN,161,161,153,153,116200
7/26/2021,IBFN-W,13,13,13,13,200
7/26/2021,IBST,5000,5000,5000,5000,0
7/26/2021,ICBP,8700,8800,8600,8725,3926200
7/26/2021,ICON,92,94,91,92,364300
7/26/2021,IDPR,140,140,130,132,5926600
7/26/2021,IFII,133,139,133,134,190100
7/26/2021,IFSH,1040,1300,1040,1165,55700
7/26/2021,IGAR,436,442,434,434,292400
7/26/2021,IIKP,50,50,50,50,0
7/26/2021,IKAI,50,50,50,50,400
7/26/2021,IKAN,112,113,107,108,17473800
7/26/2021,IKBI,248,248,248,248,100
7/26/2021,IMAS,890,890,860,860,1954200
7/26/2021,IMJS,294,296,286,290,2453400
7/26/2021,IMPC,1800,1855,1795,1840,2573500
7/26/2021,INAF,2880,2950,2850,2870,623000
7/26/2021,INAI,318,320,316,316,51000
7/26/2021,INCF,101,101,97,97,70600
7/26/2021,INCI,735,795,725,750,59900
7/26/2021,INCO,5500,5550,5375,5425,17554700
7/26/2021,INDF,6475,6550,6475,6500,2365400
7/26/2021,INDO,122,148,122,122,5166300
7/26/2021,INDO-W,38,53,35,37,901800
7/26/2021,INDR,3750,3950,3700,3750,77800
7/26/2021,INDS,1905,1905,1905,1905,200
7/26/2021,INDX,122,125,120,121,1829400
7/26/2021,INDY,1385,1420,1355,1355,14868400
7/26/2021,INKP,7675,7750,7425,7425,5200900
7/26/2021,INOV,170,170,163,164,168700
7/26/2021,INPC,157,179,157,175,176974700
7/26/2021,INPC-W,59,81,59,66,74770900
7/26/2021,INPP,725,725,725,725,0
7/26/2021,INPS,2020,2020,1880,1880,13200
7/26/2021,INRU,770,800,770,800,2900
7/26/2021,INTA,146,146,138,138,50800
7/26/2021,INTD,194,224,194,199,706600
7/26/2021,INTP,10375,10375,10125,10150,1770200
7/26/2021,IPAC,150,151,144,149,98200
7/26/2021,IPCC,575,585,565,565,8050300
7/26/2021,IPCM,390,406,388,406,21113600
7/26/2021,IPOL,153,155,150,152,802000
7/26/2021,IPTV,254,260,252,258,29624700
7/26/2021,IRRA,1930,1945,1870,1890,7403300
7/26/2021,ISAT,5950,6075,5950,6050,1772300
7/26/2021,ISSP,254,276,254,260,30143200
7/26/2021,ITIC,446,450,434,438,833600
7/26/2021,ITMA,525,525,520,520,63000
7/26/2021,ITMA-W,66,66,60,64,21400
7/26/2021,ITMG,16300,16400,15975,16025,1555800
7/26/2021,JAST,134,148,132,147,83341100
7/26/2021,JAWA,146,146,133,133,12722500
7/26/2021,JAYA,106,110,105,108,13809300
7/26/2021,JECC,7400,7400,7400,7400,0
7/26/2021,JGLE,50,50,50,50,0
7/26/2021,JIHD,444,444,438,438,5200
7/26/2021,JKON,144,144,140,142,338100
7/26/2021,JKSW,60,60,60,60,0
7/26/2021,JMAS,194,218,185,204,668400
7/26/2021,JPFA,1690,1700,1645,1655,12128200
7/26/2021,JRPT,462,462,454,458,3220300
7/26/2021,JSKY,145,154,144,150,81428300
7/26/2021,JSMR,3980,4080,3940,4050,6400700
7/26/2021,JSPT,805,805,805,805,0
7/26/2021,JTPE,1155,1155,1150,1150,52300
7/26/2021,KAEF,3020,3060,2930,2940,4331900
7/26/2021,KARW,105,106,103,104,2061000
7/26/2021,KAYU,62,64,60,60,5672600
7/26/2021,KBAG,50,50,50,50,89600
7/26/2021,KBAG-W,9,9,8,9,11403900
7/26/2021,KBLI,336,344,336,342,487200
7/26/2021,KBLM,206,210,206,208,19700
7/26/2021,KBLV,765,820,765,770,116200
7/26/2021,KBRI,50,50,50,50,0
7/26/2021,KDSI,885,910,885,890,4200
7/26/2021,KEEN,390,396,386,390,868800
7/26/2021,KEJU,1215,1230,1215,1220,60600
7/26/2021,KIAS,50,50,50,50,162600
7/26/2021,KICI,270,272,262,268,928800
7/26/2021,KIJA,172,174,166,170,12033900
7/26/2021,KINO,2270,2270,2200,2210,407200
7/26/2021,KIOS,1400,1520,1370,1390,24486600
7/26/2021,KJEN,454,545,450,488,111400
7/26/2021,KKGI,254,256,252,254,114200
7/26/2021,KLBF,1350,1365,1345,1345,27036000
7/26/2021,KMDS,484,484,458,480,1300
7/26/2021,KMTR,368,370,366,370,2300
7/26/2021,KOBX,166,173,165,166,1731200
7/26/2021,KOIN,162,167,162,167,291200
7/26/2021,KONI,960,1230,960,980,16100
7/26/2021,KOPI,510,535,482,535,55100
7/26/2021,KOTA,121,160,118,156,303361300
7/26/2021,KOTA-W,91,140,91,121,354200
7/26/2021,KPAL,50,50,50,50,500
7/26/2021,KPAS,60,60,59,60,1043700
7/26/2021,KPAS-W,15,15,13,14,482800
7/26/2021,KPIG,108,110,106,107,52083100
7/26/2021,KRAH,436,436,436,436,0
7/26/2021,KRAS,530,535,505,505,42045100
7/26/2021,KREN,141,143,131,133,62376300
7/26/2021,LABA,418,434,416,434,20446500
7/26/2021,LABA-W,140,145,130,135,2016300
7/26/2021,LAND,85,87,81,83,2175900
7/26/2021,LAPD,50,50,50,50,0
7/26/2021,LCGP,114,114,114,114,0
7/26/2021,LCKM,310,310,310,310,11000
7/26/2021,LEAD,50,50,50,50,2600
7/26/2021,LFLO,70,79,70,76,405300
7/26/2021,LFLO-W,9,9,8,8,10575100
7/26/2021,LIFE,6750,6750,6750,6750,0
7/26/2021,LINK,4250,4370,4220,4350,4836900
7/26/2021,LION,358,368,358,360,19200
7/26/2021,LMAS,116,127,115,124,28009500
7/26/2021,LMPI,175,178,175,176,542000
7/26/2021,LMSH,560,575,545,545,19500
7/26/2021,LPCK,980,995,975,995,165500
7/26/2021,LPGI,3680,3680,3640,3640,1300
7/26/2021,LPIN,400,440,384,424,2536200
7/26/2021,LPKR,146,150,145,146,20716900
7/26/2021,LPLI,332,338,326,326,170900
7/26/2021,LPPF,1875,1895,1825,1860,40515600
7/26/2021,LPPS,114,114,110,110,239800
7/26/2021,LRNA,187,190,180,187,6900
7/26/2021,LSIP,1175,1175,1120,1125,15390600
7/26/2021,LTLS,625,670,610,625,3984900
7/26/2021,LUCK,204,214,204,204,7913100
7/26/2021,LUCY,36,37,35,37,3650500
7/26/2021,LUCY-W,10,10,9,9,656000
7/26/2021,MABA,50,50,50,50,0
7/26/2021,MAGP,50,50,50,50,0
7/26/2021,MAIN,700,710,690,700,7359000
7/26/2021,MAMI,50,50,50,50,205700
7/26/2021,MAMI-W,8,9,7,8,6573500
7/26/2021,MAMIP,600,600,600,600,0
7/26/2021,MAPA,1700,1745,1630,1685,4953100
7/26/2021,MAPB,1285,1285,1285,1285,1800
7/26/2021,MAPI,645,655,645,650,10133200
7/26/2021,MARI,414,468,404,448,404971200
7/26/2021,MARK,895,895,880,885,2576700
7/26/2021,MASA,2850,3000,2470,2790,580700
7/26/2021,MASB,3360,3370,3350,3350,267400
7/26/2021,MASB-W,330,330,314,316,240800
7/26/2021,MAYA,1890,1890,1760,1760,3613300
7/26/2021,MBAP,2970,3000,2970,2980,34300
7/26/2021,MBSS,520,520,515,515,1141900
7/26/2021,MBTO,160,160,149,156,926100
7/26/2021,MCAS,9075,9300,8925,9000,327600
7/26/2021,MCOR,133,138,132,135,49654000
7/26/2021,MDIA,58,58,56,57,8152200
7/26/2021,MDKA,2930,2950,2840,2860,32231500
7/26/2021,MDKI,208,208,204,208,494800
7/26/2021,MDLN,51,51,51,51,0
7/26/2021,MDRN,50,50,50,50,104500
7/26/2021,MEDC,535,540,510,510,53649400
7/26/2021,MEGA,7975,8000,7825,7825,500
7/26/2021,MERK,3330,3400,3330,3390,103600
7/26/2021,META,123,124,121,122,2789100
7/26/2021,MFIN,1145,1145,1145,1145,70100
7/26/2021,MFMI,645,645,630,630,13400
7/26/2021,MGLV,100,112,100,108,500700
7/26/2021,MGLV-W,8,10,8,9,60281200
7/26/2021,MGNA,50,50,50,50,0
7/26/2021,MGRO,675,675,665,670,2849300
7/26/2021,MICE,350,350,342,342,25600
7/26/2021,MIDI,1750,1810,1650,1810,1000
7/26/2021,MIKA,2660,2680,2630,2650,26481600
7/26/2021,MINA,55,57,53,54,3810300
7/26/2021,MIRA,50,50,50,50,0
7/26/2021,MITI,97,116,93,100,41670600
7/26/2021,MKNT,50,50,50,50,10400
7/26/2021,MKPI,25100,25100,25100,25100,0
7/26/2021,MLBI,7875,7900,7850,7850,10800
7/26/2021,MLIA,1065,1145,1060,1100,9839800
7/26/2021,MLPL,640,645,600,610,160196800
7/26/2021,MLPT,4780,4820,4460,4570,12905400
7/26/2021,MMLP,620,625,590,615,41475600
7/26/2021,MNCN,840,860,830,830,32218900
7/26/2021,MOLI,1020,1020,1000,1000,5600
7/26/2021,MPMX,700,710,695,710,9168100
7/26/2021,MPOW,84,88,84,85,3149200
7/26/2021,MPPA,910,945,885,930,31424200
7/26/2021,MPRO,520,520,484,520,11400
7/26/2021,MRAT,398,408,398,402,516800
7/26/2021,MREI,4000,4000,4000,4000,300
7/26/2021,MSIN,420,510,400,484,84519600
7/26/2021,MSKY,400,404,394,400,111100
7/26/2021,MTDL,2520,2690,2520,2560,7279500
7/26/2021,MTFN,50,50,50,50,0
7/26/2021,MTLA,406,406,400,400,183500
7/26/2021,MTPS,136,146,136,140,6124100
7/26/2021,MTRA,244,244,244,244,0
7/26/2021,MTSM,176,199,167,168,6000
7/26/2021,MTWI,126,130,122,123,5538900
7/26/2021,MYOH,1445,1450,1435,1450,120400
7/26/2021,MYOR,2240,2350,2240,2300,8489500
7/26/2021,MYRX,50,50,50,50,0
7/26/2021,MYRXP,50,50,50,50,0
7/26/2021,MYTX,90,92,87,89,678000
7/26/2021,NASA,90,94,90,91,1252100
7/26/2021,NATO,525,550,525,545,278023700
7/26/2021,NATO-W,248,248,248,248,0
7/26/2021,NELY,206,208,206,208,512900
7/26/2021,NFCX,7600,7950,7325,7325,2211800
7/26/2021,NICK,320,330,286,308,1763500
7/26/2021,NICL,224,256,210,224,223179000
7/26/2021,NICL-W,16,20,14,17,4038827500
7/26/2021,NIKL,1215,1220,1165,1175,1358300
7/26/2021,NIPS,282,282,282,282,0
7/26/2021,NIRO,150,150,143,147,40200
7/26/2021,NISP,725,730,720,720,917300
7/26/2021,NOBU,1550,1565,1500,1500,1520000
7/26/2021,NPGF,148,159,148,153,12723000
7/26/2021,NRCA,298,298,296,296,66500
7/26/2021,NUSA,50,50,50,50,0
7/26/2021,NZIA,148,161,142,151,414700
7/26/2021,OASA,248,260,232,234,155400
7/26/2021,OCAP,159,159,159,159,0
7/26/2021,OKAS,77,80,76,76,4537500
7/26/2021,OMRE,620,750,620,670,6300
7/26/2021,OPMS,350,352,342,344,1862800
7/26/2021,PADI,50,50,50,50,17200
7/26/2021,PALM,540,555,540,550,1174900
7/26/2021,PAMG,80,80,79,80,34300
7/26/2021,PANI,190,220,190,197,4529400
7/26/2021,PANR,119,141,115,129,10906600
7/26/2021,PANS,1460,1460,1415,1420,117200
7/26/2021,PBID,1840,1900,1840,1875,1674200
7/26/2021,PBRX,123,123,118,120,2125900
7/26/2021,PBSA,500,520,500,520,5900
7/26/2021,PCAR,330,340,328,338,171700
7/26/2021,PDES,260,320,252,306,5277600
7/26/2021,PEGE,182,196,182,193,173300
7/26/2021,PEHA,1180,1200,1180,1185,179700
7/26/2021,PGAS,1055,1085,1040,1040,90867800
7/26/2021,PGJO,83,84,76,78,351000
7/26/2021,PGLI,218,236,206,212,1900
7/26/2021,PGUN,234,234,218,218,44500
7/26/2021,PICO,119,120,115,118,131000
7/26/2021,PJAA,505,510,498,500,6100
7/26/2021,PKPK,65,69,65,65,25022200
7/26/2021,PLAN,29,30,28,29,1418400
7/26/2021,PLAN-W,8,9,7,9,3233000
7/26/2021,PLAS,50,50,50,50,0
7/26/2021,PLIN,2450,2450,2450,2450,0
7/26/2021,PMJS,130,130,128,128,65300
7/26/2021,PMMP,460,505,458,492,103260700
7/26/2021,PNBN,795,815,770,790,8280700
7/26/2021,PNBS,149,153,145,145,289796400
7/26/2021,PNGO,1355,1385,1355,1385,500
7/26/2021,PNIN,770,775,760,770,1016000
7/26/2021,PNLF,190,192,185,186,21123600
7/26/2021,PNSE,432,432,430,430,1500
7/26/2021,POLA,162,164,155,160,320700
7/26/2021,POLA-W,68,75,52,70,90600
7/26/2021,POLI,745,745,650,655,134200
7/26/2021,POLL,3270,3450,3230,3300,6359100
7/26/2021,POLU,302,318,302,316,13500
7/26/2021,POLY,55,55,53,55,653900
7/26/2021,POOL,50,50,50,50,0
7/26/2021,PORT,640,650,630,630,9000
7/26/2021,POSA,50,50,50,50,0
7/26/2021,POWR,635,640,630,635,1598300
7/26/2021,PPGL,76,78,74,76,8275300
7/26/2021,PPGL-W,10,11,10,11,4119000
7/26/2021,PPRE,177,181,172,176,7836800
7/26/2021,PPRO,74,74,70,71,35654300
7/26/2021,PRAS,177,177,161,171,373400
7/26/2021,PRDA,8025,8075,7625,8000,2994900
7/26/2021,PRIM,382,382,370,372,5244600
7/26/2021,PSAB,178,180,178,178,5474900
7/26/2021,PSDN,204,216,204,208,1726000
7/26/2021,PSGO,137,148,137,143,140600
7/26/2021,PSKT,50,50,50,50,0
7/26/2021,PSSI,252,252,244,248,107000
7/26/2021,PTBA,2220,2270,2220,2240,17187000
7/26/2021,PTDU,1420,1420,1345,1345,423400
7/26/2021,PTIS,284,284,266,284,1200
7/26/2021,PTPP,915,930,895,900,27201500
7/26/2021,PTPW,885,890,870,870,12200
7/26/2021,PTRO,1890,1920,1890,1900,373700
7/26/2021,PTSN,278,310,278,284,41923500
7/26/2021,PTSP,5400,5400,5400,5400,0
7/26/2021,PUDP,272,290,272,288,27700
7/26/2021,PURA,50,50,50,50,3044000
7/26/2021,PURA-W,8,8,7,7,74149800
7/26/2021,PURE,99,100,97,100,7507100
7/26/2021,PURI,386,386,386,386,0
7/26/2021,PWON,444,448,438,438,31816600
7/26/2021,PYFA,1080,1110,1060,1075,1041900
7/26/2021,PZZA,640,640,620,625,818400
7/26/2021,R-ABFII,28600,28600,28600,28600,0
7/26/2021,R-LQ45X,905,906,901,906,9500
7/26/2021,RAJA,202,202,196,196,6049400
7/26/2021,RALS,625,635,615,615,2765700
7/26/2021,RANC,755,770,745,765,247300
7/26/2021,RBMS,50,51,50,50,1747100
7/26/2021,RDTX,7075,7075,7075,7075,100
7/26/2021,REAL,50,50,50,50,106600
7/26/2021,RELI,386,386,386,386,100
7/26/2021,RICY,84,86,83,86,132800
7/26/2021,RIGS,206,218,204,218,174700
7/26/2021,RIMO,50,50,50,50,0
7/26/2021,RISE,418,418,416,418,304900
7/26/2021,RMBA,278,282,272,282,314300
7/26/2021,ROCK,690,690,655,690,2000
7/26/2021,RODA,94,94,90,92,10377900
7/26/2021,RONY,210,212,200,210,164400
7/26/2021,ROTI,1410,1425,1365,1370,254600
7/26/2021,RUIS,224,226,220,224,34200
7/26/2021,SAFE,194,212,182,191,127600
7/26/2021,SAME,660,680,635,670,68799800
7/26/2021,SAMF,845,1030,830,1030,23400700
7/26/2021,SAPX,1040,1075,1040,1065,6700
7/26/2021,SATU,53,54,52,53,8430200
7/26/2021,SBAT,50,50,50,50,21584000
7/26/2021,SBAT-W,16,16,13,15,18638700
7/26/2021,SCCO,11125,11125,11100,11125,2900
7/26/2021,SCMA,2100,2190,2060,2190,23538800
7/26/2021,SCNP,396,398,372,382,2769800
7/26/2021,SCPI,29000,29000,29000,29000,0
7/26/2021,SDMU,51,51,50,50,1816500
7/26/2021,SDPC,155,157,153,157,67800
7/26/2021,SDRA,710,740,700,705,94900
7/26/2021,SFAN,1305,1320,1305,1315,308800
7/26/2021,SGER,298,304,290,300,1717400
7/26/2021,SGER-W,200,200,162,173,10500
7/26/2021,SGRO,1750,1760,1750,1760,2500
7/26/2021,SHID,1925,1925,1805,1805,7800
7/26/2021,SHIP,645,655,640,650,675200
7/26/2021,SIDO,765,765,750,755,6288300
7/26/2021,SILO,9825,9900,9150,9275,970900
7/26/2021,SIMA,50,50,50,50,0
7/26/2021,SIMP,436,450,436,446,14287600
7/26/2021,SINI,306,306,268,272,24900
7/26/2021,SINI-W,216,216,208,208,3700
7/26/2021,SIPD,1400,1400,1400,1400,0
7/26/2021,SKBM,400,400,376,376,94300
7/26/2021,SKLT,2070,2350,2050,2200,4500
7/26/2021,SKRN,665,695,650,660,101700
7/26/2021,SKYB,51,51,51,51,0
7/26/2021,SLIS,12300,12775,12300,12500,14000
7/26/2021,SMAR,3940,3950,3940,3940,1600
7/26/2021,SMBR,630,630,605,610,1950600
7/26/2021,SMCB,1775,1805,1755,1755,367500
7/26/2021,SMDM,126,127,126,127,4200
7/26/2021,SMDR,625,680,620,670,13406500
7/26/2021,SMGR,8700,8775,8550,8550,2887000
7/26/2021,SMKL,244,252,238,248,874000
7/26/2021,SMKL-W,27,27,26,27,474800
7/26/2021,SMMA,10800,11200,10450,11200,2600
7/26/2021,SMMT,117,118,115,116,1479800
7/26/2021,SMRA,800,805,755,760,61106800
7/26/2021,SMRU,50,50,50,50,0
7/26/2021,SMSM,1360,1370,1320,1330,238700
7/26/2021,SNLK,1035,1065,1030,1050,11566600
7/26/2021,SOCI,189,193,188,188,7910100
7/26/2021,SOFA,212,216,210,216,2634900
7/26/2021,SOHO,5000,5000,4950,4950,17400
7/26/2021,SONA,5425,5425,5425,5425,0
7/26/2021,SOSS,422,422,378,400,5600
7/26/2021,SOSS-W,38,38,37,38,61900
7/26/2021,SOTS,550,555,520,525,1062600
7/26/2021,SOTS-W,75,75,75,75,0
7/26/2021,SPMA,330,338,326,328,543600
7/26/2021,SPTO,500,525,500,525,3413800
7/26/2021,SQMI,179,180,168,174,2945500
7/26/2021,SRAJ,344,360,336,356,3521800
7/26/2021,SRIL,146,146,146,146,0
7/26/2021,SRSN,58,58,56,56,1867200
7/26/2021,SRTG,1720,1865,1720,1850,31423100
7/26/2021,SSIA,492,505,492,498,26730400
7/26/2021,SSMS,890,895,870,890,7072400
7/26/2021,SSTM,600,610,600,610,10300
7/26/2021,STAR,126,126,116,123,435000
7/26/2021,STTP,8100,8450,8100,8325,1200
7/26/2021,SUGI,50,50,50,50,0
7/26/2021,SULI,50,50,50,50,1300
7/26/2021,SUPR,8000,8000,8000,8000,0
7/26/2021,SURE,1950,1950,1950,1950,0
7/26/2021,SWAT,74,75,72,73,947800
7/26/2021,TALF,300,300,294,300,17600
7/26/2021,TAMA,54,58,53,58,13552200
7/26/2021,TAMA-W,12,14,12,14,9331900
7/26/2021,TAMU,50,50,50,50,4500
7/26/2021,TAPG,700,720,680,680,54722700
7/26/2021,TARA,50,50,50,50,900
7/26/2021,TAXI,50,50,50,50,0
7/26/2021,TBIG,3180,3250,3110,3150,44665400
7/26/2021,TBLA,845,850,830,835,1364400
7/26/2021,TBMS,1650,1650,1650,1650,200
7/26/2021,TCID,5575,5600,5575,5600,15100
7/26/2021,TCPI,9050,9175,9050,9100,7072100
7/26/2021,TDPM,119,119,119,119,0
7/26/2021,TEBE,398,398,380,382,269300
7/26/2021,TECH,3100,3190,3100,3180,311500
7/26/2021,TELE,121,121,121,121,0
7/26/2021,TFAS,4700,4820,4650,4760,1367500
7/26/2021,TFCO,655,670,655,670,200
7/26/2021,TGKA,7400,7775,7400,7425,2400
7/26/2021,TGRA,94,99,93,95,9582400
7/26/2021,TIFA,890,1010,890,910,12700
7/26/2021,TINS,1750,1770,1660,1660,65110600
7/26/2021,TIRA,460,535,460,462,357100
7/26/2021,TIRT,50,50,50,50,700
7/26/2021,TKIM,7900,7950,7550,7600,2166500
7/26/2021,TLKM,3140,3200,3140,3190,55525800
7/26/2021,TMAS,280,300,272,294,17422400
7/26/2021,TMPO,139,143,139,143,3600
7/26/2021,TNCA,350,368,350,352,421200
7/26/2021,TOBA,490,490,480,490,58400
7/26/2021,TOPS,50,50,50,50,900
7/26/2021,TOTL,300,302,296,298,631000
7/26/2021,TOTO,202,204,200,202,269700
7/26/2021,TOWR,1340,1610,1340,1590,245676100
7/26/2021,TOYS,72,75,72,73,9088700
7/26/2021,TOYS-W,16,16,15,15,3212400
7/26/2021,TPIA,8825,8850,8675,8750,2674200
7/26/2021,TPMA,740,740,740,740,0
7/26/2021,TRAM,50,50,50,50,0
7/26/2021,TRIL,50,50,50,50,0
7/26/2021,TRIM,114,132,110,126,2614600
7/26/2021,TRIN,148,148,138,138,4330600
7/26/2021,TRIN-W,22,22,19,20,9806900
7/26/2021,TRIO,426,426,426,426,0
7/26/2021,TRIS,114,116,113,115,142900
7/26/2021,TRIS-W,6,6,6,6,0
7/26/2021,TRJA,195,206,195,200,364800
7/26/2021,TRST,515,515,515,515,25100
7/26/2021,TRUE,710,735,665,665,10031900
7/26/2021,TRUE-W,44,44,36,36,152323700
7/26/2021,TRUK,94,100,94,98,1982100
7/26/2021,TRUS,350,350,348,348,2000
7/26/2021,TSPC,1500,1500,1475,1480,2650500
7/26/2021,TUGU,1475,1670,1475,1565,390000
7/26/2021,TURI,1150,1150,1150,1150,87500
7/26/2021,UANG,625,750,625,750,471900
7/26/2021,UCID,1545,1550,1545,1545,81000
7/26/2021,UFOE,1350,1380,1350,1360,368100
7/26/2021,ULTJ,1530,1530,1525,1525,2083700
7/26/2021,UNIC,8850,8850,8475,8625,8600
7/26/2021,UNIQ,98,99,95,96,2387000
7/26/2021,UNIT,316,316,316,316,0
7/26/2021,UNSP,110,110,106,109,75400
7/26/2021,UNTR,19800,20550,19800,20200,3757400
7/26/2021,UNVR,4800,4820,4700,4700,33290700
7/26/2021,URBN,630,630,550,585,54100
7/26/2021,URBN-W,49,49,40,44,1839000
7/26/2021,VICI,370,378,370,376,3982500
7/26/2021,VICO,118,118,111,114,171700
7/26/2021,VINS,97,106,94,95,15341600
7/26/2021,VIVA,53,54,52,52,16645100
7/26/2021,VOKS,183,194,183,184,32000
7/26/2021,VRNA,133,134,126,130,977800
7/26/2021,WAPO,103,106,102,105,1507700
7/26/2021,WEGE,180,182,176,177,7132000
7/26/2021,WEHA,88,114,85,114,126361300
7/26/2021,WICO,438,438,438,438,7500
7/26/2021,WIFI,970,980,935,980,44795400
7/26/2021,WIFI-W,348,348,320,338,241600
7/26/2021,WIIM,620,640,610,615,9870800
7/26/2021,WIKA,1035,1050,990,995,51044400
7/26/2021,WINS,126,133,120,132,35157200
7/26/2021,WMUU,164,167,162,166,19643500
7/26/2021,WOMF,240,242,240,242,122900
7/26/2021,WOOD,720,760,715,755,21179200
7/26/2021,WOWS,50,50,50,50,1033200
7/26/2021,WSBP,139,139,134,135,18958900
7/26/2021,WSKT,1010,1010,955,960,19351600
7/26/2021,WTON,238,240,234,234,4831000
7/26/2021,XAFA,1055,1055,1055,1055,0
7/26/2021,XAQA,841,841,841,841,0
7/26/2021,XBES,835,835,835,835,100
7/26/2021,XBID,470,470,470,470,0
7/26/2021,XBIN,435,435,435,435,0
7/26/2021,XBLQ,424,424,424,424,0
7/26/2021,XBNI,920,920,920,920,0
7/26/2021,XBSK,334,334,334,334,0
7/26/2021,XCID,84,85,84,85,25600
7/26/2021,XCIS,105,105,105,105,0
7/26/2021,XCLQ,89,89,87,89,4100
7/26/2021,XDIF,418,418,418,418,0
7/26/2021,XDSG,870,870,870,870,0
7/26/2021,XIFE,92,92,90,92,4900
7/26/2021,XIHD,430,430,430,430,1500
7/26/2021,XIIC,906,906,906,906,100
7/26/2021,XIID,458,458,458,458,300
7/26/2021,XIIF,487,487,486,486,3200
7/26/2021,XIIT,478,478,472,475,21900
7/26/2021,XIJI,570,572,565,569,91600
7/26/2021,XILV,103,103,100,102,8300
7/26/2021,XIML,226,229,226,228,1600
7/26/2021,XIPI,159,159,159,159,1000
7/26/2021,XISB,398,398,398,398,0
7/26/2021,XISC,659,659,648,648,1300
7/26/2021,XISI,313,314,313,314,1900
7/26/2021,XISR,336,336,330,331,6400
7/26/2021,XKIV,450,450,450,450,0
7/26/2021,XKMS,949,949,949,949,100
7/26/2021,XMIG,158,158,158,158,0
7/26/2021,XMJM,1001,1001,1001,1001,0
7/26/2021,XMTS,406,406,406,406,0
7/26/2021,XNVE,132,132,131,131,846900
7/26/2021,XPCR,817,817,817,817,0
7/26/2021,XPDV,398,398,398,398,0
7/26/2021,XPES,353,353,345,345,3500
7/26/2021,XPFT,473,473,473,473,3100
7/26/2021,XPID,461,461,461,461,0
7/26/2021,XPLC,412,412,412,412,0
7/26/2021,XPLQ,448,448,448,448,0
7/26/2021,XPMI,830,830,830,830,0
7/26/2021,XPSG,339,339,339,339,0
7/26/2021,XPTD,446,446,446,446,100
7/26/2021,XSBC,94,94,94,94,300
7/26/2021,XSMU,123,123,123,123,300
7/26/2021,XSPI,750,750,750,750,0
7/26/2021,XSRI,162,162,162,162,100
7/26/2021,XSSI,78,78,75,75,23700
7/26/2021,XSSK,564,564,564,564,100
7/26/2021,YELO,214,234,198,226,111603200
7/26/2021,YELO-W,66,73,45,61,68389600
7/26/2021,YPAS,468,468,468,468,0
7/26/2021,YULE,510,510,428,428,700
7/26/2021,ZBRA,910,930,890,890,1292500
7/26/2021,ZINC,141,145,140,144,717452400
7/26/2021,ZONE,408,410,408,408,163700
7/26/2021,ZYRX,755,900,715,755,110152800
7/26/2021,ZYRX-W,136,153,112,119,60355300
