<date>,<ticker>,<open>,<high>,<low>,<close>,<volume>
11/23/2021,IHSG,6716.157,6732.898,6662.538,6677.876,253625775
11/23/2021,AALI,10325,10425,10300,10350,597800
11/23/2021,ABBA,410,420,404,412,4311700
11/23/2021,ABDA,6700,6700,6700,6700,0
11/23/2021,ABMM,1430,1465,1410,1440,3907400
11/23/2021,ACES,1375,1405,1370,1400,14161000
11/23/2021,ACST,260,260,250,250,11828900
11/23/2021,ADES,2840,2870,2780,2870,180300
11/23/2021,ADHI,1140,1145,1125,1135,14342900
11/23/2021,ADMF,7850,7875,7825,7825,165500
11/23/2021,ADMG,220,228,212,216,2003700
11/23/2021,ADRO,1665,1715,1640,1705,116464400
11/23/2021,AGAR,344,344,340,340,3800
11/23/2021,AGII,1485,1530,1485,1485,5611000
11/23/2021,AGRO,2110,2110,2010,2030,42414800
11/23/2021,AGRS,188,190,185,187,8949000
11/23/2021,AHAP,70,71,69,69,3581300
11/23/2021,AIMS,550,585,494,494,9352200
11/23/2021,AISA,226,228,220,224,6647600
11/23/2021,AKKU,50,50,50,50,12400
11/23/2021,AKPI,745,785,720,735,17000
11/23/2021,AKRA,4090,4190,4060,4170,9665700
11/23/2021,AKSI,438,442,408,428,26300
11/23/2021,ALDO,810,815,780,780,4079200
11/23/2021,ALKA,240,242,240,240,10400
11/23/2021,ALMI,256,256,244,250,24900
11/23/2021,ALTO,276,282,270,280,115300
11/23/2021,AMAG,340,356,336,346,9133600
11/23/2021,AMAN,494,510,490,510,7305100
11/23/2021,AMAR,304,310,292,296,2765200
11/23/2021,AMFG,4780,4780,4700,4740,18600
11/23/2021,AMIN,252,254,238,240,1141000
11/23/2021,AMOR,4010,4030,3800,3960,577200
11/23/2021,AMRT,1305,1310,1240,1250,11870000
11/23/2021,ANDI,50,50,50,50,296600
11/23/2021,ANJT,975,980,950,955,147800
11/23/2021,ANTM,2390,2460,2370,2400,159836400
11/23/2021,APEX,555,555,540,540,35900
11/23/2021,APIC,1015,1015,1005,1005,7166000
11/23/2021,APII,185,200,184,187,1239500
11/23/2021,APLI,204,206,204,206,400
11/23/2021,APLN,137,139,135,136,5799100
11/23/2021,ARCI,610,610,595,595,3939600
11/23/2021,ARGO,1600,1900,1575,1630,16200
11/23/2021,ARII,290,290,288,290,4700
11/23/2021,ARKA,65,66,64,65,25401600
11/23/2021,ARMY,50,50,50,50,0
11/23/2021,ARNA,855,865,850,860,409300
11/23/2021,ARTA,1910,2100,1910,2000,885100
11/23/2021,ARTI,50,50,50,50,3100
11/23/2021,ARTO,15500,15500,14700,14700,18673500
11/23/2021,ASBI,294,316,290,300,37900
11/23/2021,ASDM,940,955,935,945,12500
11/23/2021,ASGR,800,815,795,800,356300
11/23/2021,ASII,6250,6300,6175,6250,31557400
11/23/2021,ASJT,150,150,146,147,603200
11/23/2021,ASMI,296,300,294,296,43400
11/23/2021,ASPI,73,79,73,75,4400900
11/23/2021,ASPI-W,18,19,18,19,1452500
11/23/2021,ASRI,184,187,184,185,20547200
11/23/2021,ASRM,1640,1640,1595,1595,2900
11/23/2021,ASSA,3590,3640,3410,3520,10300800
11/23/2021,ATAP,184,188,172,174,7644300
11/23/2021,ATIC,635,645,625,635,161200
11/23/2021,AUTO,1375,1400,1335,1335,5792000
11/23/2021,AYLS,216,238,216,228,38925600
11/23/2021,BABP,216,218,210,212,87434600
11/23/2021,BABP-W3,122,122,111,119,5900
11/23/2021,BABP-W4,174,176,127,168,108100
11/23/2021,BACA,300,304,296,296,34052600
11/23/2021,BACA-W2,102,102,102,102,0
11/23/2021,BAJA,376,394,370,384,4932800
11/23/2021,BALI,940,965,905,955,7231800
11/23/2021,BANK,2750,2750,2660,2670,27730600
11/23/2021,BANK-W,2520,2520,2520,2520,3400100
11/23/2021,BAPA,73,79,72,79,58937300
11/23/2021,BAPI,50,50,50,50,1133000
11/23/2021,BAPI-W,7,8,6,7,21076300
11/23/2021,BATA,500,510,500,500,2300
11/23/2021,BAYU,1100,1340,1090,1090,20100
11/23/2021,BBCA,7400,7500,7400,7475,43477500
11/23/2021,BBHI,7875,7950,7325,7325,3482100
11/23/2021,BBKP,298,298,298,298,67276800
11/23/2021,BBLD,404,404,392,400,27500
11/23/2021,BBMD,2020,2060,2020,2050,41700
11/23/2021,BBNI,7175,7200,7000,7000,32127700
11/23/2021,BBRI,4280,4280,4200,4210,104294200
11/23/2021,BBRM,50,50,50,50,1200
11/23/2021,BBSI,5900,5900,5700,5700,16100
11/23/2021,BBSS,69,69,65,66,23097200
11/23/2021,BBTN,1860,1870,1810,1815,47083300
11/23/2021,BBYB,2150,2170,2000,2110,117155100
11/23/2021,BCAP,99,99,93,94,27646600
11/23/2021,BCIC,250,262,244,244,23392400
11/23/2021,BCIP,125,151,120,120,1038433400
11/23/2021,BDMN,2550,2570,2470,2480,6053800
11/23/2021,BEBS,3530,4020,3310,3440,38161900
11/23/2021,BEEF,84,84,83,83,1477200
11/23/2021,BEKS,67,67,63,64,288428500
11/23/2021,BELL,180,181,175,175,211100
11/23/2021,BESS,1920,1935,1905,1915,494700
11/23/2021,BESS-W,1795,1795,1795,1795,900
11/23/2021,BEST,129,130,127,127,15156500
11/23/2021,BFIN,1040,1055,1015,1015,32473100
11/23/2021,BGTG,220,222,210,212,43336800
11/23/2021,BHAT,925,925,915,920,1780000
11/23/2021,BHIT,58,58,56,57,78087300
11/23/2021,BIKA,256,272,256,266,922600
11/23/2021,BIMA,208,212,192,192,36594000
11/23/2021,BINA,3560,3600,3440,3490,1938800
11/23/2021,BIPI,53,54,52,52,622240000
11/23/2021,BIPI-W,17,18,16,16,10333100
11/23/2021,BIPP,54,54,52,52,1618100
11/23/2021,BIRD,1630,1630,1565,1590,7284800
11/23/2021,BISI,1005,1005,995,1000,93900
11/23/2021,BJBR,1415,1420,1400,1415,2315400
11/23/2021,BJTM,765,765,760,760,3205600
11/23/2021,BKDP,50,51,50,51,165500
11/23/2021,BKSL,66,67,65,66,34313000
11/23/2021,BKSW,189,190,183,184,11075600
11/23/2021,BLTA,50,50,50,50,40900
11/23/2021,BLTZ,3150,3160,3110,3130,2400
11/23/2021,BLUE,795,795,780,785,139000
11/23/2021,BMAS,1450,1450,1415,1430,103300
11/23/2021,BMHS,900,910,855,880,61769100
11/23/2021,BMRI,7225,7275,7100,7150,31563800
11/23/2021,BMSR,242,272,224,232,14776900
11/23/2021,BMTR,276,276,272,272,13868800
11/23/2021,BNBA,3420,3450,3190,3210,19118800
11/23/2021,BNBR,50,50,50,50,5700
11/23/2021,BNGA,1040,1045,1030,1040,5825000
11/23/2021,BNII,390,404,378,386,54746300
11/23/2021,BNLI,1745,1755,1735,1745,244100
11/23/2021,BOBA,274,278,270,270,1569400
11/23/2021,BOGA,1495,1500,1470,1475,104466300
11/23/2021,BOLA,710,720,670,705,16750000
11/23/2021,BOLT,685,685,685,685,0
11/23/2021,BOSS,86,92,86,89,96834500
11/23/2021,BPFI,1035,1035,1035,1035,0
11/23/2021,BPII,4800,4850,4800,4850,700
11/23/2021,BPTR,270,320,254,306,20704800
11/23/2021,BRAM,7700,9100,7700,8950,22700
11/23/2021,BRIS,2060,2070,2040,2050,14629500
11/23/2021,BRMS,124,126,118,120,1093876400
11/23/2021,BRNA,1220,1220,1210,1210,400
11/23/2021,BRPT,1040,1100,1025,1055,144954500
11/23/2021,BSDE,1195,1200,1175,1180,5072300
11/23/2021,BSIM,985,1000,930,960,232700
11/23/2021,BSSR,3130,3160,3050,3120,52400
11/23/2021,BSWD,1750,1750,1750,1750,0
11/23/2021,BTEK,50,50,50,50,700
11/23/2021,BTEL,50,50,50,50,0
11/23/2021,BTON,414,420,400,400,39700
11/23/2021,BTPN,2710,2730,2700,2710,51800
11/23/2021,BTPS,4050,4090,3950,3990,2480200
11/23/2021,BUDI,183,193,181,185,75116700
11/23/2021,BUKA,680,685,665,670,160124900
11/23/2021,BUKK,1180,1435,1155,1435,308600
11/23/2021,BULL,254,256,248,250,185043400
11/23/2021,BULL-W2,54,54,54,54,2600
11/23/2021,BUMI,70,72,69,71,318678200
11/23/2021,BUVA,60,60,60,60,0
11/23/2021,BVIC,182,185,174,180,38003200
11/23/2021,BWPT,89,90,88,88,15877400
11/23/2021,BYAN,26000,26025,25900,26000,71700
11/23/2021,CAKK,110,115,109,109,75967500
11/23/2021,CAMP,300,302,296,298,1499000
11/23/2021,CANI,204,206,200,200,747600
11/23/2021,CARE,488,490,480,484,450663400
11/23/2021,CARS,50,50,50,50,356000
11/23/2021,CASA,474,476,472,474,3362700
11/23/2021,CASH,350,354,330,348,9935500
11/23/2021,CASS,515,525,515,520,91900
11/23/2021,CBMF,95,103,92,102,239034500
11/23/2021,CCSI,560,560,540,550,332600
11/23/2021,CEKA,1910,1940,1910,1930,12500
11/23/2021,CENT,306,312,288,292,49687000
11/23/2021,CFIN,270,272,268,268,1252100
11/23/2021,CINT,270,274,264,264,99000
11/23/2021,CITA,2900,2940,2900,2940,1400
11/23/2021,CITY,179,184,171,177,623900
11/23/2021,CLAY,915,915,865,865,12400
11/23/2021,CLEO,474,478,472,476,5182200
11/23/2021,CLPI,1035,1035,1030,1030,65800
11/23/2021,CMNP,1450,1450,1400,1405,26300
11/23/2021,CMNP-W,498,498,382,400,4900
11/23/2021,CMNT,1080,1080,1045,1070,40907200
11/23/2021,CMPP,184,184,184,184,0
11/23/2021,CNKO,50,50,50,50,2700
11/23/2021,CNTB,250,250,250,250,0
11/23/2021,CNTX,228,232,220,222,59300
11/23/2021,COCO,278,280,264,272,8099500
11/23/2021,COCO-W,73,73,73,73,0
11/23/2021,COWL,50,50,50,50,0
11/23/2021,CPIN,5925,5975,5900,5900,3511500
11/23/2021,CPRI,50,50,50,50,0
11/23/2021,CPRI-W,12,12,12,12,0
11/23/2021,CPRO,110,110,110,110,59726700
11/23/2021,CSAP,580,595,580,585,370400
11/23/2021,CSIS,173,180,165,168,67950000
11/23/2021,CSMI,3560,3560,3560,3560,0
11/23/2021,CSRA,550,555,525,535,3669500
11/23/2021,CTBN,2560,2560,2550,2560,1100
11/23/2021,CTRA,1170,1180,1150,1175,19304400
11/23/2021,CTTH,51,51,50,50,700800
11/23/2021,DADA,50,50,50,50,348200
11/23/2021,DADA-W,12,13,12,13,8643300
11/23/2021,DART,264,264,248,250,540500
11/23/2021,DAYA,278,286,276,278,32200
11/23/2021,DCII,44800,44800,43950,43950,2300
11/23/2021,DEAL,50,50,50,50,27600
11/23/2021,DEFI,1110,1110,1050,1050,1400
11/23/2021,DEWA,50,50,50,50,140400
11/23/2021,DFAM,384,388,366,380,29700
11/23/2021,DGIK,169,169,160,160,114666000
11/23/2021,DGNS,770,780,760,765,10699600
11/23/2021,DIGI,200,202,191,197,18084600
11/23/2021,DILD,170,173,170,172,1987100
11/23/2021,DIVA,2120,2120,2050,2050,673900
11/23/2021,DKFT,137,138,132,134,15424700
11/23/2021,DLTA,3870,3880,3860,3870,80600
11/23/2021,DMAS,222,224,220,222,21593300
11/23/2021,DMMX,2870,2890,2740,2850,14268300
11/23/2021,DMND,850,860,850,860,138600
11/23/2021,DNAR,274,280,256,260,21442400
11/23/2021,DNET,3250,3290,3250,3290,16100
11/23/2021,DOID,294,300,294,296,59061200
11/23/2021,DPNS,432,432,426,428,110300
11/23/2021,DPUM,50,50,50,50,0
11/23/2021,DSFI,110,115,110,111,3279500
11/23/2021,DSNG,590,595,585,585,31676600
11/23/2021,DSSA,53000,54000,50000,51375,5900
11/23/2021,DUCK,176,176,176,176,0
11/23/2021,DUTI,3320,3320,3320,3320,600
11/23/2021,DVLA,2700,2850,2690,2750,124500
11/23/2021,DWGL,190,190,177,183,28200
11/23/2021,DWGL-W,27,27,25,27,435400
11/23/2021,DYAN,84,86,82,83,15869300
11/23/2021,EAST,97,105,95,100,64831200
11/23/2021,EAST-W,12,14,11,13,46976300
11/23/2021,ECII,910,910,870,900,3000
11/23/2021,EDGE,23525,23525,23475,23500,3400
11/23/2021,EKAD,1485,1495,1470,1480,217800
11/23/2021,ELSA,284,292,284,286,27966000
11/23/2021,ELTY,50,50,50,50,528300
11/23/2021,EMDE,183,195,170,185,62200
11/23/2021,EMTK,2020,2030,1990,2010,17047400
11/23/2021,ENRG,118,118,114,115,407462200
11/23/2021,ENVY,50,50,50,50,0
11/23/2021,ENZO,50,50,50,50,2518100
11/23/2021,ENZO-W,16,17,16,16,2219800
11/23/2021,EPAC,51,52,50,50,7161700
11/23/2021,EPMT,2600,2680,2600,2650,195800
11/23/2021,ERAA,665,665,645,655,35959100
11/23/2021,ERTX,190,193,190,190,87100
11/23/2021,ESIP,95,96,93,96,3332500
11/23/2021,ESSA,352,380,352,372,171466500
11/23/2021,ESTA,294,340,276,280,22862500
11/23/2021,ESTI,156,156,150,152,1189900
11/23/2021,ETWA,62,62,62,62,0
11/23/2021,EXCL,2960,2970,2930,2940,8565200
11/23/2021,FAPA,3160,3180,3150,3170,111700
11/23/2021,FAST,990,1000,990,990,15700
11/23/2021,FASW,7600,7600,7600,7600,0
11/23/2021,FILM,660,660,610,640,26097200
11/23/2021,FIMP,55,55,50,51,181400
11/23/2021,FIMP-W,17,17,16,16,49100
11/23/2021,FIRE,545,545,505,520,3763100
11/23/2021,FISH,8650,8650,8650,8650,0
11/23/2021,FITT,510,510,510,510,0
11/23/2021,FITT-W,370,370,370,370,0
11/23/2021,FLMC,336,368,318,346,51300
11/23/2021,FMII,418,418,414,414,18500
11/23/2021,FOOD,120,130,120,129,3731900
11/23/2021,FORU,228,232,214,214,2162100
11/23/2021,FORZ,50,50,50,50,0
11/23/2021,FPNI,238,238,232,234,2644100
11/23/2021,FREN,96,98,91,94,1184038900
11/23/2021,FREN-W2,29,31,28,30,439104900
11/23/2021,FUJI,490,490,470,490,21300
11/23/2021,GAMA,50,50,50,50,2400
11/23/2021,GDST,104,106,103,104,6827600
11/23/2021,GDYR,1425,1445,1425,1440,3300
11/23/2021,GEMA,346,346,346,346,0
11/23/2021,GEMS,4200,4240,4190,4240,50700
11/23/2021,GGRM,33375,34100,33325,33475,662200
11/23/2021,GGRP,685,775,685,715,995200
11/23/2021,GHON,2530,3070,2360,2580,178300
11/23/2021,GIAA,222,222,222,222,0
11/23/2021,GJTL,720,735,715,720,10534400
11/23/2021,GLOB,200,270,192,270,2319600
11/23/2021,GLVA,278,278,266,278,283000
11/23/2021,GMFI,82,85,81,84,717600
11/23/2021,GMTD,16725,16725,16725,16725,0
11/23/2021,GOLD,410,410,408,408,500
11/23/2021,GOLL,50,50,50,50,0
11/23/2021,GOOD,505,510,492,492,6794200
11/23/2021,GPRA,90,94,89,93,19132600
11/23/2021,GPSO,158,164,156,158,1437700
11/23/2021,GPSO-W,49,51,47,49,114100
11/23/2021,GSMF,334,346,310,324,25018900
11/23/2021,GTBO,75,75,75,75,0
11/23/2021,GTSI,70,78,69,72,167888100
11/23/2021,GWSA,200,204,199,200,596900
11/23/2021,GZCO,50,51,50,50,6966200
11/23/2021,HADE,50,50,50,50,1100
11/23/2021,HAIS,212,216,210,212,10102500
11/23/2021,HDFA,268,282,268,268,82300
11/23/2021,HDIT,372,372,360,366,1690900
11/23/2021,HDTX,120,120,120,120,0
11/23/2021,HEAL,1000,1010,990,995,13354600
11/23/2021,HELI,340,340,340,340,900
11/23/2021,HERO,1850,1880,1800,1875,28400
11/23/2021,HEXA,4600,4600,4490,4520,106200
11/23/2021,HITS,430,430,412,412,4400
11/23/2021,HKMU,65,65,65,65,24839300
11/23/2021,HMSP,1040,1065,1040,1045,27453000
11/23/2021,HOKI,189,191,189,189,3192900
11/23/2021,HOME,50,50,50,50,0
11/23/2021,HOMI,1730,1730,1715,1715,281200
11/23/2021,HOPE,94,95,92,92,4731700
11/23/2021,HOPE-W,18,19,18,18,4839500
11/23/2021,HOTL,50,50,50,50,3000
11/23/2021,HRME,61,65,58,63,48907500
11/23/2021,HRTA,232,232,226,226,8022200
11/23/2021,HRUM,9600,9825,8950,9225,15349800
11/23/2021,IATA,72,72,69,70,52915300
11/23/2021,IBFN,116,119,116,118,55800
11/23/2021,IBST,8025,8050,8000,8000,1100
11/23/2021,ICBP,9050,9050,8900,8950,5458400
11/23/2021,ICON,105,108,103,104,7908300
11/23/2021,IDEA,193,194,192,193,2546200
11/23/2021,IDPR,230,232,218,220,6262600
11/23/2021,IFII,157,175,156,163,2121100
11/23/2021,IFSH,1600,1600,1600,1600,800
11/23/2021,IGAR,420,422,418,420,64900
11/23/2021,IIKP,50,50,50,50,0
11/23/2021,IKAI,50,50,50,50,4300
11/23/2021,IKAN,102,105,102,103,7130500
11/23/2021,IKBI,256,270,254,264,25100
11/23/2021,IMAS,1015,1030,1005,1010,1827000
11/23/2021,IMJS,462,468,452,454,5944600
11/23/2021,IMPC,2350,2370,2350,2370,4696000
11/23/2021,INAF,2360,2370,2320,2340,131000
11/23/2021,INAI,300,324,298,306,120500
11/23/2021,INCF,625,625,580,585,189900
11/23/2021,INCI,645,645,630,630,29200
11/23/2021,INCO,4900,4940,4870,4880,13267700
11/23/2021,INDF,6625,6650,6550,6600,5566900
11/23/2021,INDO,158,163,153,153,60481300
11/23/2021,INDO-W,55,59,37,40,52954300
11/23/2021,INDR,4760,4760,4650,4690,107600
11/23/2021,INDS,2050,2050,2050,2050,500
11/23/2021,INDX,109,133,106,131,69514300
11/23/2021,INDY,1660,1710,1660,1690,38603600
11/23/2021,INKP,8600,8800,8600,8600,6179000
11/23/2021,INOV,202,206,199,200,1177800
11/23/2021,INPC,145,145,135,138,16086100
11/23/2021,INPC-W,26,26,21,23,20440500
11/23/2021,INPP,620,650,620,650,300
11/23/2021,INPS,1750,1750,1750,1750,100
11/23/2021,INRU,725,750,675,715,118200
11/23/2021,INTA,137,139,131,139,101300
11/23/2021,INTD,266,266,266,266,353100
11/23/2021,INTP,11650,11675,11325,11375,3153600
11/23/2021,IPAC,115,124,111,124,17000
11/23/2021,IPCC,600,605,580,590,11859100
11/23/2021,IPCM,344,348,336,336,6016500
11/23/2021,IPOL,179,183,177,179,4881400
11/23/2021,IPTV,238,238,234,234,2920300
11/23/2021,IRRA,1675,1685,1620,1620,5472300
11/23/2021,ISAT,6825,7000,6825,6950,1405300
11/23/2021,ISSP,440,474,438,466,68940900
11/23/2021,ITIC,320,328,316,318,1559500
11/23/2021,ITMA,545,570,540,550,139900
11/23/2021,ITMA-W,72,111,72,96,32200
11/23/2021,ITMG,20600,21075,20275,21050,6752000
11/23/2021,JAST,145,147,144,144,2116400
11/23/2021,JAWA,187,192,175,177,29761400
11/23/2021,JAYA,127,133,125,128,43253500
11/23/2021,JAYA-W,41,44,37,41,5471000
11/23/2021,JECC,6025,6025,6025,6025,1000
11/23/2021,JGLE,50,50,50,50,500
11/23/2021,JIHD,486,486,460,460,4200
11/23/2021,JKON,134,135,131,134,517300
11/23/2021,JKSW,60,60,60,60,0
11/23/2021,JMAS,163,165,160,163,538700
11/23/2021,JPFA,1685,1705,1650,1655,12854500
11/23/2021,JRPT,488,494,488,490,2842400
11/23/2021,JSKY,120,123,119,120,18636800
11/23/2021,JSMR,4200,4220,4170,4190,2031400
11/23/2021,JSPT,800,800,760,795,14000
11/23/2021,JTPE,1110,1135,1105,1130,5436700
11/23/2021,KAEF,2440,2450,2410,2420,745000
11/23/2021,KARW,102,108,99,102,10426800
11/23/2021,KAYU,65,66,64,65,10085700
11/23/2021,KBAG,86,105,85,105,1206924800
11/23/2021,KBAG-W,28,36,27,36,433770000
11/23/2021,KBLI,306,308,296,296,4637900
11/23/2021,KBLM,236,248,228,236,8606900
11/23/2021,KBLV,730,795,730,765,23500
11/23/2021,KBRI,50,50,50,50,0
11/23/2021,KDSI,1130,1180,1090,1120,103900
11/23/2021,KEEN,440,442,436,440,1720800
11/23/2021,KEJU,1210,1210,1195,1200,36200
11/23/2021,KIAS,50,50,50,50,4400
11/23/2021,KICI,366,374,360,366,1178400
11/23/2021,KIJA,172,176,171,173,14419100
11/23/2021,KINO,2090,2100,2080,2080,87900
11/23/2021,KIOS,750,755,725,725,34267200
11/23/2021,KJEN,540,540,505,505,12900
11/23/2021,KKGI,284,286,278,282,549100
11/23/2021,KLBF,1600,1610,1570,1610,31824100
11/23/2021,KMDS,474,480,452,452,83900
11/23/2021,KMTR,348,348,336,344,51000
11/23/2021,KOBX,292,308,280,294,11144900
11/23/2021,KOIN,166,167,163,167,34100
11/23/2021,KONI,850,850,850,850,900
11/23/2021,KOPI,610,640,575,620,23200
11/23/2021,KOTA,114,115,111,112,76345200
11/23/2021,KOTA-W,100,100,96,97,12500
11/23/2021,KPAL,50,50,50,50,0
11/23/2021,KPAS,62,62,62,62,0
11/23/2021,KPIG,99,99,97,99,10324800
11/23/2021,KRAH,436,436,436,436,0
11/23/2021,KRAS,525,530,520,520,7998100
11/23/2021,KREN,100,104,98,98,39517000
11/23/2021,KUAS,230,238,226,238,9770600
11/23/2021,KUAS-W,51,51,48,49,1871200
11/23/2021,LABA,160,164,153,155,6445300
11/23/2021,LABA-W,21,22,21,21,3462200
11/23/2021,LAND,100,120,97,102,281966000
11/23/2021,LAPD,50,50,50,50,0
11/23/2021,LCGP,114,114,114,114,0
11/23/2021,LCKM,322,322,322,322,0
11/23/2021,LEAD,68,73,64,64,292517000
11/23/2021,LFLO,94,102,94,98,359500
11/23/2021,LFLO-W,13,14,12,13,3184900
11/23/2021,LIFE,6000,6000,6000,6000,0
11/23/2021,LINK,4120,4300,4010,4270,5975900
11/23/2021,LION,354,354,346,348,6200
11/23/2021,LMAS,89,91,87,88,19303100
11/23/2021,LMPI,195,199,189,192,156400
11/23/2021,LMSH,705,715,705,715,8200
11/23/2021,LPCK,1400,1410,1360,1365,1413100
11/23/2021,LPGI,4550,4550,4550,4550,300
11/23/2021,LPIN,1170,1210,1110,1150,12812900
11/23/2021,LPKR,142,144,140,141,49376700
11/23/2021,LPLI,328,330,308,316,501700
11/23/2021,LPPF,4450,4700,4450,4680,8305600
11/23/2021,LPPS,114,116,111,114,2037600
11/23/2021,LRNA,188,248,188,222,8050000
11/23/2021,LSIP,1355,1370,1350,1350,10537000
11/23/2021,LTLS,720,720,710,710,115700
11/23/2021,LUCK,286,292,272,274,14236800
11/23/2021,LUCY,53,53,51,52,27356000
11/23/2021,LUCY-W,14,15,13,15,1417400
11/23/2021,MABA,50,50,50,50,0
11/23/2021,MAGP,50,50,50,50,2500
11/23/2021,MAIN,705,710,700,710,1770300
11/23/2021,MAMI,50,50,50,50,0
11/23/2021,MAMI-W,6,6,6,6,0
11/23/2021,MAMIP,600,600,600,600,0
11/23/2021,MAPA,2760,2800,2700,2750,218900
11/23/2021,MAPB,1640,1645,1600,1600,12600
11/23/2021,MAPI,775,825,775,805,34168900
11/23/2021,MARI,428,444,418,438,46871000
11/23/2021,MARK,1135,1135,1100,1115,2374200
11/23/2021,MASA,4900,4900,4780,4870,8500
11/23/2021,MASB,3510,3570,3500,3540,1900
11/23/2021,MASB-W,330,368,320,352,25800
11/23/2021,MAYA,740,740,735,735,1566900
11/23/2021,MBAP,3700,3770,3700,3740,89600
11/23/2021,MBSS,840,845,790,790,1785200
11/23/2021,MBTO,149,149,144,145,228700
11/23/2021,MCAS,13650,14450,13600,14450,2845200
11/23/2021,MCOL,3690,3750,3560,3600,1724800
11/23/2021,MCOR,130,131,129,129,8080500
11/23/2021,MDIA,50,51,50,50,2508700
11/23/2021,MDKA,3700,3760,3600,3620,70216500
11/23/2021,MDKI,224,230,218,220,1089200
11/23/2021,MDLN,51,51,51,51,0
11/23/2021,MDRN,50,50,50,50,0
11/23/2021,MEDC,525,535,525,530,32825700
11/23/2021,MEGA,8400,8700,8325,8700,67200
11/23/2021,MERK,3640,3660,3580,3580,126700
11/23/2021,META,133,135,132,132,1536000
11/23/2021,MFIN,1065,1065,1040,1055,37600
11/23/2021,MFMI,1000,1005,985,1005,29800
11/23/2021,MGLV,208,208,198,200,48300
11/23/2021,MGLV-W,13,14,12,13,1192700
11/23/2021,MGNA,50,50,50,50,0
11/23/2021,MGRO,815,825,810,820,3887000
11/23/2021,MICE,390,394,390,390,414000
11/23/2021,MIDI,2120,2130,2120,2130,2000
11/23/2021,MIKA,2370,2370,2310,2350,22661300
11/23/2021,MINA,50,50,50,50,1132000
11/23/2021,MIRA,50,50,50,50,5300
11/23/2021,MITI,228,256,222,228,118502900
11/23/2021,MKNT,50,50,50,50,100
11/23/2021,MKPI,24925,24925,24925,24925,0
11/23/2021,MLBI,8400,8400,8350,8350,11300
11/23/2021,MLIA,2150,2290,2100,2290,5989500
11/23/2021,MLPL,354,366,346,356,171355400
11/23/2021,MLPT,3480,3600,3470,3550,384800
11/23/2021,MMLP,520,530,515,520,9681900
11/23/2021,MNCN,1020,1025,980,1005,52185600
11/23/2021,MOLI,590,590,565,580,16100
11/23/2021,MPMX,825,830,810,830,6718200
11/23/2021,MPOW,118,123,115,117,21833900
11/23/2021,MPPA,520,520,500,500,39427900
11/23/2021,MPRO,960,975,920,920,10600
11/23/2021,MRAT,304,304,284,284,2068400
11/23/2021,MREI,3930,3930,3930,3930,100
11/23/2021,MSIN,500,500,476,482,8555900
11/23/2021,MSKY,332,342,330,340,62200
11/23/2021,MTDL,3590,3690,3590,3660,3560100
11/23/2021,MTEL,765,790,760,775,497260000
11/23/2021,MTFN,50,50,50,50,300
11/23/2021,MTLA,414,416,406,410,121100
11/23/2021,MTPS,127,129,126,127,730600
11/23/2021,MTRA,244,244,244,244,0
11/23/2021,MTSM,298,318,298,306,1293800
11/23/2021,MTWI,103,117,103,109,1137900
11/23/2021,MYOH,1695,1710,1685,1710,97900
11/23/2021,MYOR,2380,2400,2340,2340,1350400
11/23/2021,MYRX,50,50,50,50,0
11/23/2021,MYRXP,50,50,50,50,0
11/23/2021,MYTX,89,92,88,90,1360000
11/23/2021,NASA,68,69,66,67,3593800
11/23/2021,NATO,715,725,700,710,267108300
11/23/2021,NATO-W,302,302,302,302,0
11/23/2021,NELY,284,294,270,274,1698200
11/23/2021,NFCX,9850,9900,9700,9700,155600
11/23/2021,NICK,500,510,482,510,16400
11/23/2021,NICL,78,78,75,76,14206800
11/23/2021,NICL-W,11,12,11,11,20437900
11/23/2021,NIKL,1090,1100,1065,1070,327200
11/23/2021,NIPS,282,282,282,282,0
11/23/2021,NIRO,150,150,147,148,15286200
11/23/2021,NISP,715,725,705,705,4050300
11/23/2021,NOBU,840,845,785,785,42086300
11/23/2021,NPGF,101,102,100,101,13040700
11/23/2021,NRCA,296,296,288,290,384200
11/23/2021,NUSA,50,50,50,50,0
11/23/2021,NZIA,161,169,156,157,87200
11/23/2021,OASA,252,258,242,246,404300
11/23/2021,OCAP,159,159,159,159,0
11/23/2021,OILS,266,270,260,270,2462100
11/23/2021,OILS-W,113,117,110,112,136800
11/23/2021,OKAS,81,87,80,82,83200000
11/23/2021,OMRE,765,805,765,780,1500
11/23/2021,OPMS,152,157,150,150,18067800
11/23/2021,PADI,50,50,50,50,9500
11/23/2021,PALM,474,476,452,458,2590000
11/23/2021,PAMG,99,102,96,98,1786800
11/23/2021,PANI,2480,2510,2360,2360,31300
11/23/2021,PANR,288,288,268,268,2985500
11/23/2021,PANS,1390,1410,1380,1395,90000
11/23/2021,PBID,1685,1720,1655,1670,1271900
11/23/2021,PBRX,174,177,167,168,5163100
11/23/2021,PBSA,680,680,635,680,7300
11/23/2021,PCAR,288,290,284,288,52900
11/23/2021,PDES,354,354,350,354,122700
11/23/2021,PEGE,1355,1380,1340,1380,257000
11/23/2021,PEHA,1150,1155,1150,1155,367100
11/23/2021,PGAS,1530,1580,1515,1545,373160100
11/23/2021,PGJO,86,89,86,88,131200
11/23/2021,PGLI,256,260,238,238,236700
11/23/2021,PGUN,302,314,292,298,17600
11/23/2021,PICO,107,109,106,106,27500
11/23/2021,PJAA,595,605,590,590,64700
11/23/2021,PKPK,169,184,166,167,162023500
11/23/2021,PLAN,35,36,35,35,3500900
11/23/2021,PLAN-W,10,11,10,11,620800
11/23/2021,PLAS,50,50,50,50,0
11/23/2021,PLIN,2450,2450,2450,2450,0
11/23/2021,PMJS,190,210,174,180,44724300
11/23/2021,PMMP,488,494,474,478,22369600
11/23/2021,PNBN,775,785,765,770,11389700
11/23/2021,PNBS,90,92,87,88,95087000
11/23/2021,PNGO,1400,1600,1385,1475,96400
11/23/2021,PNIN,695,700,695,695,349100
11/23/2021,PNLF,182,184,181,182,31762800
11/23/2021,PNSE,610,660,610,620,14400
11/23/2021,POLA,228,268,228,234,24203100
11/23/2021,POLA-W,84,84,60,70,980100
11/23/2021,POLI,1400,1415,1400,1415,300
11/23/2021,POLL,1945,1995,1830,1830,5440200
11/23/2021,POLU,466,490,460,486,75000
11/23/2021,POLY,56,60,56,60,3885300
11/23/2021,POOL,50,50,50,50,0
11/23/2021,PORT,715,715,655,675,5400
11/23/2021,POSA,50,50,50,50,0
11/23/2021,POWR,650,655,635,640,9808400
11/23/2021,PPGL,132,133,128,130,1181700
11/23/2021,PPGL-W,16,16,14,15,5015400
11/23/2021,PPRE,212,214,208,208,10746300
11/23/2021,PPRO,73,73,71,71,23374700
11/23/2021,PRAS,288,316,272,306,9054800
11/23/2021,PRDA,8775,8800,8200,8200,2222800
11/23/2021,PRIM,386,400,370,382,6482700
11/23/2021,PSAB,153,155,152,153,3290900
11/23/2021,PSDN,170,173,170,173,8700
11/23/2021,PSGO,250,254,232,238,39606000
11/23/2021,PSKT,50,50,50,50,600
11/23/2021,PSSI,388,390,386,386,10118000
11/23/2021,PTBA,2670,2690,2620,2640,21397900
11/23/2021,PTDU,210,214,200,200,4393100
11/23/2021,PTIS,362,442,362,418,663200
11/23/2021,PTPP,1300,1300,1270,1290,18181300
11/23/2021,PTPW,805,805,795,795,149000
11/23/2021,PTRO,2480,2540,2480,2520,958600
11/23/2021,PTSN,244,248,242,246,1016500
11/23/2021,PTSP,4520,5175,4520,4850,1100
11/23/2021,PUDP,344,358,334,350,10400
11/23/2021,PURA,59,60,57,58,79925100
11/23/2021,PURA-W,21,22,20,20,26044700
11/23/2021,PURE,92,92,90,91,1176600
11/23/2021,PURI,326,370,326,370,155200
11/23/2021,PWON,540,540,525,535,36170100
11/23/2021,PYFA,1040,1040,1030,1035,9000
11/23/2021,PZZA,715,715,700,705,160400
11/23/2021,R-ABFII,28600,28600,28600,28600,0
11/23/2021,R-LQ45X,1013,1014,1012,1012,3500
11/23/2021,RAJA,200,216,200,202,64579000
11/23/2021,RALS,780,790,760,765,3006400
11/23/2021,RANC,2510,2520,2510,2510,5462300
11/23/2021,RBMS,52,52,50,50,11739800
11/23/2021,RDTX,7250,7250,7250,7250,0
11/23/2021,REAL,91,97,90,93,199693500
11/23/2021,RELI,456,456,456,456,300
11/23/2021,RICY,94,94,92,93,282400
11/23/2021,RIGS,336,344,316,334,463800
11/23/2021,RIMO,50,50,50,50,0
11/23/2021,RISE,434,444,430,444,290100
11/23/2021,RMBA,306,306,306,306,0
11/23/2021,ROCK,730,765,720,760,7100
11/23/2021,RODA,110,111,100,100,88525300
11/23/2021,RONY,312,324,300,312,80700
11/23/2021,ROTI,1330,1335,1320,1325,2151800
11/23/2021,RSGK,1720,1720,1690,1690,59850600
11/23/2021,RUIS,206,212,206,206,122900
11/23/2021,RUNS,324,328,318,318,2228800
11/23/2021,SAFE,232,242,222,240,93900
11/23/2021,SAME,430,432,416,422,11892400
11/23/2021,SAMF,1125,1130,1085,1105,9805300
11/23/2021,SAPX,1115,1150,1060,1110,18800
11/23/2021,SATU,93,94,90,92,5169700
11/23/2021,SBAT,50,50,50,50,82500
11/23/2021,SBAT-W,12,13,12,13,1404200
11/23/2021,SBAT-W2,20,23,11,21,240200
11/23/2021,SBMA,408,410,404,404,639400
11/23/2021,SBMA-W,118,118,103,117,55000
11/23/2021,SCCO,10375,10375,10375,10375,0
11/23/2021,SCMA,392,394,382,384,67385400
11/23/2021,SCNP,226,228,220,224,3213500
11/23/2021,SCPI,29000,29000,29000,29000,0
11/23/2021,SDMU,50,50,50,50,7200
11/23/2021,SDPC,144,153,142,143,646200
11/23/2021,SDRA,620,620,610,615,587600
11/23/2021,SFAN,1490,1500,1485,1490,315000
11/23/2021,SGER,1300,1345,1250,1295,8322800
11/23/2021,SGER-W,1125,1125,1125,1125,700
11/23/2021,SGRO,2290,2320,2280,2320,76400
11/23/2021,SHID,1220,1235,1215,1230,40900
11/23/2021,SHIP,990,990,965,980,3491200
11/23/2021,SIDO,935,935,910,930,6616600
11/23/2021,SILO,9275,9275,9075,9200,600700
11/23/2021,SIMA,50,50,50,50,0
11/23/2021,SIMP,490,490,480,484,2932000
11/23/2021,SINI,300,300,266,266,29300
11/23/2021,SINI-W,145,193,145,185,27000
11/23/2021,SIPD,1835,1835,1835,1835,100
11/23/2021,SKBM,448,466,420,466,81700
11/23/2021,SKLT,2420,2420,2420,2420,0
11/23/2021,SKRN,830,850,820,830,1774300
11/23/2021,SKYB,51,51,51,51,0
11/23/2021,SLIS,2110,2180,1965,1980,1342200
11/23/2021,SMAR,4450,4460,4430,4430,14200
11/23/2021,SMBR,750,750,720,730,5799900
11/23/2021,SMCB,1710,1710,1685,1695,1362700
11/23/2021,SMDM,194,195,190,190,589300
11/23/2021,SMDR,955,955,890,910,9989100
11/23/2021,SMGR,8925,8950,8450,8550,34503600
11/23/2021,SMKL,332,332,308,314,481300
11/23/2021,SMKL-W,34,35,33,35,23700
11/23/2021,SMMA,11100,11300,10600,11300,800
11/23/2021,SMMT,195,206,194,197,28216000
11/23/2021,SMRA,955,960,930,935,18761600
11/23/2021,SMRU,50,50,50,50,0
11/23/2021,SMSM,1280,1305,1280,1285,4321500
11/23/2021,SNLK,1610,1620,1605,1615,2688100
11/23/2021,SOCI,212,214,204,206,29804900
11/23/2021,SOFA,50,50,48,49,3366900
11/23/2021,SOHO,6500,6925,6025,6150,218100
11/23/2021,SONA,5500,5500,5500,5500,0
11/23/2021,SOSS,410,410,382,388,84500
11/23/2021,SOSS-W,40,44,40,40,78500
11/23/2021,SOTS,296,296,270,282,8700
11/23/2021,SOTS-W,56,57,50,50,122200
11/23/2021,SPMA,520,535,515,530,2129400
11/23/2021,SPTO,665,665,650,655,318000
11/23/2021,SQMI,93,94,92,92,4013800
11/23/2021,SRAJ,422,430,406,406,1120100
11/23/2021,SRIL,146,146,146,146,0
11/23/2021,SRSN,54,55,54,54,1848400
11/23/2021,SRTG,2190,2270,2180,2240,10240800
11/23/2021,SSIA,490,498,484,484,3301000
11/23/2021,SSMS,1245,1280,1245,1280,11549400
11/23/2021,SSTM,855,855,830,855,15200
11/23/2021,STAR,149,153,146,150,3404800
11/23/2021,STTP,8000,8000,7600,7750,3700
11/23/2021,SUGI,50,50,50,50,0
11/23/2021,SULI,50,50,50,50,223100
11/23/2021,SUPR,15125,15350,15125,15350,400
11/23/2021,SURE,2000,2000,2000,2000,500
11/23/2021,SWAT,164,166,155,157,20972400
11/23/2021,TALF,312,312,302,310,18000
11/23/2021,TAMA,64,69,63,64,32737900
11/23/2021,TAMA-W,16,18,16,17,4885800
11/23/2021,TAMU,50,50,50,50,800
11/23/2021,TAPG,655,665,650,655,91750400
11/23/2021,TARA,50,50,50,50,200
11/23/2021,TAXI,50,50,50,50,0
11/23/2021,TBIG,2850,3040,2850,2990,102056600
11/23/2021,TBLA,830,835,825,830,960800
11/23/2021,TBMS,1695,1695,1650,1650,500
11/23/2021,TCID,5600,5775,5450,5575,85600
11/23/2021,TCPI,8275,8275,7825,8100,10590500
11/23/2021,TDPM,119,119,119,119,0
11/23/2021,TEBE,680,720,660,675,636800
11/23/2021,TECH,7325,7450,6950,7300,1465800
11/23/2021,TELE,121,121,121,121,0
11/23/2021,TFAS,4920,4940,4860,4920,55100
11/23/2021,TFCO,700,750,670,670,15800
11/23/2021,TGKA,7000,7025,6975,6975,6500
11/23/2021,TGRA,85,87,85,85,4123800
11/23/2021,TIFA,900,995,895,895,168900
11/23/2021,TINS,1640,1685,1625,1645,78722500
11/23/2021,TIRA,406,420,394,398,13100
11/23/2021,TIRT,74,75,70,73,1248400
11/23/2021,TKIM,8300,8475,8250,8275,3665500
11/23/2021,TLKM,3800,3850,3780,3800,67778800
11/23/2021,TMAS,715,720,665,665,15792900
11/23/2021,TMPO,159,175,155,165,513900
11/23/2021,TNCA,1420,1580,1290,1290,16858600
11/23/2021,TOBA,1100,1290,1000,1140,71579500
11/23/2021,TOPS,61,66,58,58,283741900
11/23/2021,TOTL,340,342,336,338,1516000
11/23/2021,TOTO,212,230,206,222,1103000
11/23/2021,TOWR,1205,1210,1185,1195,59857000
11/23/2021,TOYS,198,198,180,180,106107400
11/23/2021,TOYS-W,26,26,22,23,11307600
11/23/2021,TPIA,7200,7250,7175,7175,2148600
11/23/2021,TPMA,398,406,382,396,1660800
11/23/2021,TRAM,50,50,50,50,0
11/23/2021,TRIL,50,50,50,50,0
11/23/2021,TRIM,402,404,388,396,14522300
11/23/2021,TRIN,260,270,260,264,7025000
11/23/2021,TRIN-W,29,31,29,30,2367000
11/23/2021,TRIO,426,426,426,426,0
11/23/2021,TRIS,250,270,244,270,8306400
11/23/2021,TRIS-W,6,6,6,6,0
11/23/2021,TRJA,358,360,342,354,29343000
11/23/2021,TRST,600,600,590,590,11300
11/23/2021,TRUE,154,149,144,144,51820200
11/23/2021,TRUE-W,21,22,20,20,14080100
11/23/2021,TRUK,184,200,163,163,299168200
11/23/2021,TRUS,420,420,420,420,200
11/23/2021,TSPC,1500,1515,1495,1500,1565300
11/23/2021,TUGU,1670,1670,1600,1630,435500
11/23/2021,TURI,1290,1290,1290,1290,200
11/23/2021,UANG,990,1030,970,1030,16900
11/23/2021,UCID,1555,1560,1535,1545,4030300
11/23/2021,UFOE,1125,1300,1110,1130,1518300
11/23/2021,ULTJ,1655,1665,1645,1655,482100
11/23/2021,UNIC,11200,11875,11000,11600,3700
11/23/2021,UNIQ,93,93,89,90,1060400
11/23/2021,UNIT,316,316,316,316,0
11/23/2021,UNSP,112,112,110,110,46200
11/23/2021,UNTR,22975,23025,22600,22650,2694600
11/23/2021,UNVR,4840,4890,4760,4880,33067100
11/23/2021,URBN,825,845,820,845,331600
11/23/2021,URBN-W,19,19,15,17,7538700
11/23/2021,UVCR,488,510,484,500,21403700
11/23/2021,UVCR-W,220,238,204,220,12475100
11/23/2021,VICI,525,540,520,530,2215100
11/23/2021,VICO,175,175,165,173,1811700
11/23/2021,VINS,115,118,112,118,2206000
11/23/2021,VIVA,50,50,50,50,1760500
11/23/2021,VOKS,196,200,195,196,89300
11/23/2021,VRNA,204,236,194,218,65827800
11/23/2021,WAPO,244,248,228,228,8827100
11/23/2021,WEGE,210,214,206,210,22812600
11/23/2021,WEHA,196,202,194,194,5170500
11/23/2021,WICO,416,416,414,416,3100
11/23/2021,WIFI,670,680,650,655,51922300
11/23/2021,WIFI-W,228,244,226,244,29400
11/23/2021,WIIM,492,498,492,492,2299200
11/23/2021,WIKA,1330,1335,1300,1310,26417400
11/23/2021,WINS,173,173,167,168,8164900
11/23/2021,WMUU,177,180,174,175,22868300
11/23/2021,WOMF,236,242,234,236,762800
11/23/2021,WOOD,845,850,825,825,7143400
11/23/2021,WOWS,53,54,51,52,21655200
11/23/2021,WSBP,146,147,141,142,47441700
11/23/2021,WSKT,835,840,820,830,14075600
11/23/2021,WTON,280,284,278,278,13087900
11/23/2021,XAFA,1083,1083,1082,1082,300
11/23/2021,XAQA,959,959,946,946,200
11/23/2021,XBES,994,994,994,994,0
11/23/2021,XBID,539,539,539,539,0
11/23/2021,XBIG,535,535,535,535,0
11/23/2021,XBIN,501,501,501,501,0
11/23/2021,XBLQ,475,475,475,475,0
11/23/2021,XBNI,1050,1050,1050,1050,300
11/23/2021,XBSK,394,394,394,394,0
11/23/2021,XCID,83,84,83,83,7100
11/23/2021,XCIS,105,105,105,105,0
11/23/2021,XCLQ,100,100,100,100,1600
11/23/2021,XDIF,473,473,473,473,0
11/23/2021,XDSG,1011,1011,1011,1011,0
11/23/2021,XIFE,106,106,105,106,600
11/23/2021,XIHD,493,496,493,495,3400
11/23/2021,XIIC,1010,1010,1010,1010,0
11/23/2021,XIID,530,530,521,525,3400
11/23/2021,XIIF,576,576,560,560,300
11/23/2021,XIIT,540,540,537,539,9500
11/23/2021,XIJI,596,600,596,596,15800
11/23/2021,XILV,116,117,116,117,800
11/23/2021,XIML,260,260,260,260,300
11/23/2021,XIPI,183,183,183,183,100
11/23/2021,XISB,398,398,398,398,0
11/23/2021,XISC,729,729,720,720,600
11/23/2021,XISI,332,332,332,332,0
11/23/2021,XISR,387,395,387,394,5100
11/23/2021,XKIV,476,476,476,476,1000
11/23/2021,XKMS,1100,1100,1100,1100,0
11/23/2021,XMIG,183,183,183,183,0
11/23/2021,XMJM,1001,1001,1001,1001,0
11/23/2021,XMTS,462,462,462,462,0
11/23/2021,XNVE,150,150,150,150,0
11/23/2021,XPCR,919,919,919,919,0
11/23/2021,XPDV,471,471,471,471,0
11/23/2021,XPES,384,384,384,384,0
11/23/2021,XPFT,539,539,539,539,0
11/23/2021,XPID,520,520,520,520,0
11/23/2021,XPLC,466,466,466,466,0
11/23/2021,XPLQ,490,490,490,490,0
11/23/2021,XPMI,960,960,955,955,3400
11/23/2021,XPSG,388,404,388,404,500
11/23/2021,XPTD,498,498,498,498,0
11/23/2021,XSBC,107,107,107,107,300
11/23/2021,XSMU,143,143,143,143,0
11/23/2021,XSPI,750,750,750,750,0
11/23/2021,XSRI,188,188,186,186,200
11/23/2021,XSSI,79,80,79,80,4800
11/23/2021,XSSK,667,667,667,667,0
11/23/2021,YELO,188,188,188,188,10578100
11/23/2021,YPAS,790,815,765,775,4300
11/23/2021,YULE,755,895,755,860,69700
11/23/2021,ZBRA,755,755,730,740,1943200
11/23/2021,ZINC,120,123,119,121,719820700
11/23/2021,ZONE,402,402,400,400,408300
11/23/2021,ZYRX,575,580,560,570,7555100
11/23/2021,ZYRX-W,102,102,98,98,556500
