<date>,<ticker>,<open>,<high>,<low>,<close>,<volume>
12/24/2021,IHSG,6559.089,6583.86,6554.98,6562.9,210900374
12/24/2021,AALI,9575,9625,9550,9550,688500
12/24/2021,ABBA,396,408,392,394,7390500
12/24/2021,ABDA,6150,6150,6125,6125,500
12/24/2021,ABMM,1425,1435,1405,1420,4861700
12/24/2021,ACES,1315,1320,1300,1320,4420600
12/24/2021,ACST,218,220,206,210,19983200
12/24/2021,ADES,3240,3270,3200,3200,133600
12/24/2021,ADHI,885,910,880,900,10191100
12/24/2021,ADMF,7625,7650,7600,7650,32000
12/24/2021,ADMG,200,200,197,199,185000
12/24/2021,ADRO,2150,2240,2130,2220,251933600
12/24/2021,AGAR,370,372,346,348,34600
12/24/2021,AGII,1750,1790,1650,1675,23848100
12/24/2021,AGRO,1980,2030,1980,2000,18787800
12/24/2021,AGRS,164,168,160,165,47239500
12/24/2021,AHAP,75,84,74,74,13412400
12/24/2021,AIMS,410,418,388,406,202500
12/24/2021,AISA,200,202,197,198,5176500
12/24/2021,AKKU,50,50,50,50,325900
12/24/2021,AKPI,1090,1095,1035,1070,166500
12/24/2021,AKRA,4110,4110,4060,4080,5173900
12/24/2021,AKSI,1105,1275,1030,1030,1400500
12/24/2021,ALDO,1115,1130,1075,1130,2332500
12/24/2021,ALDO-W,270,270,250,260,414000
12/24/2021,ALKA,268,268,248,258,56600
12/24/2021,ALMI,326,326,312,314,5200
12/24/2021,ALTO,244,262,242,260,69900
12/24/2021,AMAG,340,340,336,338,447300
12/24/2021,AMAN,530,530,525,530,553200
12/24/2021,AMAR,410,436,392,422,20168300
12/24/2021,AMFG,4500,4560,4400,4400,170500
12/24/2021,AMIN,208,208,197,198,113500
12/24/2021,AMOR,1770,1770,1750,1770,1525800
12/24/2021,AMRT,1205,1220,1175,1210,10647400
12/24/2021,ANDI,50,50,50,50,151800
12/24/2021,ANJT,950,1025,945,1000,47300
12/24/2021,ANTM,2260,2300,2250,2280,30712000
12/24/2021,APEX,800,800,755,790,174000
12/24/2021,APIC,1115,1125,1105,1120,12326700
12/24/2021,APII,232,242,216,216,910300
12/24/2021,APLI,202,204,200,204,310700
12/24/2021,APLN,122,124,122,122,2911000
12/24/2021,ARCI,545,585,540,570,12932200
12/24/2021,ARGO,1545,1560,1495,1560,3300
12/24/2021,ARII,250,250,242,250,34400
12/24/2021,ARKA,59,61,58,60,25172700
12/24/2021,ARMY,50,50,50,50,0
12/24/2021,ARNA,815,830,805,805,1044100
12/24/2021,ARTA,2120,2140,2080,2080,284300
12/24/2021,ARTI,50,50,50,50,0
12/24/2021,ARTO,17500,17875,17125,17250,21820200
12/24/2021,ASBI,290,316,290,316,6900
12/24/2021,ASDM,955,955,940,945,12500
12/24/2021,ASGR,810,815,795,800,293600
12/24/2021,ASII,5725,5750,5650,5675,16203800
12/24/2021,ASJT,140,140,137,137,435700
12/24/2021,ASMI,278,280,272,272,231700
12/24/2021,ASPI,76,77,72,74,6283100
12/24/2021,ASPI-W,20,20,19,20,132000
12/24/2021,ASRI,163,165,162,162,4007900
12/24/2021,ASRM,1665,1665,1635,1635,300
12/24/2021,ASSA,3240,3290,3210,3230,5197800
12/24/2021,ATAP,160,187,156,175,101533500
12/24/2021,ATIC,665,680,635,655,580200
12/24/2021,AUTO,1155,1155,1145,1150,1297900
12/24/2021,AVIA,915,915,905,910,32457000
12/24/2021,AYLS,318,324,294,300,21700700
12/24/2021,BABP,189,193,185,189,61017200
12/24/2021,BABP-W3,84,95,84,88,46800
12/24/2021,BABP-W4,132,154,132,147,133400
12/24/2021,BACA,266,284,264,276,27501000
12/24/2021,BACA-W2,10,10,10,10,0
12/24/2021,BAJA,334,342,332,336,280800
12/24/2021,BALI,875,880,850,850,2763200
12/24/2021,BANK,2460,2460,2400,2400,15845400
12/24/2021,BANK-W,2290,2290,2290,2290,0
12/24/2021,BAPA,71,76,71,72,8879500
12/24/2021,BAPI,50,50,50,50,212800
12/24/2021,BAPI-W,6,7,5,7,4941500
12/24/2021,BATA,498,498,494,498,1000
12/24/2021,BAYU,1140,1145,1100,1100,2300
12/24/2021,BBCA,7300,7350,7300,7300,30802100
12/24/2021,BBHI,6675,7100,6675,6925,1659600
12/24/2021,BBKP,288,290,286,290,61568700
12/24/2021,BBLD,398,398,398,398,800
12/24/2021,BBMD,1990,1990,1935,1980,24800
12/24/2021,BBNI,6650,6725,6575,6725,13733200
12/24/2021,BBRI,4100,4120,4050,4070,59795000
12/24/2021,BBRM,50,50,50,50,55900
12/24/2021,BBSI,4170,4350,4170,4320,77500
12/24/2021,BBSS,53,54,52,53,6003400
12/24/2021,BBTN,1725,1730,1705,1710,5722300
12/24/2021,BBYB,2760,2820,2710,2800,64553700
12/24/2021,BCAP,70,70,67,67,19806300
12/24/2021,BCIC,204,212,200,200,4413500
12/24/2021,BCIP,90,95,84,86,98247800
12/24/2021,BDMN,2390,2390,2380,2390,828300
12/24/2021,BEBS,5100,5850,5050,5325,32858000
12/24/2021,BEEF,75,77,73,73,4577800
12/24/2021,BEKS,63,65,63,63,65769800
12/24/2021,BELL,156,157,148,157,1492100
12/24/2021,BESS,1025,1100,1025,1025,1795900
12/24/2021,BESS-W,855,965,855,960,5500
12/24/2021,BEST,112,113,111,111,5392900
12/24/2021,BFIN,1090,1115,1085,1105,11611600
12/24/2021,BGTG,264,296,264,288,169576200
12/24/2021,BHAT,985,990,980,990,1586500
12/24/2021,BHIT,57,58,56,57,77640800
12/24/2021,BIKA,250,262,250,258,132500
12/24/2021,BIMA,183,216,180,182,95052900
12/24/2021,BINA,4170,4270,4100,4250,1416200
12/24/2021,BINO,145,145,142,142,7191000
12/24/2021,BINO-W,21,22,20,20,4455100
12/24/2021,BIPI,51,51,50,50,1067422600
12/24/2021,BIPI-W,14,16,13,15,12141000
12/24/2021,BIPP,55,56,53,54,6600500
12/24/2021,BIRD,1360,1375,1315,1365,2949700
12/24/2021,BISI,1000,1005,990,1000,99800
12/24/2021,BJBR,1350,1350,1330,1345,801400
12/24/2021,BJTM,745,745,735,745,3071900
12/24/2021,BKDP,82,96,77,77,80295600
12/24/2021,BKSL,59,60,58,59,24510000
12/24/2021,BKSW,206,218,204,210,19809500
12/24/2021,BLTA,50,50,50,50,15400
12/24/2021,BLTZ,3370,3370,3370,3370,0
12/24/2021,BLUE,418,426,396,400,817300
12/24/2021,BMAS,2410,2540,2220,2220,783900
12/24/2021,BMHS,825,835,825,830,8331700
12/24/2021,BMRI,7100,7150,6950,7050,27451100
12/24/2021,BMSR,310,310,282,282,1986100
12/24/2021,BMTR,260,262,260,260,15852900
12/24/2021,BNBA,3600,3690,3470,3620,9149300
12/24/2021,BNBR,50,50,50,50,2700
12/24/2021,BNGA,960,975,955,960,4806600
12/24/2021,BNII,336,342,334,334,4451400
12/24/2021,BNLI,1605,1620,1595,1600,89500
12/24/2021,BOBA,244,246,240,244,247400
12/24/2021,BOGA,1405,1405,1375,1395,60561200
12/24/2021,BOLA,655,695,645,670,19847900
12/24/2021,BOLT,850,850,800,830,2100
12/24/2021,BOSS,67,89,67,75,576516800
12/24/2021,BPFI,1200,1400,1170,1345,3614800
12/24/2021,BPII,6000,6000,6000,6000,0
12/24/2021,BPTR,615,615,615,615,0
12/24/2021,BRAM,12325,12325,12325,12325,0
12/24/2021,BRIS,1770,1810,1760,1795,12154900
12/24/2021,BRMS,114,114,109,110,267726400
12/24/2021,BRNA,1165,1165,1165,1165,5000
12/24/2021,BRPT,865,875,855,875,20158800
12/24/2021,BSDE,1020,1030,1015,1025,7968300
12/24/2021,BSIM,860,860,830,860,206800
12/24/2021,BSML,140,150,135,148,16541200
12/24/2021,BSSR,3800,3900,3790,3860,23400
12/24/2021,BSWD,1750,1750,1750,1750,0
12/24/2021,BTEK,50,50,50,50,400
12/24/2021,BTEL,50,50,50,50,0
12/24/2021,BTON,416,450,416,442,281400
12/24/2021,BTPN,2650,2670,2650,2650,9100
12/24/2021,BTPS,3660,3750,3660,3680,386400
12/24/2021,BUDI,173,182,173,173,13325200
12/24/2021,BUKA,446,448,442,442,94516600
12/24/2021,BUKK,1190,1230,1190,1205,6400
12/24/2021,BULL,236,244,234,238,390294000
12/24/2021,BULL-W2,39,42,38,40,43100
12/24/2021,BUMI,66,67,64,66,130391900
12/24/2021,BUVA,60,60,60,60,0
12/24/2021,BVIC,208,226,206,222,206245900
12/24/2021,BWPT,74,74,71,72,23472700
12/24/2021,BYAN,26575,26900,26475,26900,49400
12/24/2021,CAKK,99,109,98,105,125430900
12/24/2021,CAMP,290,292,286,286,348800
12/24/2021,CANI,157,162,157,159,72800
12/24/2021,CARE,505,505,494,498,357598500
12/24/2021,CARS,50,50,50,50,15308700
12/24/2021,CASA,530,535,520,520,2841000
12/24/2021,CASH,308,308,280,282,10925300
12/24/2021,CASS,482,500,480,490,24200
12/24/2021,CBMF,110,118,102,102,184396900
12/24/2021,CCSI,705,750,670,705,3238600
12/24/2021,CEKA,1895,1900,1885,1885,44200
12/24/2021,CENT,238,244,226,226,17398400
12/24/2021,CFIN,252,252,248,250,491900
12/24/2021,CINT,250,254,250,252,45300
12/24/2021,CITA,3330,3400,3110,3310,103500
12/24/2021,CITY,173,173,165,169,12100
12/24/2021,CLAY,740,740,740,740,100
12/24/2021,CLEO,450,450,444,444,1150100
12/24/2021,CLPI,1010,1025,1010,1015,30000
12/24/2021,CMNP,1370,1380,1285,1345,135300
12/24/2021,CMNP-W,386,436,308,366,14600
12/24/2021,CMNT,1095,1105,1085,1095,46647300
12/24/2021,CMPP,184,184,184,184,0
12/24/2021,CMRY,3510,3510,3450,3490,490000
12/24/2021,CNKO,50,50,50,50,69700
12/24/2021,CNTB,250,250,250,250,0
12/24/2021,CNTX,310,324,298,324,126100
12/24/2021,COCO,302,302,286,288,10965300
12/24/2021,COCO-W,272,286,272,286,6100
12/24/2021,COWL,50,50,50,50,0
12/24/2021,CPIN,5850,5900,5800,5850,1062000
12/24/2021,CPRI,50,50,50,50,0
12/24/2021,CPRI-W,12,12,12,12,0
12/24/2021,CPRO,104,106,97,98,460149300
12/24/2021,CSAP,580,580,565,570,18000
12/24/2021,CSIS,140,142,136,137,16910000
12/24/2021,CSMI,3640,3640,3640,3640,0
12/24/2021,CSRA,520,540,515,520,1100300
12/24/2021,CTBN,2050,2520,2050,2120,4600
12/24/2021,CTRA,995,1005,990,995,10349300
12/24/2021,CTTH,50,51,50,51,752800
12/24/2021,DADA,50,50,50,50,281500
12/24/2021,DADA-W,11,11,10,10,5815200
12/24/2021,DART,308,308,304,304,470100
12/24/2021,DAYA,310,316,300,310,159900
12/24/2021,DCII,36100,36100,36050,36050,1600
12/24/2021,DEAL,50,50,50,50,819600
12/24/2021,DEFI,770,775,765,770,400
12/24/2021,DEPO,490,496,484,486,6713400
12/24/2021,DEWA,50,50,50,50,182700
12/24/2021,DFAM,374,376,370,376,11300
12/24/2021,DGIK,212,218,206,208,47120200
12/24/2021,DGNS,755,760,750,760,968000
12/24/2021,DIGI,115,115,109,109,19624100
12/24/2021,DILD,157,157,154,157,1319400
12/24/2021,DIVA,1820,1830,1750,1825,264900
12/24/2021,DKFT,120,121,119,120,2606500
12/24/2021,DLTA,3750,3750,3730,3750,36900
12/24/2021,DMAS,192,192,191,192,13759400
12/24/2021,DMMX,2670,2700,2610,2660,6074100
12/24/2021,DMND,965,980,900,905,734400
12/24/2021,DNAR,356,362,338,338,67082200
12/24/2021,DNET,3250,3250,3250,3250,2100
12/24/2021,DOID,266,266,262,262,13417100
12/24/2021,DPNS,408,408,400,400,78100
12/24/2021,DPUM,50,50,50,50,0
12/24/2021,DRMA,520,570,515,525,101649000
12/24/2021,DSFI,92,96,89,90,23441100
12/24/2021,DSNG,474,478,470,474,28435100
12/24/2021,DSSA,49000,49000,49000,49000,0
12/24/2021,DUCK,176,176,176,176,0
12/24/2021,DUTI,3340,3380,3330,3380,600
12/24/2021,DVLA,2770,2770,2710,2760,15200
12/24/2021,DWGL,190,191,179,180,10200
12/24/2021,DWGL-W,25,26,24,26,99300
12/24/2021,DYAN,76,81,75,78,40931400
12/24/2021,EAST,96,98,92,94,7110100
12/24/2021,EAST-W,12,12,11,12,5067400
12/24/2021,ECII,880,970,880,970,20100
12/24/2021,EDGE,23700,23700,22100,22100,400
12/24/2021,EKAD,1465,1465,1450,1455,166500
12/24/2021,ELSA,274,278,272,274,7902100
12/24/2021,ELTY,50,50,50,50,8100
12/24/2021,EMDE,167,167,160,166,44000
12/24/2021,EMTK,2300,2310,2260,2260,19648200
12/24/2021,ENRG,106,107,105,105,35336100
12/24/2021,ENVY,50,50,50,50,0
12/24/2021,ENZO,50,50,50,50,67000
12/24/2021,ENZO-W,15,16,14,15,4844300
12/24/2021,EPAC,54,59,53,57,54665900
12/24/2021,EPMT,2620,2640,2620,2640,13100
12/24/2021,ERAA,600,605,595,600,6379700
12/24/2021,ERTX,228,228,212,228,2407700
12/24/2021,ESIP,139,141,130,130,15866300
12/24/2021,ESSA,525,550,492,535,120479400
12/24/2021,ESTA,290,302,282,294,3728000
12/24/2021,ESTI,117,126,115,118,5419500
12/24/2021,ETWA,62,62,62,62,0
12/24/2021,EXCL,3090,3110,3070,3080,4162400
12/24/2021,FAPA,3190,3200,3180,3190,110100
12/24/2021,FAST,985,1020,975,1020,25200
12/24/2021,FASW,7600,7600,7600,7600,0
12/24/2021,FILM,975,990,955,965,11223700
12/24/2021,FIMP,41,42,39,40,4290600
12/24/2021,FIMP-W,16,16,15,15,193900
12/24/2021,FIRE,458,470,456,460,1060000
12/24/2021,FISH,7400,7400,7400,7400,200
12/24/2021,FITT,610,650,605,640,18016600
12/24/2021,FITT-W,450,500,450,500,3100
12/24/2021,FLMC,505,525,505,520,3165400
12/24/2021,FMII,388,388,364,370,87300
12/24/2021,FOOD,126,129,122,127,433900
12/24/2021,FORU,232,234,216,218,1370400
12/24/2021,FORZ,50,50,50,50,0
12/24/2021,FPNI,222,228,222,222,1019800
12/24/2021,FREN,85,88,85,86,329026000
12/24/2021,FREN-W2,26,27,26,26,118893800
12/24/2021,FUJI,600,610,600,610,23400
12/24/2021,GAMA,50,51,50,50,1542300
12/24/2021,GDST,98,103,98,101,6250100
12/24/2021,GDYR,1280,1280,1245,1250,44000
12/24/2021,GEMA,358,358,350,358,36100
12/24/2021,GEMS,6025,6975,6000,6975,234100
12/24/2021,GGRM,30625,30625,30500,30525,294700
12/24/2021,GGRP,780,800,765,775,112500
12/24/2021,GHON,2350,2350,2280,2320,8700
12/24/2021,GIAA,222,222,222,222,0
12/24/2021,GJTL,670,675,655,660,1124300
12/24/2021,GLOB,218,218,208,216,36900
12/24/2021,GLVA,286,286,280,284,82500
12/24/2021,GMFI,75,76,74,75,434600
12/24/2021,GMTD,16725,16725,16725,16725,0
12/24/2021,GOLD,384,394,360,360,22600
12/24/2021,GOLL,50,50,50,50,0
12/24/2021,GOOD,505,525,500,520,9247600
12/24/2021,GPRA,89,90,87,87,5544000
12/24/2021,GPSO,143,143,130,134,3110800
12/24/2021,GPSO-W,32,34,32,34,152500
12/24/2021,GSMF,212,212,212,212,1167000
12/24/2021,GTBO,75,75,75,75,0
12/24/2021,GTSI,69,70,66,67,15967400
12/24/2021,GWSA,187,187,184,186,350800
12/24/2021,GZCO,61,64,59,64,40486300
12/24/2021,HADE,50,50,50,50,0
12/24/2021,HAIS,193,194,191,191,1031700
12/24/2021,HDFA,232,234,224,228,497900
12/24/2021,HDIT,346,348,322,348,11740900
12/24/2021,HDTX,120,120,120,120,0
12/24/2021,HEAL,1005,1025,975,1000,10424500
12/24/2021,HELI,316,344,314,316,8100
12/24/2021,HERO,1800,1840,1750,1800,3500
12/24/2021,HEXA,4520,4570,4520,4540,85100
12/24/2021,HITS,382,398,378,378,1300
12/24/2021,HKMU,57,59,55,55,150109700
12/24/2021,HMSP,965,975,960,965,6319400
12/24/2021,HOKI,182,184,181,183,1358000
12/24/2021,HOME,50,50,50,50,0
12/24/2021,HOMI,1645,1645,1630,1630,302200
12/24/2021,HOPE,84,91,84,85,18258700
12/24/2021,HOPE-W,15,17,15,16,16622800
12/24/2021,HOTL,50,50,50,50,0
12/24/2021,HRME,54,54,53,53,3575000
12/24/2021,HRTA,212,218,212,218,4863400
12/24/2021,HRUM,10225,10500,10050,10400,9021900
12/24/2021,IATA,69,71,68,69,56179200
12/24/2021,IBFN,65,69,64,64,117300
12/24/2021,IBST,6125,6125,6125,6125,0
12/24/2021,ICBP,8775,8800,8650,8725,2906000
12/24/2021,ICON,105,106,103,104,1829300
12/24/2021,IDEA,99,112,98,102,11217500
12/24/2021,IDPR,192,194,188,189,2306200
12/24/2021,IFII,146,148,145,146,72100
12/24/2021,IFSH,1800,1820,1750,1815,8000
12/24/2021,IGAR,436,440,430,432,148300
12/24/2021,IIKP,50,50,50,50,0
12/24/2021,IKAI,50,50,50,50,6900
12/24/2021,IKAN,107,114,99,99,196146400
12/24/2021,IKBI,248,248,238,238,4200
12/24/2021,IMAS,900,900,870,880,695100
12/24/2021,IMJS,424,432,424,424,1495600
12/24/2021,IMPC,2640,2640,2570,2610,3366800
12/24/2021,INAF,2260,2280,2250,2250,272800
12/24/2021,INAI,300,310,294,302,29000
12/24/2021,INCF,390,390,364,364,536500
12/24/2021,INCI,590,590,570,590,11600
12/24/2021,INCO,4550,4700,4550,4690,4807100
12/24/2021,INDF,6375,6400,6350,6400,2114600
12/24/2021,INDO,102,104,102,102,6307700
12/24/2021,INDO-W,12,12,11,12,10608900
12/24/2021,INDR,4270,4290,4250,4290,76400
12/24/2021,INDS,2050,2100,2050,2060,12200
12/24/2021,INDX,131,138,123,129,9657100
12/24/2021,INDY,1520,1550,1520,1525,9570900
12/24/2021,INKP,7400,7600,7400,7575,2537300
12/24/2021,INOV,268,306,266,300,41639300
12/24/2021,INPC,132,139,131,133,22648300
12/24/2021,INPP,640,645,630,645,4700
12/24/2021,INPS,1790,1790,1790,1790,0
12/24/2021,INRU,695,725,695,695,4200
12/24/2021,INTA,76,79,73,73,618300
12/24/2021,INTD,308,308,288,288,614200
12/24/2021,INTP,11675,11675,11525,11625,483100
12/24/2021,IPAC,118,118,115,115,3500
12/24/2021,IPCC,520,520,500,500,5214100
12/24/2021,IPCM,296,300,294,298,4041700
12/24/2021,IPOL,174,176,173,174,343500
12/24/2021,IPPE,258,260,238,238,58343200
12/24/2021,IPTV,180,184,179,181,6040600
12/24/2021,IRRA,2090,2110,2010,2020,9904700
12/24/2021,ISAT,5600,5625,5475,5525,3396700
12/24/2021,ISSP,406,410,402,404,10259400
12/24/2021,ITIC,290,290,286,290,301300
12/24/2021,ITMA,510,515,496,496,20800
12/24/2021,ITMA-W,91,91,80,81,23700
12/24/2021,ITMG,20025,20250,19875,20100,1108800
12/24/2021,JAST,212,262,204,262,1276637800
12/24/2021,JAWA,306,306,270,272,26438500
12/24/2021,JAYA,210,218,208,214,17075200
12/24/2021,JAYA-W,60,61,58,58,1285200
12/24/2021,JECC,5550,5550,5550,5550,0
12/24/2021,JGLE,50,50,50,50,300
12/24/2021,JIHD,466,466,466,466,0
12/24/2021,JKON,125,125,119,125,1417200
12/24/2021,JKSW,60,60,60,60,0
12/24/2021,JMAS,183,183,173,174,2911900
12/24/2021,JPFA,1570,1605,1570,1600,6421000
12/24/2021,JRPT,496,496,490,496,883900
12/24/2021,JSKY,103,121,102,108,286618700
12/24/2021,JSMR,3890,3900,3860,3880,1161300
12/24/2021,JSPT,755,755,755,755,0
12/24/2021,JTPE,1070,1070,1070,1070,89700
12/24/2021,KAEF,2450,2460,2420,2430,1317000
12/24/2021,KARW,122,123,115,116,7329100
12/24/2021,KAYU,51,51,50,50,5042100
12/24/2021,KBAG,68,74,66,66,1285940800
12/24/2021,KBAG-W,10,11,9,10,46446600
12/24/2021,KBLI,282,284,278,278,1167000
12/24/2021,KBLM,220,220,216,218,282400
12/24/2021,KBLV,670,835,665,675,128005700
12/24/2021,KBRI,50,50,50,50,0
12/24/2021,KDSI,1085,1085,1070,1070,3700
12/24/2021,KEEN,460,470,452,458,1160600
12/24/2021,KEJU,1185,1190,1170,1185,32100
12/24/2021,KIAS,50,50,50,50,256500
12/24/2021,KICI,310,310,290,290,1834600
12/24/2021,KIJA,170,172,170,170,575500
12/24/2021,KINO,2030,2040,2020,2020,52500
12/24/2021,KIOS,515,525,484,486,47448800
12/24/2021,KJEN,895,920,895,895,1145400
12/24/2021,KKGI,270,272,268,268,173700
12/24/2021,KLBF,1590,1605,1570,1575,14266300
12/24/2021,KMDS,458,458,438,450,4600
12/24/2021,KMTR,344,350,332,342,63100
12/24/2021,KOBX,266,272,258,258,2629400
12/24/2021,KOIN,156,157,156,156,77300
12/24/2021,KONI,950,950,890,930,1500
12/24/2021,KOPI,860,940,835,840,121300
12/24/2021,KOTA,78,80,76,80,19735200
12/24/2021,KOTA-W,65,69,65,69,4900
12/24/2021,KPAL,50,50,50,50,0
12/24/2021,KPAS,62,62,62,62,0
12/24/2021,KPIG,91,92,89,91,12930000
12/24/2021,KRAH,436,436,436,436,0
12/24/2021,KRAS,410,410,402,404,9567300
12/24/2021,KREN,80,85,78,81,11575700
12/24/2021,KUAS,95,99,90,90,248641700
12/24/2021,KUAS-W,22,23,19,20,31636700
12/24/2021,LABA,97,103,97,100,13233100
12/24/2021,LABA-W,20,20,19,20,1764400
12/24/2021,LAND,89,94,88,88,16846200
12/24/2021,LAPD,50,50,50,50,0
12/24/2021,LCGP,114,114,114,114,0
12/24/2021,LCKM,306,324,306,324,1400
12/24/2021,LEAD,52,52,50,51,16548900
12/24/2021,LFLO,106,106,98,98,360700
12/24/2021,LFLO-W,43,43,40,40,36200
12/24/2021,LIFE,6200,6200,6175,6175,400
12/24/2021,LINK,4050,4130,3970,4030,2477700
12/24/2021,LION,364,364,344,356,9600
12/24/2021,LMAS,123,127,115,115,47130400
12/24/2021,LMPI,200,202,195,195,128600
12/24/2021,LMSH,720,720,670,705,29200
12/24/2021,LPCK,1270,1270,1180,1235,687800
12/24/2021,LPGI,4570,4570,4570,4570,100
12/24/2021,LPIN,1035,1135,1025,1115,10376200
12/24/2021,LPKR,142,143,141,142,17110200
12/24/2021,LPLI,278,278,260,268,829400
12/24/2021,LPPF,3950,4030,3950,3950,1048500
12/24/2021,LPPS,112,113,109,111,709200
12/24/2021,LRNA,179,200,179,195,518000
12/24/2021,LSIP,1185,1195,1180,1195,4241100
12/24/2021,LTLS,700,700,680,680,75400
12/24/2021,LUCK,398,402,372,372,20773800
12/24/2021,LUCY,53,55,51,52,10751500
12/24/2021,LUCY-W,14,14,13,14,409200
12/24/2021,MABA,50,50,50,50,0
12/24/2021,MAGP,50,50,50,50,0
12/24/2021,MAIN,665,675,660,670,578700
12/24/2021,MAMI,50,50,50,50,0
12/24/2021,MAMI-W,6,6,6,6,0
12/24/2021,MAMIP,600,600,600,600,0
12/24/2021,MAPA,2410,2600,2410,2470,136500
12/24/2021,MAPB,1610,1620,1610,1615,2500
12/24/2021,MAPI,725,740,720,720,1441700
12/24/2021,MARI,476,488,474,484,28565000
12/24/2021,MARK,1100,1100,1055,1060,3537500
12/24/2021,MASA,6300,6400,5850,6400,26000
12/24/2021,MASB,3510,3580,3510,3570,1200
12/24/2021,MASB-W,398,398,370,394,35900
12/24/2021,MAYA,665,680,665,670,854300
12/24/2021,MBAP,3580,3620,3540,3580,35200
12/24/2021,MBSS,1035,1085,1005,1005,2948200
12/24/2021,MBTO,152,152,145,149,659500
12/24/2021,MCAS,9500,9500,8925,9500,250300
12/24/2021,MCOL,3650,3700,3600,3620,458400
12/24/2021,MCOR,117,119,116,116,5419600
12/24/2021,MDIA,50,50,50,50,367700
12/24/2021,MDKA,3890,4000,3860,3860,65531800
12/24/2021,MDKI,206,206,204,206,236000
12/24/2021,MDLN,67,72,63,63,284208600
12/24/2021,MDRN,50,50,50,50,0
12/24/2021,MEDC,488,490,484,484,14066100
12/24/2021,MEGA,8525,8525,8500,8525,800
12/24/2021,MERK,3670,3680,3650,3670,71600
12/24/2021,META,114,115,113,113,1068800
12/24/2021,MFIN,1105,1105,1105,1105,300
12/24/2021,MFMI,980,980,960,960,8700
12/24/2021,MGLV,210,216,202,204,128900
12/24/2021,MGLV-W,19,20,18,19,17827300
12/24/2021,MGNA,50,50,50,50,0
12/24/2021,MGRO,850,865,825,840,11530200
12/24/2021,MICE,400,416,400,402,83100
12/24/2021,MIDI,2140,2140,2130,2130,200
12/24/2021,MIKA,2260,2290,2240,2290,14219200
12/24/2021,MINA,50,51,50,50,5500600
12/24/2021,MIRA,50,50,50,50,41000
12/24/2021,MITI,236,256,236,242,33846400
12/24/2021,MKNT,50,50,50,50,12200
12/24/2021,MKPI,24925,24925,24925,24925,0
12/24/2021,MLBI,7475,7525,7475,7475,22400
12/24/2021,MLIA,2060,2100,2020,2070,6095900
12/24/2021,MLPL,392,400,380,382,265769900
12/24/2021,MLPT,3320,3540,3310,3500,229200
12/24/2021,MMLP,595,605,570,585,12009100
12/24/2021,MNCN,890,910,890,910,15446300
12/24/2021,MOLI,525,545,510,520,134400
12/24/2021,MPMX,1145,1155,1075,1075,15966400
12/24/2021,MPOW,105,112,105,108,16571200
12/24/2021,MPPA,452,452,426,426,58920800
12/24/2021,MPRO,910,910,835,835,7000
12/24/2021,MRAT,264,268,250,258,478000
12/24/2021,MREI,3830,3860,3830,3860,1200
12/24/2021,MSIN,1590,1985,1580,1970,59135600
12/24/2021,MSKY,308,322,308,318,118900
12/24/2021,MTDL,3680,3700,3640,3660,1425600
12/24/2021,MTEL,775,785,775,785,45723600
12/24/2021,MTFN,50,50,50,50,600
12/24/2021,MTLA,400,400,392,400,114500
12/24/2021,MTPS,112,113,110,110,1227800
12/24/2021,MTRA,244,244,244,244,0
12/24/2021,MTSM,370,388,362,362,375200
12/24/2021,MTWI,120,139,115,126,41714400
12/24/2021,MYOH,1685,1685,1680,1680,41500
12/24/2021,MYOR,2000,2020,1995,2000,1008400
12/24/2021,MYRX,50,50,50,50,0
12/24/2021,MYRXP,50,50,50,50,0
12/24/2021,MYTX,86,92,86,89,482500
12/24/2021,NASA,66,66,61,61,7819100
12/24/2021,NASI,222,224,218,220,1034000
12/24/2021,NATO,735,750,730,730,224442600
12/24/2021,NATO-W,328,328,328,328,0
12/24/2021,NELY,310,322,290,312,17204700
12/24/2021,NFCX,9275,9375,9125,9275,22700
12/24/2021,NICK,765,765,730,760,700
12/24/2021,NICL,70,71,68,70,41859300
12/24/2021,NICL-W,10,10,9,10,23304400
12/24/2021,NIKL,1005,1040,1000,1005,235000
12/24/2021,NIPS,282,282,282,282,0
12/24/2021,NIRO,147,147,139,145,304200
12/24/2021,NISP,670,670,660,665,394700
12/24/2021,NOBU,685,695,665,695,5426700
12/24/2021,NPGF,91,93,90,91,14483300
12/24/2021,NRCA,314,328,314,320,2228600
12/24/2021,NUSA,50,50,50,50,0
12/24/2021,NZIA,154,157,150,151,55300
12/24/2021,OASA,795,920,750,845,6293400
12/24/2021,OBMD,130,130,120,121,6766500
12/24/2021,OBMD-W,21,22,21,22,2148000
12/24/2021,OCAP,159,159,159,159,0
12/24/2021,OILS,332,354,320,346,43824700
12/24/2021,OILS-W,94,100,91,96,1256300
12/24/2021,OKAS,82,83,79,81,19984900
12/24/2021,OMRE,845,845,845,845,0
12/24/2021,OPMS,143,144,138,140,5144400
12/24/2021,PADI,50,50,50,50,3000
12/24/2021,PALM,985,1070,985,990,57105600
12/24/2021,PAMG,102,106,102,102,3128700
12/24/2021,PANI,1705,1745,1635,1635,598400
12/24/2021,PANR,244,244,226,232,939700
12/24/2021,PANS,1315,1325,1310,1315,52200
12/24/2021,PBID,1620,1635,1610,1610,395600
12/24/2021,PBRX,158,160,155,157,2296000
12/24/2021,PBSA,720,750,720,720,10500
12/24/2021,PCAR,284,324,276,324,3739300
12/24/2021,PDES,294,294,294,294,48800
12/24/2021,PEGE,1195,1220,1195,1200,89800
12/24/2021,PEHA,1125,1140,1120,1120,44900
12/24/2021,PGAS,1370,1380,1360,1360,44137100
12/24/2021,PGJO,82,86,77,82,35138800
12/24/2021,PGLI,226,226,212,212,22300
12/24/2021,PGUN,422,426,404,404,476400
12/24/2021,PICO,98,99,94,94,59400
12/24/2021,PJAA,570,595,565,585,378000
12/24/2021,PKPK,200,232,200,200,205016900
12/24/2021,PLAN,37,38,36,37,5412500
12/24/2021,PLAN-W,11,11,11,11,10300
12/24/2021,PLAS,50,50,50,50,0
12/24/2021,PLIN,2450,2450,2450,2450,0
12/24/2021,PMJS,152,154,149,150,1136500
12/24/2021,PMMP,520,540,505,510,43044600
12/24/2021,PNBN,750,760,745,750,4478100
12/24/2021,PNBS,88,88,85,85,18287200
12/24/2021,PNGO,1600,1600,1505,1585,5600
12/24/2021,PNIN,675,685,675,685,51700
12/24/2021,PNLF,169,171,169,170,4751400
12/24/2021,PNSE,570,570,570,570,1800
12/24/2021,POLA,240,246,220,220,2278700
12/24/2021,POLA-W,77,94,62,93,52300
12/24/2021,POLI,1520,1700,1505,1505,1169400
12/24/2021,POLL,1305,1350,1260,1280,751200
12/24/2021,POLU,510,550,510,510,30800
12/24/2021,POLY,64,64,61,64,4056800
12/24/2021,POOL,50,50,50,50,0
12/24/2021,PORT,610,740,590,715,123200
12/24/2021,POSA,50,50,50,50,0
12/24/2021,POWR,620,620,615,615,1392300
12/24/2021,PPGL,135,148,135,143,7291400
12/24/2021,PPGL-W,18,23,17,20,44029900
12/24/2021,PPRE,174,176,172,173,6592800
12/24/2021,PPRO,65,66,64,64,24404300
12/24/2021,PRAS,242,250,236,246,198900
12/24/2021,PRDA,9250,9275,9200,9200,247500
12/24/2021,PRIM,460,472,450,450,6872800
12/24/2021,PSAB,140,145,140,141,6835100
12/24/2021,PSDN,153,157,151,151,26400
12/24/2021,PSGO,210,222,208,222,39900100
12/24/2021,PSKT,50,50,50,50,100
12/24/2021,PSSI,416,416,412,412,1602400
12/24/2021,PTBA,2700,2740,2670,2710,15486400
12/24/2021,PTDU,193,214,190,210,75440400
12/24/2021,PTIS,378,378,372,372,4700
12/24/2021,PTPP,975,1000,975,980,15245800
12/24/2021,PTPW,720,720,715,720,145100
12/24/2021,PTRO,2200,2200,2180,2200,205500
12/24/2021,PTSN,228,228,222,222,583900
12/24/2021,PTSP,5350,6350,5350,6350,2200
12/24/2021,PUDP,342,350,340,346,18700
12/24/2021,PURA,70,72,69,70,103832100
12/24/2021,PURA-W,19,20,18,19,9604600
12/24/2021,PURE,79,89,79,80,27620900
12/24/2021,PURI,340,340,340,340,900
12/24/2021,PWON,462,470,456,460,27926100
12/24/2021,PYFA,1010,1020,1010,1010,48300
12/24/2021,PZZA,670,680,665,675,25900
12/24/2021,R-ABFII,28600,28600,28600,28600,0
12/24/2021,R-LQ45X,1004,1004,1000,1000,32200
12/24/2021,RAJA,184,186,183,183,2025800
12/24/2021,RALS,690,695,675,680,6069200
12/24/2021,RANC,1795,1795,1670,1670,861900
12/24/2021,RBMS,92,95,92,92,72800200
12/24/2021,RDTX,6800,6850,6800,6850,200
12/24/2021,REAL,85,87,80,80,239617600
12/24/2021,RELI,454,454,454,454,0
12/24/2021,RICY,95,96,94,95,2630800
12/24/2021,RIGS,320,320,308,314,44400
12/24/2021,RIMO,50,50,50,50,0
12/24/2021,RISE,376,380,374,380,159300
12/24/2021,RMBA,306,306,306,306,0
12/24/2021,RMKE,226,226,220,224,983900
12/24/2021,ROCK,665,700,665,695,500
12/24/2021,RODA,90,94,89,90,7508800
12/24/2021,RONY,800,800,800,800,1110000
12/24/2021,ROTI,1290,1290,1280,1285,1001900
12/24/2021,RSGK,1705,1705,1700,1705,429200
12/24/2021,RUIS,210,214,208,214,20200
12/24/2021,RUNS,272,280,268,270,553200
12/24/2021,SAFE,220,240,214,234,64300
12/24/2021,SAME,408,410,394,396,21229500
12/24/2021,SAMF,1025,1040,1000,1025,10357400
12/24/2021,SAPX,1260,1270,1230,1235,9700
12/24/2021,SATU,112,114,106,110,25765000
12/24/2021,SBAT,60,63,53,53,1147014900
12/24/2021,SBAT-W,17,21,15,16,234922300
12/24/2021,SBAT-W2,40,44,26,28,1631500
12/24/2021,SBMA,380,382,356,356,6145100
12/24/2021,SBMA-W,110,110,102,104,125200
12/24/2021,SCCO,10400,10400,10400,10400,400
12/24/2021,SCMA,344,348,332,334,50289900
12/24/2021,SCNP,204,210,200,206,2865800
12/24/2021,SCPI,29000,29000,29000,29000,0
12/24/2021,SDMU,84,90,78,79,98132600
12/24/2021,SDPC,132,134,128,130,1087400
12/24/2021,SDRA,575,585,565,565,204400
12/24/2021,SFAN,1490,1490,1490,1490,11345500
12/24/2021,SGER,1215,1235,1210,1210,14407500
12/24/2021,SGER-W,1150,1150,1150,1150,0
12/24/2021,SGRO,2000,2000,1980,2000,53700
12/24/2021,SHID,890,900,890,890,23600
12/24/2021,SHIP,1095,1095,1050,1065,2006800
12/24/2021,SIDO,880,880,870,875,2707000
12/24/2021,SILO,8225,8450,8100,8250,103800
12/24/2021,SIMA,50,50,50,50,0
12/24/2021,SIMP,456,456,450,454,820500
12/24/2021,SINI,298,298,262,264,18800
12/24/2021,SINI-W,170,171,117,126,36400
12/24/2021,SIPD,1655,1655,1630,1630,11300
12/24/2021,SKBM,368,380,360,372,5900
12/24/2021,SKLT,2400,2400,2400,2400,0
12/24/2021,SKRN,975,975,930,950,1540300
12/24/2021,SKYB,51,51,51,51,0
12/24/2021,SLIS,950,985,890,900,1014400
12/24/2021,SMAR,4130,4140,4120,4120,1900
12/24/2021,SMBR,635,635,625,630,1430700
12/24/2021,SMCB,1690,1695,1675,1675,735500
12/24/2021,SMDM,212,212,200,202,2850200
12/24/2021,SMDR,1045,1080,1030,1035,7437300
12/24/2021,SMGR,7325,7400,7250,7275,5367300
12/24/2021,SMKL,520,555,494,545,4510000
12/24/2021,SMKL-W,75,90,75,87,6490500
12/24/2021,SMMA,10800,10800,10800,10800,0
12/24/2021,SMMT,218,220,212,212,6494400
12/24/2021,SMRA,850,850,835,850,9917400
12/24/2021,SMRU,50,50,50,50,0
12/24/2021,SMSM,1400,1405,1380,1390,174600
12/24/2021,SNLK,1190,1190,1190,1190,20200
12/24/2021,SOCI,206,208,204,204,7354000
12/24/2021,SOFA,47,48,46,48,18979000
12/24/2021,SOHO,6350,6375,6350,6375,13500
12/24/2021,SONA,5925,5925,5925,5925,300
12/24/2021,SOSS,402,402,374,384,16100
12/24/2021,SOSS-W,40,40,39,39,3600
12/24/2021,SOTS,292,292,264,278,13100
12/24/2021,SOTS-W,49,49,49,49,3000
12/24/2021,SPMA,735,750,700,715,2025800
12/24/2021,SPTO,645,645,635,640,111500
12/24/2021,SQMI,65,67,61,64,50750300
12/24/2021,SRAJ,354,354,334,334,8250000
12/24/2021,SRIL,146,146,146,146,0
12/24/2021,SRSN,55,56,54,55,2035900
12/24/2021,SRTG,2680,2760,2680,2720,6733500
12/24/2021,SSIA,476,484,466,468,1229400
12/24/2021,SSMS,990,990,965,965,8775100
12/24/2021,SSTM,715,715,715,715,0
12/24/2021,STAR,166,166,148,155,223200
12/24/2021,STTP,7300,7300,7300,7300,400
12/24/2021,SUGI,50,50,50,50,0
12/24/2021,SULI,50,50,50,50,61200
12/24/2021,SUPR,15475,15475,15475,15475,0
12/24/2021,SURE,1985,1985,1915,1970,3700
12/24/2021,SWAT,184,189,178,181,58152200
12/24/2021,TALF,306,306,300,300,400
12/24/2021,TAMA,71,82,67,67,235940500
12/24/2021,TAMA-W,15,18,15,16,42033600
12/24/2021,TAMU,50,50,50,50,400
12/24/2021,TAPG,625,625,615,625,11708600
12/24/2021,TARA,50,50,50,50,4300
12/24/2021,TAXI,50,50,50,50,300
12/24/2021,TAYS,214,216,208,212,8036500
12/24/2021,TBIG,3110,3110,3000,3000,24903600
12/24/2021,TBLA,795,815,785,795,378500
12/24/2021,TBMS,1700,1700,1700,1700,0
12/24/2021,TCID,5325,5525,5325,5525,200
12/24/2021,TCPI,10200,10250,10025,10175,13998000
12/24/2021,TDPM,119,119,119,119,0
12/24/2021,TEBE,670,710,660,695,754000
12/24/2021,TECH,8475,8475,7650,7650,1759900
12/24/2021,TELE,121,121,121,121,0
12/24/2021,TFAS,5175,5175,4970,4970,88500
12/24/2021,TFCO,710,710,710,710,1000
12/24/2021,TGKA,7050,7075,6950,7075,4400
12/24/2021,TGRA,85,87,83,85,23451800
12/24/2021,TIFA,565,625,560,560,331500
12/24/2021,TINS,1480,1490,1465,1470,9160600
12/24/2021,TIRA,432,450,430,438,17300
12/24/2021,TIRT,99,119,93,93,67925300
12/24/2021,TKIM,7075,7250,7025,7200,975300
12/24/2021,TLKM,4160,4170,4100,4110,29075600
12/24/2021,TMAS,1410,1555,1410,1410,21346100
12/24/2021,TMPO,141,141,137,141,23600
12/24/2021,TNCA,2750,2920,2670,2730,7578000
12/24/2021,TOBA,1210,1220,1160,1185,5546200
12/24/2021,TOPS,50,50,50,50,7117700
12/24/2021,TOTL,316,322,316,316,850900
12/24/2021,TOTO,214,216,212,214,201900
12/24/2021,TOWR,1125,1155,1125,1150,78885400
12/24/2021,TOYS,242,270,242,260,147669200
12/24/2021,TOYS-W,30,34,30,32,26253100
12/24/2021,TPIA,7175,7250,7175,7200,1060900
12/24/2021,TPMA,360,364,358,360,1557900
12/24/2021,TRAM,50,50,50,50,0
12/24/2021,TRIL,50,50,50,50,0
12/24/2021,TRIM,386,394,366,368,46631700
12/24/2021,TRIN,250,258,250,250,4429400
12/24/2021,TRIN-W,22,24,22,23,2273200
12/24/2021,TRIO,426,426,426,426,0
12/24/2021,TRIS,234,238,226,228,21136400
12/24/2021,TRIS-W,6,6,6,6,0
12/24/2021,TRJA,470,486,470,470,14001000
12/24/2021,TRST,580,580,580,580,6900
12/24/2021,TRUE,111,115,104,104,106466600
12/24/2021,TRUE-W,20,20,19,20,3707700
12/24/2021,TRUK,161,176,160,163,107524700
12/24/2021,TRUS,424,424,422,422,3000
12/24/2021,TSPC,1470,1475,1455,1470,241300
12/24/2021,TUGU,1600,1610,1595,1595,25200
12/24/2021,TURI,1300,1300,1300,1300,100
12/24/2021,UANG,765,800,765,795,15600
12/24/2021,UCID,1450,1465,1445,1450,21600
12/24/2021,UFOE,1805,1830,1750,1755,192300
12/24/2021,ULTJ,1555,1560,1550,1555,143600
12/24/2021,UNIC,12075,12075,12050,12050,300
12/24/2021,UNIQ,93,93,87,89,1500500
12/24/2021,UNIT,316,316,316,316,0
12/24/2021,UNSP,108,109,107,109,24300
12/24/2021,UNTR,22325,22325,22075,22150,925700
12/24/2021,UNVR,4090,4210,4080,4200,11979500
12/24/2021,URBN,600,600,575,580,339400
12/24/2021,UVCR,446,452,418,430,8544400
12/24/2021,UVCR-W,173,176,167,167,134300
12/24/2021,VICI,515,520,505,515,1737100
12/24/2021,VICO,266,278,246,246,3255600
12/24/2021,VINS,170,181,167,167,3767700
12/24/2021,VIVA,50,51,50,50,17023600
12/24/2021,VOKS,183,190,183,187,67400
12/24/2021,VRNA,164,168,160,160,2349000
12/24/2021,WAPO,193,197,185,186,1967600
12/24/2021,WEGE,193,195,191,193,7794000
12/24/2021,WEHA,212,224,204,212,33938200
12/24/2021,WGSH,180,192,168,190,24104100
12/24/2021,WICO,410,410,410,410,0
12/24/2021,WIFI,565,575,550,555,43948600
12/24/2021,WIFI-W,236,236,220,226,4100
12/24/2021,WIIM,446,450,440,446,1540500
12/24/2021,WIKA,1060,1090,1055,1075,13753500
12/24/2021,WINS,212,222,212,218,17217300
12/24/2021,WMPP,147,149,146,147,20237300
12/24/2021,WMUU,156,156,152,153,12385400
12/24/2021,WOMF,240,244,236,244,198600
12/24/2021,WOOD,820,825,805,805,2330500
12/24/2021,WOWS,63,68,61,65,207769900
12/24/2021,WSBP,112,121,111,113,82143600
12/24/2021,WSKT,740,785,740,765,76339800
12/24/2021,WTON,246,250,242,248,8101400
12/24/2021,XAFA,1056,1056,1054,1054,2900
12/24/2021,XAQA,934,934,934,934,0
12/24/2021,XBES,960,960,960,960,0
12/24/2021,XBID,527,527,527,527,700
12/24/2021,XBIG,517,517,517,517,0
12/24/2021,XBIN,495,495,495,495,2000
12/24/2021,XBLQ,470,470,470,470,0
12/24/2021,XBNI,1028,1032,1028,1032,200
12/24/2021,XBSK,386,386,386,386,0
12/24/2021,XCID,82,84,79,84,64800
12/24/2021,XCIS,105,105,105,105,0
12/24/2021,XCLQ,98,98,98,98,12800
12/24/2021,XDIF,467,467,467,467,0
12/24/2021,XDSG,982,982,982,982,0
12/24/2021,XFES,137,137,137,137,0
12/24/2021,XIFE,104,104,104,104,0
12/24/2021,XIHD,494,499,494,497,1900
12/24/2021,XIIC,979,979,979,979,100
12/24/2021,XIID,519,520,513,520,1500
12/24/2021,XIIF,538,538,526,537,700
12/24/2021,XIIT,530,543,525,526,30100
12/24/2021,XIJI,595,595,595,595,1800
12/24/2021,XILV,115,115,115,115,100
12/24/2021,XIML,260,260,260,260,400
12/24/2021,XIPI,177,181,177,181,2000
12/24/2021,XISB,398,398,398,398,0
12/24/2021,XISC,680,687,680,686,8500
12/24/2021,XISI,333,333,333,333,100
12/24/2021,XISR,384,384,384,384,13200
12/24/2021,XKIV,460,460,460,460,0
12/24/2021,XKMS,1085,1085,1070,1084,700
12/24/2021,XMIG,179,179,179,179,0
12/24/2021,XMJM,1001,1001,1001,1001,0
12/24/2021,XMTS,477,477,477,477,0
12/24/2021,XNVE,141,141,141,141,0
12/24/2021,XPCR,885,885,885,885,0
12/24/2021,XPDV,474,474,474,474,0
12/24/2021,XPES,382,382,382,382,0
12/24/2021,XPFT,553,553,553,553,0
12/24/2021,XPID,515,515,515,515,0
12/24/2021,XPLC,452,452,452,452,0
12/24/2021,XPLQ,476,476,476,476,0
12/24/2021,XPMI,975,975,975,975,0
12/24/2021,XPSG,383,383,383,383,0
12/24/2021,XPTD,505,505,505,505,1000
12/24/2021,XSBC,106,106,106,106,0
12/24/2021,XSMU,141,141,141,141,700
12/24/2021,XSPI,750,750,750,750,0
12/24/2021,XSRI,186,186,186,186,0
12/24/2021,XSSI,78,78,78,78,300
12/24/2021,XSSK,644,644,644,644,0
12/24/2021,YELO,148,152,145,145,130725800
12/24/2021,YPAS,635,790,625,790,63100
12/24/2021,YULE,1090,1110,1020,1095,114100
12/24/2021,ZBRA,655,655,630,630,2707400
12/24/2021,ZINC,105,105,102,103,233938900
12/24/2021,ZONE,404,406,402,406,171200
12/24/2021,ZYRX,560,560,520,525,9108800
12/24/2021,ZYRX-W,89,90,87,90,1078700
