<date>,<ticker>,<open>,<high>,<low>,<close>,<volume>
5/28/2021,IHSG,5875.271,5891.472,5833.343,5848.616,221691870
5/28/2021,AALI,8850,8900,8750,8775,1072200
5/28/2021,ABBA,238,240,224,228,55761800
5/28/2021,ABDA,7050,7050,7050,7050,0
5/28/2021,ABMM,785,820,785,790,40700
5/28/2021,ACES,1470,1490,1445,1490,15669000
5/28/2021,ACST,244,248,230,234,10240500
5/28/2021,ADES,2000,2000,1920,1945,186000
5/28/2021,ADHI,990,1005,980,980,4727700
5/28/2021,ADMF,8025,8075,7925,8000,76500
5/28/2021,ADMG,160,160,157,160,955800
5/28/2021,ADRO,1165,1180,1160,1170,43862200
5/28/2021,AGAR,398,398,390,392,9400
5/28/2021,AGII,1110,1120,1060,1090,4870500
5/28/2021,AGRO,840,890,840,880,49961600
5/28/2021,AGRS,446,456,416,440,2087300
5/28/2021,AHAP,68,69,65,67,3991400
5/28/2021,AIMS,482,492,466,468,113800
5/28/2021,AISA,248,250,242,242,6272200
5/28/2021,AKKU,50,50,50,50,1500
5/28/2021,AKPI,540,555,525,530,15400
5/28/2021,AKRA,3220,3250,3200,3240,4962300
5/28/2021,AKSI,630,630,625,625,1200
5/28/2021,ALDO,855,905,855,895,19062400
5/28/2021,ALKA,238,270,238,260,5600
5/28/2021,ALMI,240,250,238,250,5400
5/28/2021,ALTO,356,386,356,386,71900
5/28/2021,AMAG,302,308,302,308,464500
5/28/2021,AMAN,284,286,284,286,103700
5/28/2021,AMAR,248,270,248,260,7274600
5/28/2021,AMFG,4000,4000,4000,4000,35700
5/28/2021,AMIN,194,197,187,197,3300
5/28/2021,AMOR,4160,4160,4080,4110,1665000
5/28/2021,AMRT,915,925,905,910,6601200
5/28/2021,ANDI,50,50,50,50,58600
5/28/2021,ANJT,700,700,695,700,5100
5/28/2021,ANTM,2470,2500,2430,2460,118544200
5/28/2021,APEX,800,865,800,820,254400
5/28/2021,APIC,795,800,760,760,5176800
5/28/2021,APII,185,188,185,187,164100
5/28/2021,APLI,202,204,199,202,721400
5/28/2021,APLN,149,150,147,147,6059700
5/28/2021,ARGO,1530,1530,1425,1430,600
5/28/2021,ARII,378,380,352,352,483000
5/28/2021,ARKA,50,50,50,50,25500
5/28/2021,ARMY,50,50,50,50,0
5/28/2021,ARNA,720,720,710,715,315300
5/28/2021,ARTA,258,274,258,258,600
5/28/2021,ARTI,50,50,50,50,8800
5/28/2021,ARTO,12475,12550,11675,12150,22374400
5/28/2021,ASBI,296,296,290,292,9900
5/28/2021,ASDM,905,935,905,930,900
5/28/2021,ASGR,780,780,755,755,257400
5/28/2021,ASII,5175,5225,5125,5150,24346700
5/28/2021,ASJT,220,226,220,226,37500
5/28/2021,ASMI,690,690,690,690,8400
5/28/2021,ASPI,52,53,51,52,3957200
5/28/2021,ASPI-W,15,15,14,15,202100
5/28/2021,ASRI,180,182,176,179,18986500
5/28/2021,ASRM,1600,1600,1590,1590,700
5/28/2021,ASSA,2080,2130,2060,2130,15285500
5/28/2021,ATAP,111,120,110,112,515200
5/28/2021,ATIC,700,715,700,700,14000
5/28/2021,AUTO,1130,1150,1120,1140,737400
5/28/2021,AYLS,105,111,102,104,30562000
5/28/2021,BABP,165,208,153,165,2886433500
5/28/2021,BABP-W3,161,200,94,133,103400
5/28/2021,BABP-W4,108,160,100,110,79537800
5/28/2021,BACA,410,428,410,422,32130700
5/28/2021,BACA-W2,220,220,220,220,100
5/28/2021,BAJA,438,466,424,424,15491600
5/28/2021,BALI,590,600,590,590,22800
5/28/2021,BANK,3280,3300,3220,3220,32837600
5/28/2021,BANK-W,2720,2720,2710,2710,1600
5/28/2021,BAPA,50,50,50,50,6600
5/28/2021,BAPI,50,50,50,50,300
5/28/2021,BAPI-W,5,7,5,6,107892300
5/28/2021,BATA,685,685,685,685,0
5/28/2021,BAYU,1060,1060,1060,1060,200
5/28/2021,BBCA,31650,31850,31650,31700,20421700
5/28/2021,BBHI,1320,1360,1280,1310,4865000
5/28/2021,BBKP,406,412,400,402,46015200
5/28/2021,BBLD,492,492,492,492,20600
5/28/2021,BBMD,1375,1375,1375,1375,0
5/28/2021,BBNI,5275,5300,5200,5200,21585600
5/28/2021,BBRI,4040,4170,4020,4070,249177000
5/28/2021,BBRM,50,50,50,50,1200
5/28/2021,BBSI,3280,3280,3060,3170,52000
5/28/2021,BBSS,54,54,53,54,552200
5/28/2021,BBTN,1600,1610,1575,1590,26338400
5/28/2021,BBYB,444,458,440,454,15493300
5/28/2021,BCAP,146,165,135,135,880907400
5/28/2021,BCIC,700,700,700,700,0
5/28/2021,BCIP,63,63,62,63,868300
5/28/2021,BDMN,2380,2380,2320,2340,3184500
5/28/2021,BEBS,500,630,486,630,72716400
5/28/2021,BEEF,110,114,109,113,3763400
5/28/2021,BEKS,85,86,83,84,120461600
5/28/2021,BELL,130,137,130,135,3631700
5/28/2021,BESS,308,318,306,314,1130500
5/28/2021,BESS-W,190,190,186,188,17300
5/28/2021,BEST,143,144,140,143,9578600
5/28/2021,BFIN,745,760,735,755,116261900
5/28/2021,BGTG,129,168,123,168,982823400
5/28/2021,BHAT,610,615,585,590,160180200
5/28/2021,BHIT,63,69,58,58,1801586200
5/28/2021,BIKA,166,166,156,166,2700
5/28/2021,BIMA,64,65,62,63,1233100
5/28/2021,BINA,1900,1900,1840,1845,511400
5/28/2021,BIPI,50,50,50,50,397800
5/28/2021,BIPI-W,10,11,10,11,1065400
5/28/2021,BIPP,55,55,53,53,1357000
5/28/2021,BIRD,1250,1250,1225,1225,451400
5/28/2021,BISI,1150,1150,1140,1150,72600
5/28/2021,BJBR,1380,1400,1375,1385,3275100
5/28/2021,BJTM,745,755,740,750,7177200
5/28/2021,BKDP,50,50,50,50,300
5/28/2021,BKSL,70,73,68,71,323268200
5/28/2021,BKSW,140,176,139,157,27894500
5/28/2021,BLTA,50,50,50,50,1700
5/28/2021,BLTZ,2820,3300,2700,2750,11200
5/28/2021,BLUE,670,670,660,660,113600
5/28/2021,BMAS,1855,1855,1730,1730,502900
5/28/2021,BMRI,5825,5900,5775,5800,39152900
5/28/2021,BMSR,186,236,178,181,37431600
5/28/2021,BMTR,282,284,272,274,70288700
5/28/2021,BNBA,820,965,800,885,37917500
5/28/2021,BNBR,50,50,50,50,7300
5/28/2021,BNGA,965,985,965,970,742600
5/28/2021,BNII,360,372,360,370,7335300
5/28/2021,BNLI,2070,2090,2000,2060,59900
5/28/2021,BOGA,1335,1335,1245,1335,97277500
5/28/2021,BOLA,246,248,242,246,66200
5/28/2021,BOLT,710,730,670,730,3300
5/28/2021,BOSS,90,92,87,89,7717600
5/28/2021,BPFI,1050,1050,1050,1050,0
5/28/2021,BPII,7300,7300,7300,7300,0
5/28/2021,BPTR,110,112,103,103,3058300
5/28/2021,BRAM,4980,4980,4980,4980,300
5/28/2021,BRIS,1850,1890,1835,1870,49657900
5/28/2021,BRMS,96,98,95,97,140914500
5/28/2021,BRMS-W,34,35,32,33,120488900
5/28/2021,BRNA,1315,1320,1315,1320,1000
5/28/2021,BRPT,870,890,850,890,31437300
5/28/2021,BRPT-W,390,400,320,320,17500
5/28/2021,BSDE,1130,1140,1115,1115,10980200
5/28/2021,BSIM,590,615,560,585,309800
5/28/2021,BSSR,1795,1795,1715,1715,67900
5/28/2021,BSWD,1750,1750,1750,1750,0
5/28/2021,BTEK,50,50,50,50,600
5/28/2021,BTEL,50,50,50,50,0
5/28/2021,BTON,410,418,410,412,62400
5/28/2021,BTPN,2760,2760,2740,2750,15100
5/28/2021,BTPS,2680,2700,2600,2650,11880300
5/28/2021,BUDI,206,208,193,193,15804200
5/28/2021,BUKK,1005,1030,995,1025,7000
5/28/2021,BULL,300,302,296,298,316040200
5/28/2021,BULL-W2,89,91,88,90,165200
5/28/2021,BUMI,60,62,60,60,149541700
5/28/2021,BUVA,69,70,65,68,3843800
5/28/2021,BVIC,164,178,157,172,124650300
5/28/2021,BWPT,106,106,103,104,23212400
5/28/2021,BYAN,15300,15425,15075,15200,200600
5/28/2021,CAKK,69,72,69,71,1662000
5/28/2021,CAMP,272,274,258,260,9510200
5/28/2021,CANI,192,192,174,174,53500
5/28/2021,CARE,332,334,320,324,259073400
5/28/2021,CARS,50,50,50,50,19200
5/28/2021,CASA,380,380,380,380,400
5/28/2021,CASA-W,344,344,344,344,0
5/28/2021,CASH,302,308,290,292,3169600
5/28/2021,CASS,400,400,392,400,223400
5/28/2021,CBMF,140,140,140,140,0
5/28/2021,CCSI,280,284,274,280,271600
5/28/2021,CEKA,1990,2020,1975,2000,68700
5/28/2021,CENT,236,238,232,236,11460400
5/28/2021,CFIN,308,312,306,310,3124800
5/28/2021,CINT,218,218,212,212,23300
5/28/2021,CITA,2610,2610,2610,2610,1500
5/28/2021,CITY,161,161,156,157,38300
5/28/2021,CITY-W,52,52,50,51,47300
5/28/2021,CLAY,925,965,850,850,30700
5/28/2021,CLEO,452,452,450,450,1774500
5/28/2021,CLPI,855,865,855,855,76800
5/28/2021,CMNP,1955,2000,1925,1965,21200
5/28/2021,CMNP-W,925,950,900,925,110100
5/28/2021,CMPP,184,184,184,184,0
5/28/2021,CNKO,50,50,50,50,0
5/28/2021,CNTB,250,250,250,250,0
5/28/2021,CNTX,193,193,193,193,0
5/28/2021,COCO,254,300,254,264,5063900
5/28/2021,COCO-W,73,73,73,73,100
5/28/2021,COWL,50,50,50,50,0
5/28/2021,CPIN,6750,6775,6550,6700,7865700
5/28/2021,CPRI,50,50,50,50,5000
5/28/2021,CPRI-W,15,15,14,14,11100
5/28/2021,CPRO,50,50,50,50,700
5/28/2021,CSAP,366,370,362,370,1395300
5/28/2021,CSIS,80,92,80,86,22100000
5/28/2021,CSMI,2990,3650,2790,2980,37600
5/28/2021,CSRA,312,330,312,320,4504000
5/28/2021,CTBN,3000,3150,2800,2920,4800
5/28/2021,CTRA,1075,1080,1065,1065,6860200
5/28/2021,CTTH,63,66,62,63,1705000
5/28/2021,DADA,50,50,50,50,3871100
5/28/2021,DADA-W,10,11,9,11,21583900
5/28/2021,DART,214,214,206,206,17700
5/28/2021,DAYA,252,252,252,252,21000
5/28/2021,DCII,11325,11475,11075,11475,900
5/28/2021,DEAL,90,96,90,92,1750700
5/28/2021,DEAL-W,46,47,46,47,4700
5/28/2021,DEFI,1640,1645,1640,1645,10700
5/28/2021,DEWA,50,50,50,50,58900
5/28/2021,DFAM,153,156,153,156,11200
5/28/2021,DGIK,72,73,71,72,16221400
5/28/2021,DGNS,935,975,870,960,24519000
5/28/2021,DIGI,406,406,406,406,9800
5/28/2021,DILD,193,193,188,191,6022200
5/28/2021,DIVA,3340,3340,3250,3250,61600
5/28/2021,DKFT,161,165,157,158,17668900
5/28/2021,DLTA,3810,3810,3780,3810,32400
5/28/2021,DMAS,216,216,212,214,15278800
5/28/2021,DMMX,1235,1320,1190,1235,29906100
5/28/2021,DMND,875,875,850,865,9300
5/28/2021,DNAR,206,254,200,228,45597200
5/28/2021,DNET,3290,3290,3280,3280,1300
5/28/2021,DOID,360,362,350,352,41628400
5/28/2021,DPNS,270,284,262,262,297500
5/28/2021,DPUM,50,50,50,50,21200
5/28/2021,DSFI,70,70,68,69,1829200
5/28/2021,DSNG,520,525,510,520,21310100
5/28/2021,DSSA,11500,11500,11000,11000,400
5/28/2021,DUCK,162,168,158,160,22441000
5/28/2021,DUTI,3600,3600,3600,3600,500
5/28/2021,DVLA,2320,2370,2310,2360,3700
5/28/2021,DWGL,183,183,170,183,94800
5/28/2021,DWGL-W,34,34,31,33,279400
5/28/2021,DYAN,77,78,76,77,1751900
5/28/2021,EAST,68,69,67,67,1044400
5/28/2021,EAST-W,9,10,9,10,7577600
5/28/2021,ECII,1050,1050,1050,1050,0
5/28/2021,EDGE,10750,10925,10400,10925,10100
5/28/2021,EKAD,1285,1295,1285,1285,183600
5/28/2021,ELSA,304,308,300,302,22978700
5/28/2021,ELTY,50,50,50,50,0
5/28/2021,EMDE,196,200,196,200,10100
5/28/2021,EMTK,2440,2440,2330,2360,29271800
5/28/2021,ENRG,105,106,102,104,24412000
5/28/2021,ENVY,50,50,50,50,0
5/28/2021,ENZO,50,50,50,50,434000
5/28/2021,ENZO-W,15,17,14,17,18192900
5/28/2021,EPAC,50,51,50,50,1491500
5/28/2021,EPMT,2450,2490,2440,2490,1433800
5/28/2021,ERAA,610,610,585,590,82678700
5/28/2021,ERTX,180,186,179,184,64800
5/28/2021,ESIP,67,73,67,71,2585400
5/28/2021,ESIP-W,11,13,11,12,1592200
5/28/2021,ESSA,354,358,340,346,23110300
5/28/2021,ESTA,101,103,99,99,227600
5/28/2021,ESTI,98,99,96,98,532600
5/28/2021,ETWA,62,62,62,62,0
5/28/2021,EXCL,2390,2410,2310,2360,32188200
5/28/2021,FAPA,2690,2690,2660,2680,1100
5/28/2021,FAST,1020,1020,1015,1020,14700
5/28/2021,FASW,7600,7600,7600,7600,0
5/28/2021,FILM,446,448,418,418,26699200
5/28/2021,FIMP,54,55,52,55,2073700
5/28/2021,FIMP-W,19,22,19,20,1976000
5/28/2021,FIRE,476,500,476,480,1237300
5/28/2021,FISH,3560,3560,3560,3560,0
5/28/2021,FITT,164,174,160,164,4057700
5/28/2021,FITT-W,50,54,49,50,1355000
5/28/2021,FMII,650,650,580,580,6700
5/28/2021,FOOD,104,108,104,104,4309700
5/28/2021,FORU,185,185,173,182,40300
5/28/2021,FORZ,50,50,50,50,700
5/28/2021,FPNI,214,238,214,230,4275000
5/28/2021,FREN,91,93,88,89,1236830700
5/28/2021,FREN-W,34,35,32,32,6405200
5/28/2021,FREN-W2,52,56,52,55,245023000
5/28/2021,FUJI,185,246,185,210,1821800
5/28/2021,GAMA,50,50,50,50,100
5/28/2021,GDST,124,131,122,122,18501500
5/28/2021,GDYR,1510,1560,1510,1560,53000
5/28/2021,GEMA,340,340,340,340,0
5/28/2021,GEMS,3750,3750,3670,3730,31400
5/28/2021,GGRM,32900,33150,32825,32900,762800
5/28/2021,GGRP,446,450,416,416,35700
5/28/2021,GHON,2190,2190,2050,2050,14900
5/28/2021,GIAA,282,284,266,272,20485400
5/28/2021,GJTL,870,880,865,875,4374400
5/28/2021,GLOB,230,290,216,290,235100
5/28/2021,GLVA,320,322,318,322,5100
5/28/2021,GMFI,103,106,102,103,1238200
5/28/2021,GMTD,16725,16725,16725,16725,0
5/28/2021,GOLD,278,286,278,286,5000
5/28/2021,GOLL,50,50,50,50,0
5/28/2021,GOOD,1700,1705,1660,1680,1582000
5/28/2021,GPRA,61,64,61,62,1936300
5/28/2021,GSMF,130,168,128,132,30541600
5/28/2021,GTBO,75,75,75,75,0
5/28/2021,GWSA,127,128,125,125,447600
5/28/2021,GZCO,50,50,50,50,400
5/28/2021,HADE,50,50,50,50,0
5/28/2021,HDFA,115,115,115,115,2200
5/28/2021,HDIT,238,272,232,272,8398500
5/28/2021,HDTX,120,120,120,120,0
5/28/2021,HEAL,4660,4700,4530,4600,705700
5/28/2021,HELI,344,356,336,336,9800
5/28/2021,HERO,1500,1730,1415,1730,5242600
5/28/2021,HEXA,3590,3690,3560,3600,257600
5/28/2021,HITS,402,402,392,400,11200
5/28/2021,HKMU,80,83,80,80,11563100
5/28/2021,HMSP,1300,1300,1260,1275,31952500
5/28/2021,HOKI,206,210,204,206,24264700
5/28/2021,HOME,50,50,50,50,0
5/28/2021,HOMI,2420,2500,2400,2450,950900
5/28/2021,HOPE,274,326,248,266,117880800
5/28/2021,HOPE-W,18,21,17,18,228188000
5/28/2021,HOTL,50,50,50,50,200
5/28/2021,HRME,53,54,52,53,6908100
5/28/2021,HRTA,206,208,202,206,5532800
5/28/2021,HRUM,5200,5350,5100,5150,3310900
5/28/2021,IATA,50,50,50,50,1700
5/28/2021,IBFN,170,178,169,178,217100
5/28/2021,IBFN-W,17,17,16,16,297500
5/28/2021,IBST,9900,9900,9250,9250,700
5/28/2021,ICBP,8275,8300,8050,8125,7763900
5/28/2021,ICON,105,106,100,101,1423100
5/28/2021,IDPR,178,178,174,175,32400
5/28/2021,IFII,141,141,139,140,223800
5/28/2021,IFSH,1125,1130,1125,1130,1800
5/28/2021,IGAR,354,354,348,350,8800
5/28/2021,IIKP,50,50,50,50,0
5/28/2021,IKAI,50,50,50,50,200300
5/28/2021,IKAN,117,126,115,120,58804200
5/28/2021,IKBI,236,236,236,236,0
5/28/2021,IMAS,970,1000,945,945,2740900
5/28/2021,IMJS,322,326,318,318,944100
5/28/2021,IMPC,1730,1745,1725,1730,1231600
5/28/2021,INAF,2180,2180,2170,2170,271800
5/28/2021,INAI,340,340,330,330,14600
5/28/2021,INCF,102,105,99,99,251300
5/28/2021,INCI,840,1000,840,900,513200
5/28/2021,INCO,4720,4770,4650,4680,30850500
5/28/2021,INDF,6225,6300,6125,6225,11134300
5/28/2021,INDO,130,134,126,129,418300
5/28/2021,INDO-W,70,70,66,70,51900
5/28/2021,INDR,4650,4740,4500,4690,8200
5/28/2021,INDS,1800,1800,1775,1795,11800
5/28/2021,INDX,121,121,113,113,6179100
5/28/2021,INDY,1320,1325,1265,1275,9484800
5/28/2021,INKP,8500,8650,8250,8375,6003200
5/28/2021,INOV,165,165,160,164,146000
5/28/2021,INPC,166,183,160,175,117289200
5/28/2021,INPC-W,62,70,56,64,71438700
5/28/2021,INPP,750,750,750,750,800
5/28/2021,INPS,1425,1505,1425,1505,4300
5/28/2021,INRU,830,990,830,850,11000
5/28/2021,INTA,167,170,159,166,96900
5/28/2021,INTD,196,197,186,197,174000
5/28/2021,INTP,11600,11975,11600,11925,2182500
5/28/2021,IPCC,515,545,510,530,8673700
5/28/2021,IPCM,282,292,276,290,2189300
5/28/2021,IPOL,171,172,168,171,6117900
5/28/2021,IPTV,238,246,232,232,58713400
5/28/2021,IPTV-W,31,35,29,31,9422500
5/28/2021,IRRA,1545,1575,1515,1540,6084300
5/28/2021,ISAT,6225,6375,6200,6250,1912700
5/28/2021,ISSP,290,304,278,286,83324500
5/28/2021,ITIC,496,498,492,496,734400
5/28/2021,ITMA,545,550,545,550,2400
5/28/2021,ITMA-W,72,83,52,78,9300
5/28/2021,ITMG,13025,13300,12900,12975,2974300
5/28/2021,JAST,141,143,136,140,5206600
5/28/2021,JAWA,147,148,137,137,7976000
5/28/2021,JAYA,117,125,117,121,10766600
5/28/2021,JECC,5575,5575,5575,5575,0
5/28/2021,JGLE,50,50,50,50,0
5/28/2021,JIHD,440,440,440,440,100
5/28/2021,JKON,178,178,176,178,37500
5/28/2021,JKSW,60,60,60,60,0
5/28/2021,JMAS,162,163,155,160,86700
5/28/2021,JPFA,1985,2040,1970,2030,13498600
5/28/2021,JRPT,520,530,515,530,583700
5/28/2021,JSKY,133,134,127,127,50048200
5/28/2021,JSMR,3890,3890,3850,3880,1876900
5/28/2021,JSPT,805,805,805,805,0
5/28/2021,JTPE,1215,1215,1215,1215,139800
5/28/2021,KAEF,2420,2450,2400,2430,676500
5/28/2021,KARW,122,125,118,119,2459700
5/28/2021,KAYU,73,75,70,70,11194800
5/28/2021,KBAG,50,50,50,50,112200
5/28/2021,KBAG-W,8,8,7,7,13934600
5/28/2021,KBLI,334,342,334,340,159900
5/28/2021,KBLM,202,210,200,204,68100
5/28/2021,KBLV,416,416,416,416,5300
5/28/2021,KBRI,50,50,50,50,0
5/28/2021,KDSI,885,885,845,845,2500
5/28/2021,KEEN,416,430,408,416,2919600
5/28/2021,KEJU,1155,1320,1155,1250,107500
5/28/2021,KIAS,50,50,50,50,227000
5/28/2021,KICI,266,268,260,260,14600
5/28/2021,KIJA,187,191,185,185,5749800
5/28/2021,KINO,2200,2220,2130,2200,747200
5/28/2021,KIOS,910,935,850,850,24489500
5/28/2021,KJEN,535,535,510,510,800
5/28/2021,KKGI,256,256,248,256,227300
5/28/2021,KLBF,1430,1440,1415,1440,24377200
5/28/2021,KMDS,500,500,480,496,16000
5/28/2021,KMTR,424,424,410,420,97200
5/28/2021,KOBX,187,197,179,193,22592500
5/28/2021,KOIN,164,169,161,161,157500
5/28/2021,KONI,1810,1920,1680,1680,42300
5/28/2021,KOPI,550,550,515,550,18300
5/28/2021,KOTA,204,206,190,194,105380700
5/28/2021,KOTA-W,185,185,133,136,7900
5/28/2021,KPAL,50,50,50,50,7400
5/28/2021,KPAS,75,75,65,65,3846300
5/28/2021,KPAS-W,17,18,15,16,1676600
5/28/2021,KPIG,112,126,108,111,553632600
5/28/2021,KRAH,436,436,436,436,0
5/28/2021,KRAS,625,630,615,625,15590900
5/28/2021,KREN,144,145,133,133,45268100
5/28/2021,LAND,108,108,103,103,1741300
5/28/2021,LAPD,50,50,50,50,0
5/28/2021,LCGP,114,114,114,114,0
5/28/2021,LCKM,290,290,290,290,11200
5/28/2021,LEAD,50,50,50,50,8700
5/28/2021,LFLO,101,103,100,100,971300
5/28/2021,LFLO-W,9,10,8,9,7466100
5/28/2021,LIFE,5100,5100,5100,5100,1900
5/28/2021,LINK,4030,4090,3870,4090,4954300
5/28/2021,LION,402,404,376,400,3000
5/28/2021,LMAS,50,50,50,50,2200
5/28/2021,LMPI,147,159,144,144,2239300
5/28/2021,LMSH,1025,1025,1025,1025,4100
5/28/2021,LPCK,1030,1050,1000,1005,852100
5/28/2021,LPGI,3550,3730,3550,3730,600
5/28/2021,LPIN,266,314,266,314,5508200
5/28/2021,LPKR,157,161,151,152,76511900
5/28/2021,LPLI,208,210,194,194,628100
5/28/2021,LPPF,1760,1765,1720,1735,6809700
5/28/2021,LPPS,118,118,111,117,3071400
5/28/2021,LRNA,194,194,187,194,115600
5/28/2021,LSIP,1200,1215,1185,1190,16827500
5/28/2021,LTLS,560,560,535,540,685000
5/28/2021,LUCK,308,308,262,270,93373900
5/28/2021,LUCY,41,45,40,45,26408700
5/28/2021,LUCY-W,14,15,13,14,13404900
5/28/2021,MABA,50,50,50,50,0
5/28/2021,MAGP,50,50,50,50,100
5/28/2021,MAIN,895,900,870,875,4265900
5/28/2021,MAMI,50,50,50,50,300000
5/28/2021,MAMI-W,7,7,6,7,3650600
5/28/2021,MAMIP,600,600,600,600,0
5/28/2021,MAPA,2190,2240,2180,2240,636600
5/28/2021,MAPB,1400,1455,1400,1435,800
5/28/2021,MAPI,710,725,685,690,17486000
5/28/2021,MARI,316,318,306,310,107646800
5/28/2021,MARK,930,945,925,935,3562300
5/28/2021,MASA,1360,1360,1360,1360,0
5/28/2021,MAYA,1900,1920,1840,1900,150300
5/28/2021,MBAP,3050,3050,2990,3030,169100
5/28/2021,MBSS,476,476,468,472,643700
5/28/2021,MBTO,125,137,125,133,10900
5/28/2021,MCAS,6425,6425,6225,6225,359300
5/28/2021,MCOR,135,141,133,136,102278400
5/28/2021,MDIA,53,54,52,53,5299700
5/28/2021,MDKA,2660,2670,2480,2600,72057000
5/28/2021,MDKI,214,214,210,212,724900
5/28/2021,MDLN,51,51,51,51,0
5/28/2021,MDRN,50,50,50,50,100
5/28/2021,MEDC,710,715,680,680,34486000
5/28/2021,MEGA,8500,8500,8075,8475,26500
5/28/2021,MERK,3250,3260,3170,3170,11300
5/28/2021,META,132,132,130,130,1088000
5/28/2021,MFIN,1195,1200,1185,1200,13400
5/28/2021,MFMI,620,625,615,615,14100
5/28/2021,MGNA,50,50,50,50,0
5/28/2021,MGRO,715,715,705,715,2821000
5/28/2021,MICE,356,360,342,356,1046100
5/28/2021,MIDI,2010,2010,1910,1930,13000
5/28/2021,MIKA,2620,2620,2540,2560,22885600
5/28/2021,MINA,64,69,64,66,4303600
5/28/2021,MIRA,50,50,50,50,200
5/28/2021,MITI,63,63,63,63,0
5/28/2021,MKNT,50,50,50,50,4411900
5/28/2021,MKPI,25800,25800,25800,25800,0
5/28/2021,MLBI,8750,8750,8625,8700,15600
5/28/2021,MLIA,1040,1100,1030,1070,5905600
5/28/2021,MLPL,505,520,470,470,466051600
5/28/2021,MLPT,1335,1370,1280,1355,144200
5/28/2021,MMLP,422,430,420,420,3599400
5/28/2021,MNCN,960,965,935,940,18334100
5/28/2021,MOLI,970,990,940,980,24700
5/28/2021,MPMX,825,880,815,865,88319500
5/28/2021,MPOW,115,116,113,113,3104400
5/28/2021,MPPA,1110,1125,1035,1060,99365700
5/28/2021,MPRO,590,645,590,640,2600
5/28/2021,MRAT,210,210,206,208,64000
5/28/2021,MREI,4950,4950,4950,4950,0
5/28/2021,MSIN,170,178,158,160,44882300
5/28/2021,MSKY,650,650,630,650,14800
5/28/2021,MTDL,1700,1710,1700,1705,4739000
5/28/2021,MTFN,50,50,50,50,100
5/28/2021,MTLA,418,426,418,426,25200
5/28/2021,MTPS,131,139,130,138,3037800
5/28/2021,MTRA,244,244,244,244,0
5/28/2021,MTSM,183,198,162,190,36900
5/28/2021,MTWI,127,152,127,150,36397000
5/28/2021,MYOH,1425,1460,1415,1440,60900
5/28/2021,MYOR,2600,2610,2550,2600,1619900
5/28/2021,MYRX,50,50,50,50,0
5/28/2021,MYRXP,50,50,50,50,0
5/28/2021,MYTX,119,121,110,112,2840400
5/28/2021,NASA,104,104,104,104,0
5/28/2021,NATO,525,530,492,520,300911200
5/28/2021,NATO-W,300,300,300,300,0
5/28/2021,NELY,232,250,230,250,10911100
5/28/2021,NFCX,4990,5350,4990,5125,2591400
5/28/2021,NICK,268,268,260,268,2690400
5/28/2021,NIKL,1160,1200,1150,1160,3221700
5/28/2021,NIPS,282,282,282,282,0
5/28/2021,NIRO,156,156,141,150,6200
5/28/2021,NISP,810,810,800,805,263600
5/28/2021,NOBU,940,950,905,935,827200
5/28/2021,NPGF,81,90,81,86,4799900
5/28/2021,NRCA,310,320,310,314,564800
5/28/2021,NUSA,50,50,50,50,0
5/28/2021,NZIA,138,140,130,132,443800
5/28/2021,OASA,290,310,266,282,2593200
5/28/2021,OCAP,159,159,159,159,0
5/28/2021,OKAS,90,91,88,89,3145900
5/28/2021,OMRE,1160,1160,1080,1080,2300
5/28/2021,OPMS,740,750,700,710,14357400
5/28/2021,PADI,50,50,50,50,30700
5/28/2021,PALM,354,366,354,364,1625800
5/28/2021,PAMG,82,82,79,81,554500
5/28/2021,PANI,111,115,111,111,2000
5/28/2021,PANR,120,122,120,121,297700
5/28/2021,PANS,1200,1225,1190,1205,316900
5/28/2021,PBID,1760,1770,1670,1680,1819100
5/28/2021,PBRX,153,154,151,152,2707600
5/28/2021,PBSA,490,500,484,484,9200
5/28/2021,PCAR,250,264,244,260,22400
5/28/2021,PDES,304,304,304,304,25800
5/28/2021,PEGE,132,144,123,136,27800
5/28/2021,PEHA,1225,1245,1215,1215,85400
5/28/2021,PGAS,1130,1165,1115,1130,238325700
5/28/2021,PGJO,49,49,48,49,10200
5/28/2021,PGLI,180,180,170,177,1700
5/28/2021,PGUN,250,254,238,238,4200
5/28/2021,PICO,140,141,138,140,99700
5/28/2021,PJAA,540,540,520,520,238700
5/28/2021,PKPK,78,78,71,72,23912600
5/28/2021,PLAN,29,30,29,30,3990300
5/28/2021,PLAN-W,9,9,8,9,4437800
5/28/2021,PLAS,50,50,50,50,0
5/28/2021,PLIN,2450,2450,2450,2450,0
5/28/2021,PMJS,119,130,119,125,362200
5/28/2021,PMMP,394,398,378,380,19422000
5/28/2021,PNBN,865,880,865,865,1564100
5/28/2021,PNBS,123,126,117,122,302369900
5/28/2021,PNGO,1450,1450,1450,1450,0
5/28/2021,PNIN,740,750,735,745,924900
5/28/2021,PNLF,184,191,182,190,39087000
5/28/2021,PNSE,448,448,448,448,800
5/28/2021,POLA,140,189,135,189,2555800
5/28/2021,POLA-W,75,110,55,107,1020700
5/28/2021,POLI,1355,1355,1355,1355,1100
5/28/2021,POLL,1840,1845,1700,1760,5854100
5/28/2021,POLU,374,420,352,420,4800
5/28/2021,POLY,61,63,61,62,1391700
5/28/2021,POOL,50,50,50,50,0
5/28/2021,PORT,505,540,470,472,4900
5/28/2021,POSA,50,50,50,50,0
5/28/2021,POWR,680,685,675,675,1142700
5/28/2021,PPGL,67,68,65,65,1949900
5/28/2021,PPGL-W,12,12,10,11,3810600
5/28/2021,PPRE,183,184,180,182,6610100
5/28/2021,PPRO,92,92,89,91,186994700
5/28/2021,PRAS,148,157,148,148,29100
5/28/2021,PRDA,4370,4480,4250,4300,341500
5/28/2021,PRIM,270,294,240,240,12747000
5/28/2021,PSAB,196,198,195,195,10725300
5/28/2021,PSDN,177,178,177,178,268800
5/28/2021,PSGO,117,118,117,117,51600
5/28/2021,PSKT,50,50,50,50,100
5/28/2021,PSSI,272,290,270,288,4635100
5/28/2021,PTBA,2190,2210,2170,2190,10980900
5/28/2021,PTDU,2450,2560,2450,2510,7761700
5/28/2021,PTIS,262,310,262,290,44600
5/28/2021,PTPP,1115,1130,1090,1095,16437300
5/28/2021,PTPW,1195,1220,1190,1220,439000
5/28/2021,PTRO,2020,2030,1965,1990,550300
5/28/2021,PTSN,210,212,199,204,4731500
5/28/2021,PTSP,5600,5600,5600,5600,0
5/28/2021,PUDP,220,232,216,216,600
5/28/2021,PURA,135,148,135,146,681192700
5/28/2021,PURA-W,32,34,32,33,11505300
5/28/2021,PURE,106,107,104,104,3021200
5/28/2021,PURI,386,386,386,386,0
5/28/2021,PWON,500,505,496,498,36577800
5/28/2021,PYFA,955,955,950,955,338700
5/28/2021,PZZA,700,710,695,705,210500
5/28/2021,R-ABFII,28600,28600,28600,28600,0
5/28/2021,R-LQ45X,925,925,920,920,20300
5/28/2021,RAJA,232,232,224,224,13175700
5/28/2021,RALS,660,665,640,660,39068400
5/28/2021,RANC,800,805,760,780,9577800
5/28/2021,RBMS,51,51,50,50,4061700
5/28/2021,RDTX,7700,7700,7700,7700,3800
5/28/2021,REAL,50,50,50,50,1224400
5/28/2021,RELI,326,326,326,326,0
5/28/2021,RICY,94,94,88,89,983100
5/28/2021,RIGS,208,210,204,206,221300
5/28/2021,RIMO,50,50,50,50,0
5/28/2021,RISE,442,444,436,436,346200
5/28/2021,RMBA,282,282,278,280,1200
5/28/2021,ROCK,484,540,484,515,1500
5/28/2021,RODA,79,85,79,84,5982500
5/28/2021,RONY,154,159,152,159,1600
5/28/2021,ROTI,1350,1365,1350,1360,102000
5/28/2021,RUIS,236,238,236,238,85900
5/28/2021,SAFE,200,218,200,200,29400
5/28/2021,SAME,535,540,515,525,34848500
5/28/2021,SAMF,1900,1900,1900,1900,0
5/28/2021,SAPX,1070,1090,1060,1080,147900
5/28/2021,SATU,50,50,50,50,21800
5/28/2021,SBAT,50,50,50,50,4904300
5/28/2021,SBAT-W,9,10,8,9,3144600
5/28/2021,SCCO,11400,11400,11400,11400,3100
5/28/2021,SCMA,1460,1575,1460,1575,32955600
5/28/2021,SCNP,246,250,244,246,999500
5/28/2021,SCPI,29000,29000,29000,29000,0
5/28/2021,SDMU,50,50,50,50,641800
5/28/2021,SDPC,131,131,131,131,61700
5/28/2021,SDRA,670,685,665,680,69700
5/28/2021,SFAN,1305,1305,1300,1305,365000
5/28/2021,SGER,292,294,278,282,1808400
5/28/2021,SGER-W,230,230,126,170,517200
5/28/2021,SGRO,1895,1895,1825,1850,67900
5/28/2021,SHID,2580,2580,2580,2580,12300
5/28/2021,SHIP,710,715,665,665,1399000
5/28/2021,SIDO,770,775,765,765,4986300
5/28/2021,SILO,8425,8500,8350,8450,232200
5/28/2021,SIMA,50,50,50,50,0
5/28/2021,SIMP,515,520,500,520,9678200
5/28/2021,SINI,354,354,318,334,5300
5/28/2021,SINI-W,258,258,242,242,500
5/28/2021,SIPD,1350,1350,1350,1350,0
5/28/2021,SKBM,334,338,334,334,2200
5/28/2021,SKLT,2250,2300,2250,2300,500
5/28/2021,SKRN,645,680,635,665,3629700
5/28/2021,SKYB,51,51,51,51,0
5/28/2021,SLIS,9500,9600,9500,9575,15600
5/28/2021,SMAR,4510,4510,4510,4510,1200
5/28/2021,SMBR,705,710,685,690,4856700
5/28/2021,SMCB,1710,1730,1700,1700,6300
5/28/2021,SMDM,129,129,124,129,77700
5/28/2021,SMDR,520,525,484,494,8545200
5/28/2021,SMGR,9500,9675,9375,9650,2720600
5/28/2021,SMKL,200,210,200,210,1258900
5/28/2021,SMKL-W,14,15,14,15,104300
5/28/2021,SMMA,11500,11500,11500,11500,2500
5/28/2021,SMMT,99,102,98,99,1097300
5/28/2021,SMRA,910,915,895,905,9095300
5/28/2021,SMRU,50,50,50,50,0
5/28/2021,SMSM,1200,1200,1180,1180,636700
5/28/2021,SNLK,795,805,765,800,12805100
5/28/2021,SOCI,226,228,216,220,31587800
5/28/2021,SOFA,96,96,92,95,4600
5/28/2021,SOFA-W,6,7,5,6,4508400
5/28/2021,SOHO,4800,4800,4700,4770,2800
5/28/2021,SONA,5475,5475,5475,5475,0
5/28/2021,SOSS,440,440,376,384,17700
5/28/2021,SOSS-W,50,56,38,38,404500
5/28/2021,SOTS,530,550,520,545,4688500
5/28/2021,SOTS-W,79,83,68,82,1700
5/28/2021,SPMA,520,545,520,545,378000
5/28/2021,SPTO,458,482,456,460,2203900
5/28/2021,SQMI,310,312,302,310,2556800
5/28/2021,SRAJ,158,159,157,159,46500
5/28/2021,SRIL,146,146,146,146,0
5/28/2021,SRSN,58,59,57,58,3682700
5/28/2021,SRTG,1110,1120,1075,1090,12691900
5/28/2021,SSIA,422,426,420,424,5644300
5/28/2021,SSMS,865,870,855,870,5484800
5/28/2021,SSTM,430,430,404,404,5000
5/28/2021,STAR,102,103,99,103,37800
5/28/2021,STTP,6850,6850,6750,6850,300
5/28/2021,SUGI,50,50,50,50,0
5/28/2021,SULI,50,50,50,50,310600
5/28/2021,SUPR,7750,7750,7225,7225,2000
5/28/2021,SURE,2000,2000,2000,2000,0
5/28/2021,SWAT,88,91,88,91,183200
5/28/2021,TALF,282,288,282,288,1100
5/28/2021,TAMA,50,58,50,58,63388300
5/28/2021,TAMA-W,13,15,12,14,9986700
5/28/2021,TAMU,50,50,50,50,40100
5/28/2021,TAPG,740,750,730,735,95267600
5/28/2021,TARA,50,50,50,50,3300
5/28/2021,TAXI,50,50,50,50,2000
5/28/2021,TBIG,2490,2490,2310,2390,80765100
5/28/2021,TBLA,860,860,840,855,1533300
5/28/2021,TBMS,1540,1545,1485,1540,10000
5/28/2021,TCID,6150,6150,6125,6125,2500
5/28/2021,TCPI,8125,8175,8100,8100,10061400
5/28/2021,TDPM,119,119,119,119,0
5/28/2021,TEBE,452,452,428,428,16600
5/28/2021,TECH,1670,1670,1670,1670,103800
5/28/2021,TELE,121,121,121,121,0
5/28/2021,TFAS,2900,2900,2900,2900,0
5/28/2021,TFCO,830,830,780,780,20000
5/28/2021,TGKA,8200,8200,7800,8050,3300
5/28/2021,TGRA,126,126,124,124,14576200
5/28/2021,TIFA,980,1010,980,980,47100
5/28/2021,TINS,1575,1610,1560,1575,66749200
5/28/2021,TIRA,250,250,234,248,10400
5/28/2021,TIRT,50,50,50,50,62500
5/28/2021,TKIM,9175,9250,8825,8925,6820600
5/28/2021,TLKM,3380,3400,3260,3270,87439800
5/28/2021,TMAS,296,324,276,290,11092700
5/28/2021,TMPO,138,138,135,135,12400
5/28/2021,TNCA,340,346,330,330,222600
5/28/2021,TOBA,498,498,492,492,45300
5/28/2021,TOPS,50,50,50,50,300
5/28/2021,TOTL,314,316,312,312,380700
5/28/2021,TOTO,210,212,208,210,79000
5/28/2021,TOWR,1240,1245,1170,1175,62633000
5/28/2021,TOYS,151,157,150,154,15347900
5/28/2021,TOYS-W,15,17,15,15,5547200
5/28/2021,TPIA,7675,7700,7500,7575,1649100
5/28/2021,TPMA,1025,1025,1025,1025,5000
5/28/2021,TRAM,50,50,50,50,0
5/28/2021,TRIL,50,50,50,50,0
5/28/2021,TRIM,133,134,128,133,480500
5/28/2021,TRIN,156,156,152,153,672200
5/28/2021,TRIN-W,17,17,15,16,5173800
5/28/2021,TRIO,426,426,426,426,0
5/28/2021,TRIS,145,159,145,154,3628200
5/28/2021,TRIS-W,60,60,60,60,0
5/28/2021,TRJA,168,168,165,167,151600
5/28/2021,TRST,470,470,468,468,200
5/28/2021,TRUK,91,99,91,92,15405000
5/28/2021,TRUS,294,300,290,290,1600
5/28/2021,TSPC,1505,1520,1495,1495,1078000
5/28/2021,TUGU,1500,1500,1500,1500,100
5/28/2021,TURI,1215,1250,1180,1180,490700
5/28/2021,UANG,510,510,488,510,1300
5/28/2021,UCID,1555,1560,1540,1540,35900
5/28/2021,UFOE,1000,1000,990,995,200100
5/28/2021,ULTJ,1550,1555,1540,1545,206100
5/28/2021,UNIC,7300,7300,7000,7300,2400
5/28/2021,UNIQ,102,103,100,102,5203600
5/28/2021,UNIT,316,316,316,316,0
5/28/2021,UNSP,112,112,105,108,1332400
5/28/2021,UNTR,21500,22075,21500,21825,3131800
5/28/2021,UNVR,5850,5850,5625,5775,26276900
5/28/2021,URBN,430,440,402,436,78900
5/28/2021,URBN-W,31,37,30,34,4342100
5/28/2021,VICI,358,360,354,358,3418100
5/28/2021,VICO,129,129,126,126,749800
5/28/2021,VINS,98,112,98,104,3834700
5/28/2021,VIVA,54,57,54,55,25188600
5/28/2021,VOKS,206,206,202,202,8200
5/28/2021,VRNA,174,175,169,174,932800
5/28/2021,WAPO,107,110,103,107,2027000
5/28/2021,WEGE,199,202,194,196,14726600
5/28/2021,WEHA,70,71,69,69,1039500
5/28/2021,WICO,430,430,430,430,100
5/28/2021,WIFI,1090,1105,1085,1100,47546300
5/28/2021,WIFI-W,530,585,500,530,177400
5/28/2021,WIIM,690,720,675,680,19656300
5/28/2021,WIKA,1230,1240,1200,1205,14172200
5/28/2021,WINS,142,145,131,131,94504800
5/28/2021,WMUU,197,198,195,197,17667700
5/28/2021,WOMF,244,244,240,242,133600
5/28/2021,WOOD,795,805,775,780,11895100
5/28/2021,WOWS,50,51,50,50,16042900
5/28/2021,WSBP,181,183,169,176,16757100
5/28/2021,WSKT,1035,1045,1015,1025,14599400
5/28/2021,WTON,288,296,282,284,2573800
5/28/2021,XAFA,1068,1068,1068,1068,0
5/28/2021,XAQA,847,847,847,847,0
5/28/2021,XBES,864,864,864,864,0
5/28/2021,XBID,484,484,484,484,0
5/28/2021,XBIN,449,449,449,449,0
5/28/2021,XBLQ,430,430,430,430,0
5/28/2021,XBNI,947,947,947,947,1000
5/28/2021,XBSK,354,354,354,354,0
5/28/2021,XCID,86,86,83,84,15700
5/28/2021,XCIS,105,105,105,105,0
5/28/2021,XCLQ,89,91,89,91,1800
5/28/2021,XDIF,439,439,439,439,0
5/28/2021,XDSG,888,888,888,888,0
5/28/2021,XIFE,97,97,95,95,2300
5/28/2021,XIHD,434,436,433,433,900
5/28/2021,XIIC,933,933,933,933,0
5/28/2021,XIID,474,474,466,473,1900
5/28/2021,XIIF,527,527,520,520,2900
5/28/2021,XIIT,490,490,480,487,118800
5/28/2021,XIJI,565,573,562,565,28900
5/28/2021,XILV,107,107,104,104,2400
5/28/2021,XIML,244,244,244,244,0
5/28/2021,XIPI,163,165,163,165,3900
5/28/2021,XISB,398,398,398,398,0
5/28/2021,XISC,674,679,670,670,1900
5/28/2021,XISI,315,315,312,312,7600
5/28/2021,XISR,352,352,350,350,8400
5/28/2021,XKIV,450,450,450,450,0
5/28/2021,XKMS,976,976,971,973,400
5/28/2021,XMIG,164,164,164,164,0
5/28/2021,XMJM,1001,1001,1001,1001,0
5/28/2021,XMTS,432,432,431,431,900
5/28/2021,XNVE,138,138,135,138,1100
5/28/2021,XPCR,832,832,832,832,0
5/28/2021,XPDV,419,419,419,419,1200
5/28/2021,XPES,349,349,349,349,600
5/28/2021,XPFT,481,481,481,481,0
5/28/2021,XPID,474,474,474,474,0
5/28/2021,XPLC,411,411,411,411,0
5/28/2021,XPLQ,448,448,448,448,0
5/28/2021,XPMI,845,845,845,845,0
5/28/2021,XPSG,368,368,368,368,0
5/28/2021,XPTD,476,476,476,476,0
5/28/2021,XSBC,100,100,100,100,200
5/28/2021,XSMU,126,126,126,126,100
5/28/2021,XSPI,750,750,750,750,0
5/28/2021,XSRI,172,172,172,172,0
5/28/2021,XSSI,80,80,80,80,2500
5/28/2021,XSSK,584,584,584,584,0
5/28/2021,YELO,110,112,107,108,5436800
5/28/2021,YELO-W,27,28,26,27,2700600
5/28/2021,YPAS,472,474,452,452,5900
5/28/2021,YULE,432,458,430,432,1100
5/28/2021,ZBRA,995,1005,955,995,1250200
5/28/2021,ZINC,129,133,128,129,279087200
5/28/2021,ZONE,410,416,408,416,205200
5/28/2021,ZYRX,494,555,476,540,37650900
5/28/2021,ZYRX-W,54,67,52,63,26369000
