<date>,<ticker>,<open>,<high>,<low>,<close>,<volume>
12/22/2021,IHSG,6572.535,6592.167,6529.593,6529.593,217011335
12/22/2021,AALI,9750,9750,9600,9600,935600
12/22/2021,ABBA,388,394,382,388,3840700
12/22/2021,ABDA,6125,6125,6125,6125,100
12/22/2021,ABMM,1450,1465,1415,1425,3626400
12/22/2021,ACES,1310,1320,1295,1305,2633900
12/22/2021,ACST,226,228,220,222,9185100
12/22/2021,ADES,3180,3400,3170,3270,321600
12/22/2021,ADHI,935,940,905,905,18890100
12/22/2021,ADMF,7700,7725,7550,7575,323400
12/22/2021,ADMG,199,202,198,200,234800
12/22/2021,ADRO,2190,2190,2090,2150,191706000
12/22/2021,AGAR,320,348,320,336,12900
12/22/2021,AGII,1755,1815,1730,1745,15326900
12/22/2021,AGRO,1980,2010,1970,1970,23908200
12/22/2021,AGRS,176,177,170,171,37586400
12/22/2021,AHAP,73,76,72,73,12964000
12/22/2021,AIMS,406,406,392,396,623800
12/22/2021,AISA,202,204,200,202,5526900
12/22/2021,AKKU,50,50,50,50,14200
12/22/2021,AKPI,1120,1120,1070,1095,47900
12/22/2021,AKRA,4240,4250,4030,4030,10720300
12/22/2021,AKSI,725,825,720,825,773900
12/22/2021,ALDO,1210,1225,1140,1140,3859500
12/22/2021,ALDO-W,348,348,280,300,869200
12/22/2021,ALKA,266,266,258,258,106300
12/22/2021,ALMI,310,336,310,334,68700
12/22/2021,ALTO,244,256,230,254,84100
12/22/2021,AMAG,342,360,338,342,274200
12/22/2021,AMAN,525,530,525,525,622100
12/22/2021,AMAR,478,478,444,444,23956000
12/22/2021,AMFG,4400,4550,4400,4460,202000
12/22/2021,AMIN,198,216,195,212,321400
12/22/2021,AMOR,1770,1770,1710,1765,634700
12/22/2021,AMRT,1205,1225,1195,1215,13444000
12/22/2021,ANDI,50,50,50,50,180100
12/22/2021,ANJT,950,950,930,950,27300
12/22/2021,ANTM,2270,2300,2250,2250,28786500
12/22/2021,APEX,755,860,755,810,1489600
12/22/2021,APIC,1110,1140,1110,1115,14408800
12/22/2021,APII,244,250,240,244,465100
12/22/2021,APLI,202,202,198,202,320900
12/22/2021,APLN,123,126,123,123,4371100
12/22/2021,ARCI,540,550,535,535,3668900
12/22/2021,ARGO,1620,1620,1535,1570,3500
12/22/2021,ARII,250,250,240,250,73700
12/22/2021,ARKA,55,64,54,57,130851300
12/22/2021,ARMY,50,50,50,50,0
12/22/2021,ARNA,820,830,820,820,376700
12/22/2021,ARTA,2130,2130,2070,2100,26500
12/22/2021,ARTI,50,50,50,50,0
12/22/2021,ARTO,15800,16625,15775,16475,45325200
12/22/2021,ASBI,306,306,300,300,1300
12/22/2021,ASDM,975,975,950,950,6600
12/22/2021,ASGR,795,825,795,810,804700
12/22/2021,ASII,5700,5775,5625,5625,33727100
12/22/2021,ASJT,139,139,136,138,302500
12/22/2021,ASMI,284,290,270,276,412800
12/22/2021,ASPI,77,83,77,82,16816000
12/22/2021,ASPI-W,19,22,19,20,1384500
12/22/2021,ASRI,164,167,163,163,12391900
12/22/2021,ASRM,1665,1665,1665,1665,100
12/22/2021,ASSA,3320,3390,3170,3210,8158200
12/22/2021,ATAP,139,151,138,143,3239500
12/22/2021,ATIC,705,715,665,710,1695600
12/22/2021,AUTO,1170,1175,1150,1150,1325100
12/22/2021,AVIA,895,915,890,910,50830800
12/22/2021,AYLS,316,338,308,322,83919700
12/22/2021,BABP,194,199,190,191,74105500
12/22/2021,BABP-W3,97,97,93,93,14000
12/22/2021,BABP-W4,130,150,130,143,81000
12/22/2021,BACA,272,276,264,268,18872900
12/22/2021,BACA-W2,10,10,10,10,0
12/22/2021,BAJA,342,344,332,334,317300
12/22/2021,BALI,895,895,880,895,665400
12/22/2021,BANK,2470,2560,2440,2480,29064000
12/22/2021,BANK-W,2290,2290,2290,2290,0
12/22/2021,BAPA,70,77,70,74,64706200
12/22/2021,BAPI,50,50,50,50,26300
12/22/2021,BAPI-W,6,7,6,7,4327200
12/22/2021,BATA,500,500,498,498,200
12/22/2021,BAYU,1060,1150,1060,1150,2200
12/22/2021,BBCA,7425,7425,7325,7325,33232000
12/22/2021,BBHI,7025,7075,6850,6875,1400200
12/22/2021,BBKP,292,298,286,288,144843100
12/22/2021,BBLD,400,400,390,390,120200
12/22/2021,BBMD,1995,2000,1960,1990,143500
12/22/2021,BBNI,6750,6775,6600,6625,18386600
12/22/2021,BBRI,4100,4110,4050,4050,104738000
12/22/2021,BBRM,50,50,50,50,14600
12/22/2021,BBSI,4280,4370,4150,4170,48300
12/22/2021,BBSS,55,55,52,53,16918100
12/22/2021,BBTN,1720,1740,1715,1720,8763200
12/22/2021,BBYB,2630,2800,2630,2790,93245000
12/22/2021,BCAP,73,74,72,73,21458000
12/22/2021,BCIC,220,224,212,214,5953400
12/22/2021,BCIP,92,97,91,92,61797100
12/22/2021,BDMN,2390,2390,2370,2380,1914600
12/22/2021,BEBS,4150,4650,4020,4620,28728600
12/22/2021,BEEF,74,85,74,80,31225100
12/22/2021,BEKS,62,65,62,65,114221200
12/22/2021,BELL,144,165,142,155,8744100
12/22/2021,BESS,1200,1200,1180,1180,102400
12/22/2021,BESS-W,920,1090,805,845,22200
12/22/2021,BEST,116,117,113,113,12046700
12/22/2021,BFIN,1100,1140,1095,1125,39291700
12/22/2021,BGTG,324,328,300,300,222054300
12/22/2021,BHAT,980,985,970,980,4037800
12/22/2021,BHIT,57,59,56,57,80914300
12/22/2021,BIKA,250,254,248,250,25900
12/22/2021,BIMA,186,188,181,182,6254900
12/22/2021,BINA,4450,4580,4250,4320,2242300
12/22/2021,BINO,143,144,140,144,2274600
12/22/2021,BINO-W,23,23,21,21,2582400
12/22/2021,BIPI,50,51,50,50,940685600
12/22/2021,BIPI-W,14,15,14,15,438200
12/22/2021,BIPP,55,55,53,54,1622600
12/22/2021,BIRD,1470,1490,1380,1380,8825700
12/22/2021,BISI,1000,1000,985,995,107400
12/22/2021,BJBR,1405,1415,1325,1350,12499200
12/22/2021,BJTM,755,760,730,740,20847500
12/22/2021,BKDP,88,88,88,88,452700
12/22/2021,BKSL,60,61,59,60,25050400
12/22/2021,BKSW,228,232,212,212,39808700
12/22/2021,BLTA,50,50,50,50,153200
12/22/2021,BLTZ,3370,3370,3370,3370,0
12/22/2021,BLUE,370,482,370,454,4591100
12/22/2021,BMAS,2190,2190,2190,2190,197000
12/22/2021,BMHS,845,845,825,830,11858600
12/22/2021,BMRI,7175,7200,7050,7050,17407200
12/22/2021,BMSR,302,304,284,298,2012800
12/22/2021,BMTR,262,266,260,262,24254400
12/22/2021,BNBA,4040,4090,3860,3920,6240500
12/22/2021,BNBR,50,50,50,50,1000
12/22/2021,BNGA,970,975,955,960,4415700
12/22/2021,BNII,340,350,336,338,5888900
12/22/2021,BNLI,1635,1635,1600,1600,138400
12/22/2021,BOBA,240,252,240,248,667100
12/22/2021,BOGA,1400,1415,1395,1395,105974200
12/22/2021,BOLA,630,635,610,620,6851100
12/22/2021,BOLT,910,1000,850,850,16100
12/22/2021,BOSS,67,68,65,67,6110100
12/22/2021,BPFI,1005,1045,1005,1010,4100
12/22/2021,BPII,6000,6000,6000,6000,0
12/22/2021,BPTR,615,615,615,615,0
12/22/2021,BRAM,12350,12350,12200,12275,2000
12/22/2021,BRIS,1785,1795,1765,1765,14002900
12/22/2021,BRMS,120,125,118,123,675110000
12/22/2021,BRNA,1170,1170,1170,1170,0
12/22/2021,BRPT,895,900,865,865,33689000
12/22/2021,BSDE,1015,1020,1000,1000,9163000
12/22/2021,BSIM,905,910,900,900,51500
12/22/2021,BSML,140,140,131,131,7602400
12/22/2021,BSSR,3830,3940,3700,3720,37400
12/22/2021,BSWD,1750,1750,1750,1750,0
12/22/2021,BTEK,50,50,50,50,500
12/22/2021,BTEL,50,50,50,50,0
12/22/2021,BTON,406,444,378,444,695400
12/22/2021,BTPN,2680,2680,2660,2680,5900
12/22/2021,BTPS,3850,3850,3710,3710,1311300
12/22/2021,BUDI,173,175,172,173,2408400
12/22/2021,BUKA,454,458,444,448,116064200
12/22/2021,BUKK,1275,1300,1205,1230,8500
12/22/2021,BULL,240,242,234,236,203377100
12/22/2021,BULL-W2,47,47,38,42,83400
12/22/2021,BUMI,67,68,65,65,191363500
12/22/2021,BUVA,60,60,60,60,0
12/22/2021,BVIC,222,222,208,208,58989500
12/22/2021,BWPT,75,76,71,73,32945800
12/22/2021,BYAN,26700,27000,26500,27000,32200
12/22/2021,CAKK,98,103,97,99,26196000
12/22/2021,CAMP,290,292,284,286,476600
12/22/2021,CANI,161,166,158,160,672900
12/22/2021,CARE,505,510,496,505,413002900
12/22/2021,CARS,50,50,50,50,100500
12/22/2021,CASA,530,535,520,525,2238600
12/22/2021,CASH,320,342,312,328,11494000
12/22/2021,CASS,490,490,460,486,13400
12/22/2021,CBMF,88,96,88,90,43233100
12/22/2021,CCSI,545,680,545,680,13389600
12/22/2021,CEKA,1905,1910,1895,1900,23100
12/22/2021,CENT,244,252,240,242,17253100
12/22/2021,CFIN,248,248,246,248,876000
12/22/2021,CINT,256,256,250,252,20400
12/22/2021,CITA,3000,3180,2880,3000,71200
12/22/2021,CITY,174,174,171,174,17500
12/22/2021,CLAY,695,695,695,695,300
12/22/2021,CLEO,448,456,442,454,5881700
12/22/2021,CLPI,1020,1020,1010,1010,49400
12/22/2021,CMNP,1455,1485,1455,1480,199500
12/22/2021,CMNP-W,440,470,440,450,115300
12/22/2021,CMNT,1100,1120,1095,1100,46378000
12/22/2021,CMPP,184,184,184,184,0
12/22/2021,CMRY,3450,3500,3410,3500,7785800
12/22/2021,CNKO,50,50,50,50,149500
12/22/2021,CNTB,250,250,250,250,0
12/22/2021,CNTX,324,326,312,312,56900
12/22/2021,COCO,300,304,278,292,36476700
12/22/2021,COCO-W,266,266,117,120,400
12/22/2021,COWL,50,50,50,50,0
12/22/2021,CPIN,5900,5950,5750,5750,4689100
12/22/2021,CPRI,50,50,50,50,0
12/22/2021,CPRI-W,12,12,12,12,0
12/22/2021,CPRO,105,110,103,105,563991900
12/22/2021,CSAP,580,585,560,575,28600
12/22/2021,CSIS,140,143,137,140,10488100
12/22/2021,CSMI,3570,3650,3540,3640,40900
12/22/2021,CSRA,488,520,488,498,1058900
12/22/2021,CTBN,2210,2210,2210,2210,100
12/22/2021,CTRA,1005,1015,985,990,16925900
12/22/2021,CTTH,51,51,50,51,1656200
12/22/2021,DADA,50,50,50,50,123100
12/22/2021,DADA-W,10,11,10,11,6737000
12/22/2021,DART,294,308,294,304,2201300
12/22/2021,DAYA,290,308,290,308,32200
12/22/2021,DCII,38100,38100,37500,37500,2000
12/22/2021,DEAL,50,50,50,50,1109600
12/22/2021,DEFI,810,810,755,755,600
12/22/2021,DEPO,490,490,482,488,5852400
12/22/2021,DEWA,50,50,50,50,97500
12/22/2021,DFAM,384,394,370,374,65100
12/22/2021,DGIK,206,222,202,216,70151900
12/22/2021,DGNS,765,775,760,760,1733000
12/22/2021,DIGI,119,121,116,116,8464000
12/22/2021,DILD,163,163,159,159,1287400
12/22/2021,DIVA,1885,1900,1860,1865,64200
12/22/2021,DKFT,121,123,120,120,3070600
12/22/2021,DLTA,3770,3770,3750,3750,61100
12/22/2021,DMAS,191,192,190,191,14122900
12/22/2021,DMMX,2600,2740,2600,2710,41709000
12/22/2021,DMND,865,865,840,840,15600
12/22/2021,DNAR,350,368,334,338,157522100
12/22/2021,DNET,3240,3250,3220,3250,9100
12/22/2021,DOID,272,276,266,266,13377900
12/22/2021,DPNS,396,402,390,400,60700
12/22/2021,DPUM,50,50,50,50,0
12/22/2021,DRMA,476,488,468,478,23772500
12/22/2021,DSFI,100,100,90,92,11517100
12/22/2021,DSNG,472,480,472,474,19752500
12/22/2021,DSSA,49000,49000,49000,49000,0
12/22/2021,DUCK,176,176,176,176,0
12/22/2021,DUTI,3390,3390,3390,3390,100
12/22/2021,DVLA,2780,2790,2770,2790,6700
12/22/2021,DWGL,183,190,176,189,31800
12/22/2021,DWGL-W,26,26,25,26,174400
12/22/2021,DYAN,78,79,75,77,11822900
12/22/2021,EAST,96,99,95,95,7665300
12/22/2021,EAST-W,12,12,11,12,3469800
12/22/2021,ECII,870,940,870,940,41600
12/22/2021,EDGE,23750,23750,23500,23750,9000
12/22/2021,EKAD,1455,1465,1455,1455,79500
12/22/2021,ELSA,278,280,272,272,21438700
12/22/2021,ELTY,50,50,50,50,2000
12/22/2021,EMDE,168,182,160,160,497300
12/22/2021,EMTK,2230,2350,2210,2250,53740300
12/22/2021,ENRG,107,108,105,106,344239800
12/22/2021,ENVY,50,50,50,50,0
12/22/2021,ENZO,50,50,50,50,295600
12/22/2021,ENZO-W,14,15,13,15,202100
12/22/2021,EPAC,58,58,54,54,50935800
12/22/2021,EPMT,2640,2650,2610,2610,53700
12/22/2021,ERAA,605,610,585,590,25723200
12/22/2021,ERTX,206,216,206,208,607400
12/22/2021,ESIP,137,141,126,132,40029500
12/22/2021,ESSA,484,505,472,474,56109500
12/22/2021,ESTA,284,300,280,284,2466400
12/22/2021,ESTI,118,127,115,119,9788700
12/22/2021,ETWA,62,62,62,62,0
12/22/2021,EXCL,3170,3170,3130,3140,2688400
12/22/2021,FAPA,3190,3200,3170,3200,104100
12/22/2021,FAST,955,985,955,985,3500
12/22/2021,FASW,7600,7600,7600,7600,0
12/22/2021,FILM,870,900,860,875,8300500
12/22/2021,FIMP,41,44,40,41,12775600
12/22/2021,FIMP-W,16,17,15,15,548700
12/22/2021,FIRE,454,472,454,462,847900
12/22/2021,FISH,7500,7500,7500,7500,100
12/22/2021,FITT,600,615,590,595,25751100
12/22/2021,FITT-W,450,450,450,450,10000
12/22/2021,FLMC,505,515,500,510,2371100
12/22/2021,FMII,408,428,382,402,1891200
12/22/2021,FOOD,118,126,118,123,4353200
12/22/2021,FORU,246,252,236,246,457600
12/22/2021,FORZ,50,50,50,50,0
12/22/2021,FPNI,222,226,220,222,1245000
12/22/2021,FREN,85,88,85,85,455978500
12/22/2021,FREN-W2,27,28,26,27,163348900
12/22/2021,FUJI,545,585,540,585,12100
12/22/2021,GAMA,50,51,50,50,2823000
12/22/2021,GDST,98,100,97,97,753300
12/22/2021,GDYR,1290,1290,1270,1270,27700
12/22/2021,GEMA,372,376,350,370,94400
12/22/2021,GEMS,6000,6950,5825,5825,333100
12/22/2021,GGRM,31075,31200,30850,30850,460800
12/22/2021,GGRP,775,785,750,785,279300
12/22/2021,GHON,2360,2360,2290,2350,1200
12/22/2021,GIAA,222,222,222,222,0
12/22/2021,GJTL,665,675,655,660,1131800
12/22/2021,GLOB,230,230,214,216,300700
12/22/2021,GLVA,280,284,276,284,162800
12/22/2021,GMFI,75,77,74,75,524800
12/22/2021,GMTD,16725,16725,16725,16725,0
12/22/2021,GOLD,392,398,374,398,14000
12/22/2021,GOLL,50,50,50,50,0
12/22/2021,GOOD,500,505,498,500,6090700
12/22/2021,GPRA,88,89,86,88,4034400
12/22/2021,GPSO,127,136,127,135,878200
12/22/2021,GPSO-W,34,34,29,34,150500
12/22/2021,GSMF,242,260,242,242,2716800
12/22/2021,GTBO,75,75,75,75,0
12/22/2021,GTSI,70,71,69,70,4827500
12/22/2021,GWSA,188,190,185,187,747100
12/22/2021,GZCO,63,64,60,60,19304800
12/22/2021,HADE,50,50,50,50,100
12/22/2021,HAIS,194,196,192,194,605800
12/22/2021,HDFA,230,238,226,234,352400
12/22/2021,HDIT,366,368,346,346,10186700
12/22/2021,HDTX,120,120,120,120,0
12/22/2021,HEAL,1030,1065,1025,1030,10260400
12/22/2021,HELI,334,344,330,338,3000
12/22/2021,HERO,1800,1810,1750,1765,45800
12/22/2021,HEXA,4560,4560,4530,4550,144200
12/22/2021,HITS,388,388,386,388,2300
12/22/2021,HKMU,55,56,54,54,57618500
12/22/2021,HMSP,965,985,965,965,9931600
12/22/2021,HOKI,187,187,183,184,2365700
12/22/2021,HOME,50,50,50,50,0
12/22/2021,HOMI,1630,1640,1620,1630,450500
12/22/2021,HOPE,86,87,84,85,3378100
12/22/2021,HOPE-W,15,16,14,16,12045100
12/22/2021,HOTL,50,50,50,50,5300
12/22/2021,HRME,54,55,53,54,2887500
12/22/2021,HRTA,214,214,210,210,3822900
12/22/2021,HRUM,10600,10650,9975,10175,9425000
12/22/2021,IATA,67,68,65,65,90280500
12/22/2021,IBFN,74,76,70,71,47400
12/22/2021,IBST,6100,6125,6100,6125,200
12/22/2021,ICBP,8750,8775,8500,8675,6189900
12/22/2021,ICON,105,108,104,105,4609100
12/22/2021,IDEA,130,134,113,117,12327400
12/22/2021,IDPR,183,198,178,195,7596800
12/22/2021,IFII,154,155,144,148,3646600
12/22/2021,IFSH,1840,1845,1835,1835,1200
12/22/2021,IGAR,450,452,438,440,97800
12/22/2021,IIKP,50,50,50,50,0
12/22/2021,IKAI,50,50,50,50,5700
12/22/2021,IKAN,93,95,90,92,5036900
12/22/2021,IKBI,248,248,244,244,5600
12/22/2021,IMAS,890,905,880,880,1146900
12/22/2021,IMJS,442,456,432,432,3073500
12/22/2021,IMPC,2800,2800,2700,2730,3784300
12/22/2021,INAF,2340,2340,2230,2250,811500
12/22/2021,INAI,304,304,300,300,15300
12/22/2021,INCF,438,438,406,418,334900
12/22/2021,INCI,580,590,580,590,14700
12/22/2021,INCO,4620,4640,4510,4510,9524600
12/22/2021,INDF,6375,6400,6300,6300,4308500
12/22/2021,INDO,106,109,102,104,11095300
12/22/2021,INDO-W,11,12,11,12,37967200
12/22/2021,INDR,4300,4330,4270,4270,119000
12/22/2021,INDS,2140,2140,2100,2100,2400
12/22/2021,INDX,140,164,139,140,160391700
12/22/2021,INDY,1585,1610,1570,1570,7414900
12/22/2021,INKP,7675,7775,7550,7550,2884800
12/22/2021,INOV,232,260,232,260,19151500
12/22/2021,INPC,138,140,134,134,7934800
12/22/2021,INPP,650,650,605,650,6000
12/22/2021,INPS,1790,1790,1790,1790,0
12/22/2021,INRU,710,770,665,715,87600
12/22/2021,INTA,82,89,78,79,750200
12/22/2021,INTD,350,358,330,330,2088700
12/22/2021,INTP,11700,11775,11450,11600,1986800
12/22/2021,IPAC,108,116,108,116,32600
12/22/2021,IPCC,525,535,520,520,2354300
12/22/2021,IPCM,302,302,296,296,1705300
12/22/2021,IPOL,174,176,173,173,1386800
12/22/2021,IPPE,280,280,218,224,76586800
12/22/2021,IPTV,186,187,181,184,13424800
12/22/2021,IRRA,2140,2160,2090,2090,10198100
12/22/2021,ISAT,5825,5875,5600,5650,5934300
12/22/2021,ISSP,412,420,406,408,14144400
12/22/2021,ITIC,292,294,288,288,608000
12/22/2021,ITMA,515,520,505,510,40800
12/22/2021,ITMA-W,90,110,85,96,22800
12/22/2021,ITMG,20500,20675,20150,20150,1422700
12/22/2021,JAST,140,182,132,182,200169300
12/22/2021,JAWA,316,338,280,298,490332700
12/22/2021,JAYA,212,228,206,228,103393600
12/22/2021,JAYA-W,61,64,59,64,10498900
12/22/2021,JECC,5550,5550,5550,5550,100
12/22/2021,JGLE,50,50,50,50,4500
12/22/2021,JIHD,464,498,438,498,45400
12/22/2021,JKON,124,125,122,125,368000
12/22/2021,JKSW,60,60,60,60,0
12/22/2021,JMAS,198,210,195,196,15854700
12/22/2021,JPFA,1605,1615,1575,1585,11835500
12/22/2021,JRPT,490,494,488,494,937900
12/22/2021,JSKY,104,105,102,103,4981200
12/22/2021,JSMR,3950,3960,3890,3890,1646700
12/22/2021,JSPT,755,755,755,755,0
12/22/2021,JTPE,1070,1070,1070,1070,114900
12/22/2021,KAEF,2530,2550,2490,2520,2940500
12/22/2021,KARW,115,117,110,114,18812600
12/22/2021,KAYU,50,51,50,51,1732200
12/22/2021,KBAG,80,82,75,75,2307949500
12/22/2021,KBAG-W,12,12,9,10,449420700
12/22/2021,KBLI,284,284,278,280,299700
12/22/2021,KBLM,216,216,214,214,154200
12/22/2021,KBLV,660,665,625,640,3717400
12/22/2021,KBRI,50,50,50,50,0
12/22/2021,KDSI,1035,1100,1035,1035,22200
12/22/2021,KEEN,452,456,444,446,2342900
12/22/2021,KEJU,1185,1200,1180,1200,28200
12/22/2021,KIAS,50,50,50,50,105800
12/22/2021,KICI,314,314,310,310,226000
12/22/2021,KIJA,170,175,170,171,2417500
12/22/2021,KINO,2030,2040,2010,2020,62600
12/22/2021,KIOS,525,545,510,520,39949300
12/22/2021,KJEN,740,920,740,915,1393700
12/22/2021,KKGI,268,276,268,274,644300
12/22/2021,KLBF,1605,1605,1545,1570,46200100
12/22/2021,KMDS,460,460,410,458,138700
12/22/2021,KMTR,364,364,334,342,3000
12/22/2021,KOBX,272,278,262,264,3856100
12/22/2021,KOIN,164,164,160,161,132200
12/22/2021,KONI,925,925,875,905,4600
12/22/2021,KOPI,770,960,735,960,324200
12/22/2021,KOTA,79,79,78,78,13652800
12/22/2021,KOTA-W,68,68,68,68,3200
12/22/2021,KPAL,50,50,50,50,0
12/22/2021,KPAS,62,62,62,62,0
12/22/2021,KPIG,94,95,91,92,35650800
12/22/2021,KRAH,436,436,436,436,0
12/22/2021,KRAS,420,422,412,416,8402100
12/22/2021,KREN,82,86,81,81,15397000
12/22/2021,KUAS,106,109,102,103,63868000
12/22/2021,KUAS-W,26,27,24,24,3019100
12/22/2021,LABA,95,98,92,94,2454300
12/22/2021,LABA-W,19,20,18,20,5077700
12/22/2021,LAND,88,93,86,91,9753400
12/22/2021,LAPD,50,50,50,50,0
12/22/2021,LCGP,114,114,114,114,0
12/22/2021,LCKM,306,306,306,306,0
12/22/2021,LEAD,52,55,51,53,83307000
12/22/2021,LFLO,102,103,99,100,112100
12/22/2021,LFLO-W,41,42,39,40,220500
12/22/2021,LIFE,6200,6200,6200,6200,0
12/22/2021,LINK,4030,4110,3900,3940,4912000
12/22/2021,LION,390,390,346,352,115300
12/22/2021,LMAS,107,111,107,107,54287700
12/22/2021,LMPI,189,206,183,200,1344100
12/22/2021,LMSH,705,710,695,710,14600
12/22/2021,LPCK,1270,1290,1230,1240,516400
12/22/2021,LPGI,4550,4570,4550,4570,1500
12/22/2021,LPIN,1055,1075,1035,1060,1623800
12/22/2021,LPKR,142,145,142,142,12699200
12/22/2021,LPLI,276,276,262,268,186100
12/22/2021,LPPF,3990,4040,3920,3920,1829400
12/22/2021,LPPS,114,114,110,113,1562300
12/22/2021,LRNA,175,198,175,179,435800
12/22/2021,LSIP,1205,1210,1185,1185,8581500
12/22/2021,LTLS,700,700,680,700,100600
12/22/2021,LUCK,382,398,380,386,23715400
12/22/2021,LUCY,52,53,51,52,903200
12/22/2021,LUCY-W,13,14,13,14,101500
12/22/2021,MABA,50,50,50,50,0
12/22/2021,MAGP,50,50,50,50,300
12/22/2021,MAIN,665,675,665,670,789300
12/22/2021,MAMI,50,50,50,50,0
12/22/2021,MAMI-W,6,6,6,6,0
12/22/2021,MAMIP,600,600,600,600,0
12/22/2021,MAPA,2460,2460,2340,2340,721800
12/22/2021,MAPB,1620,1620,1620,1620,100
12/22/2021,MAPI,745,745,730,735,2665500
12/22/2021,MARI,478,488,476,476,15111800
12/22/2021,MARK,1060,1075,1050,1055,3409000
12/22/2021,MASA,5200,5950,5100,5725,25700
12/22/2021,MASB,3580,3590,3510,3580,17700
12/22/2021,MASB-W,410,410,370,398,40700
12/22/2021,MAYA,680,680,670,670,357600
12/22/2021,MBAP,3600,3600,3580,3580,41700
12/22/2021,MBSS,1065,1080,1005,1035,4644600
12/22/2021,MBTO,163,163,158,158,571500
12/22/2021,MCAS,9500,9700,9300,9450,337300
12/22/2021,MCOL,3600,3670,3600,3640,86900
12/22/2021,MCOR,120,121,120,120,5839700
12/22/2021,MDIA,50,50,50,50,11600
12/22/2021,MDKA,3820,3940,3820,3870,94160600
12/22/2021,MDKI,206,208,202,206,597500
12/22/2021,MDLN,77,83,72,72,209710200
12/22/2021,MDRN,50,50,50,50,79600
12/22/2021,MEDC,484,494,482,486,51317600
12/22/2021,MEGA,8550,8550,8500,8525,6200
12/22/2021,MERK,3680,3680,3650,3650,45200
12/22/2021,META,117,117,111,113,4927000
12/22/2021,MFIN,1095,1100,1095,1100,25100
12/22/2021,MFMI,980,1015,970,970,12900
12/22/2021,MGLV,220,230,214,220,77400
12/22/2021,MGLV-W,22,22,20,21,10603100
12/22/2021,MGNA,50,50,50,50,0
12/22/2021,MGRO,820,825,815,825,3889500
12/22/2021,MICE,422,428,412,414,145300
12/22/2021,MIDI,2070,2070,2060,2060,2500
12/22/2021,MIKA,2250,2280,2240,2260,15494200
12/22/2021,MINA,51,51,50,50,8936100
12/22/2021,MIRA,50,50,50,50,1014300
12/22/2021,MITI,274,300,242,250,785628200
12/22/2021,MKNT,50,50,50,50,7600
12/22/2021,MKPI,24925,24925,24925,24925,0
12/22/2021,MLBI,7550,7575,7450,7450,43700
12/22/2021,MLIA,2180,2200,2090,2110,5720300
12/22/2021,MLPL,408,430,386,390,802551700
12/22/2021,MLPT,3330,3390,3300,3370,5962200
12/22/2021,MMLP,610,630,600,605,15602800
12/22/2021,MNCN,920,925,900,905,17941100
12/22/2021,MOLI,535,555,500,510,66500
12/22/2021,MPMX,1050,1095,1000,1060,22066000
12/22/2021,MPOW,100,110,100,106,2575300
12/22/2021,MPPA,484,484,456,456,54559900
12/22/2021,MPRO,955,955,900,900,14200
12/22/2021,MRAT,266,276,264,266,491900
12/22/2021,MREI,3830,3830,3830,3830,0
12/22/2021,MSIN,1480,1580,1445,1515,47364500
12/22/2021,MSKY,308,340,304,308,1016300
12/22/2021,MTDL,3660,3750,3660,3700,2884000
12/22/2021,MTEL,770,780,765,775,70001300
12/22/2021,MTFN,50,50,50,50,100
12/22/2021,MTLA,402,402,394,398,180600
12/22/2021,MTPS,117,118,109,109,4612200
12/22/2021,MTRA,244,244,244,244,0
12/22/2021,MTSM,408,410,390,410,440900
12/22/2021,MTWI,113,121,113,115,1734100
12/22/2021,MYOH,1695,1695,1690,1690,11300
12/22/2021,MYOR,2010,2050,2000,2010,928100
12/22/2021,MYRX,50,50,50,50,0
12/22/2021,MYRXP,50,50,50,50,0
12/22/2021,MYTX,90,94,90,91,807900
12/22/2021,NASA,62,63,61,62,1222800
12/22/2021,NASI,222,226,220,222,2058400
12/22/2021,NATO,710,740,710,715,246402300
12/22/2021,NATO-W,328,328,328,328,600
12/22/2021,NELY,350,356,332,332,7960900
12/22/2021,NFCX,9500,9500,9325,9350,40100
12/22/2021,NICK,800,800,730,760,44600
12/22/2021,NICL,71,71,70,70,17583300
12/22/2021,NICL-W,10,10,9,9,17105500
12/22/2021,NIKL,1025,1025,1010,1015,128700
12/22/2021,NIPS,282,282,282,282,0
12/22/2021,NIRO,150,150,141,147,103900
12/22/2021,NISP,665,670,660,670,769400
12/22/2021,NOBU,740,760,710,710,15532900
12/22/2021,NPGF,93,93,91,92,5354500
12/22/2021,NRCA,318,326,310,320,1211600
12/22/2021,NUSA,50,50,50,50,0
12/22/2021,NZIA,158,159,156,156,76600
12/22/2021,OASA,680,680,680,680,0
12/22/2021,OBMD,131,132,122,129,2455600
12/22/2021,OBMD-W,22,23,21,22,2235600
12/22/2021,OCAP,159,159,159,159,0
12/22/2021,OILS,296,370,294,364,146384200
12/22/2021,OILS-W,95,114,95,103,6562400
12/22/2021,OKAS,80,83,78,80,27538200
12/22/2021,OMRE,870,870,845,845,200
12/22/2021,OPMS,147,150,144,144,10969600
12/22/2021,PADI,50,50,50,50,6700
12/22/2021,PALM,985,1140,980,1055,77631200
12/22/2021,PAMG,92,118,92,117,63465900
12/22/2021,PANI,1865,1870,1700,1800,399400
12/22/2021,PANR,238,256,236,238,1842700
12/22/2021,PANS,1320,1330,1310,1315,33500
12/22/2021,PBID,1640,1645,1600,1620,632500
12/22/2021,PBRX,166,168,160,162,3734800
12/22/2021,PBSA,605,750,605,700,9000
12/22/2021,PCAR,278,278,272,272,58300
12/22/2021,PDES,294,294,294,294,65500
12/22/2021,PEGE,1220,1220,1190,1220,344500
12/22/2021,PEHA,1120,1130,1115,1130,177000
12/22/2021,PGAS,1420,1430,1380,1380,84745500
12/22/2021,PGJO,74,81,74,81,221100
12/22/2021,PGLI,230,230,212,216,41300
12/22/2021,PGUN,318,400,318,400,1676600
12/22/2021,PICO,99,99,96,98,85800
12/22/2021,PJAA,580,585,575,585,223500
12/22/2021,PKPK,171,228,170,228,237143600
12/22/2021,PLAN,38,38,36,37,1824800
12/22/2021,PLAN-W,11,11,10,11,512000
12/22/2021,PLAS,50,50,50,50,0
12/22/2021,PLIN,2450,2450,2450,2450,0
12/22/2021,PMJS,150,151,147,150,887600
12/22/2021,PMMP,488,500,484,488,27587400
12/22/2021,PNBN,750,755,740,745,5851300
12/22/2021,PNBS,85,88,84,86,39590800
12/22/2021,PNGO,1485,1605,1485,1575,8300
12/22/2021,PNIN,690,690,675,690,681000
12/22/2021,PNLF,169,171,169,170,14991000
12/22/2021,PNSE,595,605,595,605,200
12/22/2021,POLA,240,254,236,240,2884300
12/22/2021,POLA-W,82,82,80,80,3000
12/22/2021,POLI,1390,1495,1390,1495,270400
12/22/2021,POLL,1495,1495,1380,1420,1047300
12/22/2021,POLU,600,710,535,585,423400
12/22/2021,POLY,66,70,65,65,6072100
12/22/2021,POOL,50,50,50,50,0
12/22/2021,PORT,640,640,585,610,9300
12/22/2021,POSA,50,50,50,50,0
12/22/2021,POWR,615,625,610,610,4154800
12/22/2021,PPGL,138,140,133,134,3050100
12/22/2021,PPGL-W,19,21,18,20,9549300
12/22/2021,PPRE,185,186,177,178,9864800
12/22/2021,PPRO,66,67,66,66,21881100
12/22/2021,PRAS,246,252,244,246,171800
12/22/2021,PRDA,9475,9525,9250,9350,591900
12/22/2021,PRIM,476,535,476,480,55229500
12/22/2021,PSAB,140,143,135,135,5486200
12/22/2021,PSDN,148,162,147,162,125600
12/22/2021,PSGO,218,218,206,210,17207700
12/22/2021,PSKT,50,50,50,50,100
12/22/2021,PSSI,410,418,410,418,2520200
12/22/2021,PTBA,2700,2720,2690,2700,18016500
12/22/2021,PTDU,193,202,190,193,15155300
12/22/2021,PTIS,354,354,354,354,10600
12/22/2021,PTPP,1010,1020,980,980,27132800
12/22/2021,PTPW,720,720,710,715,142300
12/22/2021,PTRO,2230,2250,2220,2220,321800
12/22/2021,PTSN,224,230,224,230,646000
12/22/2021,PTSP,5600,5600,5600,5600,2800
12/22/2021,PUDP,346,350,342,342,9700
12/22/2021,PURA,73,73,68,70,126840300
12/22/2021,PURA-W,19,19,18,18,4763100
12/22/2021,PURE,79,79,76,77,7015800
12/22/2021,PURI,358,358,354,354,400
12/22/2021,PWON,476,480,462,462,22850300
12/22/2021,PYFA,1015,1025,1005,1015,55100
12/22/2021,PZZA,675,690,670,675,24100
12/22/2021,R-ABFII,28600,28600,28600,28600,0
12/22/2021,R-LQ45X,1003,1009,995,995,600
12/22/2021,RAJA,185,187,184,186,2643300
12/22/2021,RALS,670,680,660,670,6701600
12/22/2021,RANC,1800,2240,1800,1925,1763500
12/22/2021,RBMS,75,82,71,73,439448400
12/22/2021,RDTX,6625,6625,6625,6625,0
12/22/2021,REAL,71,76,67,72,208197900
12/22/2021,RELI,460,460,460,460,0
12/22/2021,RICY,97,102,92,94,25287100
12/22/2021,RIGS,320,320,314,318,46100
12/22/2021,RIMO,50,50,50,50,0
12/22/2021,RISE,378,378,374,376,69100
12/22/2021,RMBA,306,306,306,306,0
12/22/2021,RMKE,232,232,220,224,8942300
12/22/2021,ROCK,665,705,620,690,5000
12/22/2021,RODA,92,93,90,91,769800
12/22/2021,RONY,560,640,560,640,136200
12/22/2021,ROTI,1285,1285,1285,1285,1019600
12/22/2021,RSGK,1710,1710,1700,1700,296800
12/22/2021,RUIS,208,212,208,210,32700
12/22/2021,RUNS,280,280,276,280,391700
12/22/2021,SAFE,242,242,228,230,1590100
12/22/2021,SAME,416,420,404,406,12296900
12/22/2021,SAMF,1015,1065,1000,1065,44666900
12/22/2021,SAPX,1280,1290,1245,1250,65800
12/22/2021,SATU,95,97,94,97,12289000
12/22/2021,SBAT,50,52,50,50,288819800
12/22/2021,SBAT-W,14,16,12,13,101579300
12/22/2021,SBAT-W2,33,38,28,34,144900
12/22/2021,SBMA,440,440,410,410,4906300
12/22/2021,SBMA-W,122,140,112,122,165600
12/22/2021,SCCO,10400,10400,10400,10400,500
12/22/2021,SCMA,356,360,348,352,46233300
12/22/2021,SCNP,208,208,200,200,1660000
12/22/2021,SCPI,29000,29000,29000,29000,0
12/22/2021,SDMU,80,93,78,89,178717200
12/22/2021,SDPC,134,140,133,133,318100
12/22/2021,SDRA,595,595,580,585,105500
12/22/2021,SFAN,1490,1490,1480,1490,1035700
12/22/2021,SGER,1220,1270,1220,1240,6662900
12/22/2021,SGER-W,1150,1150,1150,1150,0
12/22/2021,SGRO,1990,2010,1955,1955,159800
12/22/2021,SHID,915,925,915,925,12300
12/22/2021,SHIP,1070,1110,1055,1070,2002900
12/22/2021,SIDO,865,880,865,875,4295400
12/22/2021,SILO,8600,8600,8400,8425,176000
12/22/2021,SIMA,50,50,50,50,0
12/22/2021,SIMP,456,458,452,458,1129700
12/22/2021,SINI,298,298,264,266,4800
12/22/2021,SINI-W,240,240,125,163,4200
12/22/2021,SIPD,1670,1735,1670,1675,16600
12/22/2021,SKBM,368,384,368,380,9800
12/22/2021,SKLT,2500,2500,2500,2500,0
12/22/2021,SKRN,865,915,850,915,2309300
12/22/2021,SKYB,51,51,51,51,0
12/22/2021,SLIS,1045,1110,985,990,2040000
12/22/2021,SMAR,4120,4140,4120,4140,8700
12/22/2021,SMBR,640,650,635,635,1456800
12/22/2021,SMCB,1650,1680,1635,1680,2033200
12/22/2021,SMDM,193,226,191,226,15650300
12/22/2021,SMDR,1085,1130,1055,1055,7335700
12/22/2021,SMGR,7500,7525,7225,7250,18455500
12/22/2021,SMKL,440,540,440,505,5616000
12/22/2021,SMKL-W,49,69,49,63,10506400
12/22/2021,SMMA,10800,10800,10800,10800,0
12/22/2021,SMMT,220,224,214,220,12629400
12/22/2021,SMRA,870,870,845,850,11511900
12/22/2021,SMRU,50,50,50,50,0
12/22/2021,SMSM,1375,1395,1375,1385,323900
12/22/2021,SNLK,1370,1370,1370,1370,11500
12/22/2021,SOCI,212,216,204,206,13813700
12/22/2021,SOFA,48,49,46,47,1306600
12/22/2021,SOHO,6050,6400,6050,6400,52400
12/22/2021,SONA,4900,5025,4900,5025,900
12/22/2021,SOSS,402,402,376,382,800
12/22/2021,SOSS-W,41,41,39,39,500
12/22/2021,SOTS,290,290,266,280,42200
12/22/2021,SOTS-W,55,55,55,55,0
12/22/2021,SPMA,730,750,690,695,4089300
12/22/2021,SPTO,645,645,600,630,511600
12/22/2021,SQMI,74,75,68,69,66746100
12/22/2021,SRAJ,406,406,378,378,6144400
12/22/2021,SRIL,146,146,146,146,0
12/22/2021,SRSN,55,55,54,54,1075800
12/22/2021,SRTG,2830,2890,2610,2670,24433400
12/22/2021,SSIA,450,466,448,452,3384900
12/22/2021,SSMS,1005,1010,965,965,10994500
12/22/2021,SSTM,795,795,765,765,600
12/22/2021,STAR,151,154,151,152,8300
12/22/2021,STTP,7300,7300,7300,7300,0
12/22/2021,SUGI,50,50,50,50,0
12/22/2021,SULI,50,50,50,50,660700
12/22/2021,SUPR,15450,15450,15450,15450,10000
12/22/2021,SURE,1990,2010,1915,1970,5800
12/22/2021,SWAT,187,188,178,179,67366200
12/22/2021,TALF,334,334,300,302,4000
12/22/2021,TAMA,70,75,66,70,64575400
12/22/2021,TAMA-W,17,18,15,16,15433300
12/22/2021,TAMU,50,50,50,50,1100
12/22/2021,TAPG,610,630,610,620,33435700
12/22/2021,TARA,50,50,50,50,604400
12/22/2021,TAXI,50,50,50,50,2000
12/22/2021,TAYS,216,222,212,218,683400
12/22/2021,TBIG,3040,3110,3040,3100,27631900
12/22/2021,TBLA,780,785,780,785,360800
12/22/2021,TBMS,1700,1700,1700,1700,800
12/22/2021,TCID,5325,5325,5300,5300,2400
12/22/2021,TCPI,9975,10175,9950,10175,3781600
12/22/2021,TDPM,119,119,119,119,0
12/22/2021,TEBE,665,690,660,660,480000
12/22/2021,TECH,8725,8950,8725,8825,1290600
12/22/2021,TELE,121,121,121,121,0
12/22/2021,TFAS,5000,5100,4980,5100,236200
12/22/2021,TFCO,710,710,710,710,2100
12/22/2021,TGKA,7025,7100,7025,7100,200
12/22/2021,TGRA,84,85,82,83,8855000
12/22/2021,TIFA,685,685,640,640,169800
12/22/2021,TINS,1510,1515,1480,1485,4918300
12/22/2021,TIRA,450,450,440,440,2400
12/22/2021,TIRT,96,97,90,90,6003700
12/22/2021,TKIM,7250,7250,7100,7125,949700
12/22/2021,TLKM,4160,4170,4110,4110,50574500
12/22/2021,TMAS,1515,1515,1515,1515,0
12/22/2021,TMPO,147,150,140,142,26400
12/22/2021,TNCA,2660,2730,2460,2550,11263900
12/22/2021,TOBA,1185,1225,1175,1190,5918200
12/22/2021,TOPS,50,50,50,50,2211000
12/22/2021,TOTL,320,320,316,316,267800
12/22/2021,TOTO,216,216,210,212,221800
12/22/2021,TOWR,1145,1150,1115,1115,28365800
12/22/2021,TOYS,244,278,242,260,290259100
12/22/2021,TOYS-W,27,32,26,29,53124000
12/22/2021,TPIA,7200,7200,7050,7100,1715400
12/22/2021,TPMA,372,380,358,358,3739800
12/22/2021,TRAM,50,50,50,50,0
12/22/2021,TRIL,50,50,50,50,0
12/22/2021,TRIM,354,358,338,340,8419400
12/22/2021,TRIN,260,264,246,258,11479900
12/22/2021,TRIN-W,23,24,22,24,1345200
12/22/2021,TRIO,426,426,426,426,0
12/22/2021,TRIS,230,238,220,234,30625200
12/22/2021,TRIS-W,6,6,6,6,0
12/22/2021,TRJA,580,590,540,540,16689100
12/22/2021,TRST,565,575,560,575,16800
12/22/2021,TRUE,106,118,107,114,44850800
12/22/2021,TRUE-W,19,21,19,20,17820100
12/22/2021,TRUK,164,172,164,165,74311000
12/22/2021,TRUS,420,424,420,424,300
12/22/2021,TSPC,1475,1480,1450,1465,898300
12/22/2021,TUGU,1600,1600,1590,1590,68900
12/22/2021,TURI,1270,1270,1270,1270,100
12/22/2021,UANG,810,810,810,810,200
12/22/2021,UCID,1465,1465,1450,1450,65300
12/22/2021,UFOE,1800,1835,1700,1740,2286800
12/22/2021,ULTJ,1560,1560,1550,1550,160200
12/22/2021,UNIC,11975,11975,11600,11975,7300
12/22/2021,UNIQ,90,90,86,88,3331500
12/22/2021,UNIT,316,316,316,316,0
12/22/2021,UNSP,110,111,108,109,97500
12/22/2021,UNTR,22000,22225,21800,21800,3007800
12/22/2021,UNVR,4100,4130,4050,4060,10188400
12/22/2021,URBN,620,750,585,595,1516100
12/22/2021,UVCR,418,452,416,448,16865200
12/22/2021,UVCR-W,167,180,166,180,2091000
12/22/2021,VICI,515,525,510,525,2391000
12/22/2021,VICO,234,288,222,274,14683900
12/22/2021,VINS,170,194,161,174,12884100
12/22/2021,VIVA,50,50,50,50,6446300
12/22/2021,VOKS,187,192,186,192,39600
12/22/2021,VRNA,174,179,172,173,5370900
12/22/2021,WAPO,188,193,188,190,2078900
12/22/2021,WEGE,200,200,196,196,6622200
12/22/2021,WEHA,236,246,222,226,93288800
12/22/2021,WGSH,166,171,161,171,25149800
12/22/2021,WICO,410,410,410,410,600
12/22/2021,WIFI,540,575,535,550,62952300
12/22/2021,WIFI-W,220,220,212,220,6800
12/22/2021,WIIM,460,468,446,446,1514700
12/22/2021,WIKA,1085,1105,1055,1055,25204300
12/22/2021,WINS,220,234,206,218,48694300
12/22/2021,WMPP,150,150,146,147,27093500
12/22/2021,WMUU,154,155,151,153,18396300
12/22/2021,WOMF,240,244,238,240,644600
12/22/2021,WOOD,835,850,810,815,6859100
12/22/2021,WOWS,66,66,66,66,15431500
12/22/2021,WSBP,116,116,113,114,14439600
12/22/2021,WSKT,750,770,745,745,24031900
12/22/2021,WTON,258,258,250,250,5994800
12/22/2021,XAFA,1035,1049,1025,1049,4800
12/22/2021,XAQA,934,934,934,934,0
12/22/2021,XBES,960,960,960,960,0
12/22/2021,XBID,527,527,517,517,1400
12/22/2021,XBIG,521,521,521,521,100
12/22/2021,XBIN,495,495,495,495,0
12/22/2021,XBLQ,470,470,470,470,0
12/22/2021,XBNI,1032,1032,1032,1032,0
12/22/2021,XBSK,387,387,387,387,0
12/22/2021,XCID,82,82,82,82,8600
12/22/2021,XCIS,105,105,105,105,0
12/22/2021,XCLQ,96,99,96,98,7600
12/22/2021,XDIF,467,467,467,467,0
12/22/2021,XDSG,982,982,982,982,0
12/22/2021,XFES,137,137,137,137,0
12/22/2021,XIFE,104,104,104,104,100
12/22/2021,XIHD,496,499,496,496,1300
12/22/2021,XIIC,981,981,981,981,0
12/22/2021,XIID,521,521,521,521,200
12/22/2021,XIIF,530,532,530,530,1600
12/22/2021,XIIT,533,535,532,532,19500
12/22/2021,XIJI,595,595,592,592,13200
12/22/2021,XILV,115,115,112,112,2100
12/22/2021,XIML,259,259,259,259,0
12/22/2021,XIPI,181,181,181,181,0
12/22/2021,XISB,398,398,398,398,0
12/22/2021,XISC,676,676,676,676,0
12/22/2021,XISI,329,329,328,328,2200
12/22/2021,XISR,385,385,384,384,6900
12/22/2021,XKIV,460,460,460,460,0
12/22/2021,XKMS,1075,1085,1075,1085,500
12/22/2021,XMIG,170,170,170,170,0
12/22/2021,XMJM,1001,1001,1001,1001,0
12/22/2021,XMTS,477,477,477,477,0
12/22/2021,XNVE,143,143,143,143,0
12/22/2021,XPCR,885,885,885,885,0
12/22/2021,XPDV,474,474,474,474,0
12/22/2021,XPES,384,384,384,384,1500
12/22/2021,XPFT,553,553,553,553,0
12/22/2021,XPID,515,515,515,515,0
12/22/2021,XPLC,452,452,452,452,100
12/22/2021,XPLQ,476,476,476,476,0
12/22/2021,XPMI,975,975,975,975,300
12/22/2021,XPSG,383,383,383,383,0
12/22/2021,XPTD,510,510,510,510,400
12/22/2021,XSBC,106,106,106,106,500
12/22/2021,XSMU,139,139,139,139,0
12/22/2021,XSPI,750,750,750,750,0
12/22/2021,XSRI,186,186,186,186,0
12/22/2021,XSSI,78,78,78,78,12000
12/22/2021,XSSK,644,644,644,644,0
12/22/2021,YELO,152,154,147,149,110640100
12/22/2021,YPAS,685,735,680,680,38200
12/22/2021,YULE,1120,1120,1110,1110,2300
12/22/2021,ZBRA,655,655,635,655,1291600
12/22/2021,ZINC,104,106,103,105,462292200
12/22/2021,ZONE,410,410,404,410,137300
12/22/2021,ZYRX,520,555,520,550,26258300
12/22/2021,ZYRX-W,92,94,89,93,228800
