<date>,<ticker>,<open>,<high>,<low>,<close>,<volume>
5/18/2021,IHSG,5836.084,5855.667,5782.777,5834.394,171644104
5/18/2021,AALI,9975,10100,9850,10000,2070500
5/18/2021,ABBA,198,232,198,226,154204200
5/18/2021,ABDA,7025,7050,7025,7050,500
5/18/2021,ABMM,850,950,830,850,928400
5/18/2021,ACES,1435,1450,1420,1450,7347200
5/18/2021,ACST,254,262,250,256,10538800
5/18/2021,ADES,1640,1655,1625,1645,14500
5/18/2021,ADHI,1050,1075,1020,1060,5712600
5/18/2021,ADMF,8000,8025,7975,8025,95800
5/18/2021,ADMG,162,162,160,161,615800
5/18/2021,ADRO,1200,1200,1170,1200,31413900
5/18/2021,AGAR,414,430,414,420,9300
5/18/2021,AGII,1035,1055,1015,1040,2719200
5/18/2021,AGRO,880,900,835,865,33131800
5/18/2021,AGRS,510,590,510,510,3838600
5/18/2021,AHAP,68,70,67,69,1034100
5/18/2021,AIMS,520,525,478,490,403100
5/18/2021,AISA,256,256,242,250,26439300
5/18/2021,AKKU,50,50,50,50,900
5/18/2021,AKPI,560,595,530,595,41100
5/18/2021,AKRA,3130,3180,3110,3170,3220400
5/18/2021,AKSI,755,755,705,720,600
5/18/2021,ALDO,805,830,760,825,7216100
5/18/2021,ALKA,240,248,234,236,2600
5/18/2021,ALMI,230,276,222,242,23600
5/18/2021,ALTO,320,326,320,326,163300
5/18/2021,AMAG,280,294,280,294,2128600
5/18/2021,AMAN,284,284,284,284,89300
5/18/2021,AMAR,266,268,254,254,1982600
5/18/2021,AMFG,4580,4580,4580,4580,0
5/18/2021,AMIN,208,208,196,196,8200
5/18/2021,AMOR,4170,4170,4110,4130,1523800
5/18/2021,AMRT,880,895,870,895,3501100
5/18/2021,ANDI,50,50,50,50,16100
5/18/2021,ANJT,740,745,700,735,23800
5/18/2021,ANTM,2560,2640,2540,2600,179403400
5/18/2021,APEX,870,915,815,860,404000
5/18/2021,APIC,715,720,705,710,10861600
5/18/2021,APII,186,197,183,187,205300
5/18/2021,APLI,204,206,198,200,382200
5/18/2021,APLN,151,156,151,153,21086500
5/18/2021,ARGO,1820,1825,1820,1825,5300
5/18/2021,ARII,170,170,166,166,22600
5/18/2021,ARKA,50,50,50,50,512300
5/18/2021,ARMY,50,50,50,50,0
5/18/2021,ARNA,735,735,715,725,254000
5/18/2021,ARTA,264,264,260,260,300
5/18/2021,ARTI,50,50,50,50,2500
5/18/2021,ARTO,10750,10925,10250,10575,20797700
5/18/2021,ASBI,284,286,284,284,8400
5/18/2021,ASDM,930,940,930,940,1000
5/18/2021,ASGR,765,765,750,765,315500
5/18/2021,ASII,5150,5200,5100,5150,45784300
5/18/2021,ASJT,228,232,228,230,9600
5/18/2021,ASMI,720,720,710,715,6000
5/18/2021,ASPI,53,53,52,53,1011100
5/18/2021,ASPI-W,17,17,16,17,907800
5/18/2021,ASRI,189,189,182,184,19286800
5/18/2021,ASRM,1530,1590,1515,1550,11600
5/18/2021,ASSA,2020,2050,1995,2030,13646800
5/18/2021,ATAP,123,123,123,123,231300
5/18/2021,ATIC,695,705,695,705,5700
5/18/2021,AUTO,1150,1165,1130,1165,2010100
5/18/2021,AYLS,95,108,92,92,67065900
5/18/2021,BABP,84,87,83,85,91379500
5/18/2021,BABP-W3,61,62,61,62,4300
5/18/2021,BABP-W4,49,50,46,48,401600
5/18/2021,BACA,404,406,380,390,14178300
5/18/2021,BACA-W2,390,390,370,370,2600
5/18/2021,BAJA,398,440,390,406,70545200
5/18/2021,BALI,605,605,590,590,50700
5/18/2021,BANK,3120,3210,2910,3210,34822500
5/18/2021,BANK-W,2710,2820,2650,2790,15300
5/18/2021,BAPA,50,50,50,50,500
5/18/2021,BAPI,50,50,50,50,2100
5/18/2021,BAPI-W,6,6,5,6,17946700
5/18/2021,BATA,690,690,690,690,0
5/18/2021,BAYU,1045,1045,1045,1045,500
5/18/2021,BBCA,32000,32275,31825,31950,14712600
5/18/2021,BBHI,1205,1205,1125,1125,3011100
5/18/2021,BBKP,422,430,396,416,130603500
5/18/2021,BBLD,494,494,494,494,400
5/18/2021,BBMD,1370,1370,1370,1370,0
5/18/2021,BBNI,5500,5550,5400,5450,13030600
5/18/2021,BBRI,3960,3960,3890,3900,115704100
5/18/2021,BBRM,50,50,50,50,200
5/18/2021,BBSI,2770,2780,2740,2770,18900
5/18/2021,BBSS,56,56,53,53,1258800
5/18/2021,BBTN,1590,1595,1550,1575,40135200
5/18/2021,BBYB,444,448,440,448,2676600
5/18/2021,BCAP,106,106,105,106,19266000
5/18/2021,BCIC,700,700,700,700,0
5/18/2021,BCIP,64,64,62,63,1185200
5/18/2021,BDMN,2520,2540,2500,2510,336800
5/18/2021,BEBS,352,352,328,328,1190600
5/18/2021,BEEF,117,117,113,114,4181200
5/18/2021,BEKS,79,83,79,82,98902100
5/18/2021,BELL,136,136,128,135,1551400
5/18/2021,BESS,300,312,300,306,2548200
5/18/2021,BESS-W,268,268,145,145,4200
5/18/2021,BEST,148,148,142,144,19160300
5/18/2021,BFIN,610,630,600,630,33509100
5/18/2021,BGTG,114,116,111,114,15917300
5/18/2021,BHAT,590,600,580,590,165532400
5/18/2021,BHIT,51,52,50,51,24976000
5/18/2021,BIKA,159,159,153,153,6900
5/18/2021,BIMA,67,67,63,63,4862200
5/18/2021,BINA,1980,1980,1900,1930,1699000
5/18/2021,BIPI,50,50,50,50,5400
5/18/2021,BIPI-W,10,11,10,10,2120000
5/18/2021,BIPP,54,55,54,55,1888100
5/18/2021,BIRD,1250,1290,1250,1270,1820900
5/18/2021,BISI,1145,1145,1065,1130,255700
5/18/2021,BJBR,1360,1375,1355,1375,3076500
5/18/2021,BJTM,765,770,750,755,19695000
5/18/2021,BKDP,50,51,50,50,89100
5/18/2021,BKSL,74,86,70,85,1070671700
5/18/2021,BKSW,147,151,142,145,2294100
5/18/2021,BLTA,50,50,50,50,200
5/18/2021,BLTZ,3140,3140,3140,3140,700
5/18/2021,BLUE,655,665,650,665,122100
5/18/2021,BMAS,2010,2020,1905,1910,201600
5/18/2021,BMRI,5975,6000,5825,5900,36982600
5/18/2021,BMSR,158,178,149,178,16671400
5/18/2021,BMTR,262,264,256,260,22920300
5/18/2021,BNBA,760,790,725,730,4618400
5/18/2021,BNBR,50,50,50,50,5600
5/18/2021,BNGA,975,975,965,970,1470300
5/18/2021,BNII,364,368,358,366,3036000
5/18/2021,BNLI,2080,2080,2040,2040,120000
5/18/2021,BOGA,1435,1440,1405,1410,94109000
5/18/2021,BOLA,246,246,230,234,26300
5/18/2021,BOLT,695,700,695,700,5700
5/18/2021,BOSS,89,91,87,88,5075200
5/18/2021,BPFI,1050,1050,1050,1050,0
5/18/2021,BPII,7300,7300,7300,7300,0
5/18/2021,BPTR,95,103,95,99,436100
5/18/2021,BRAM,4990,4990,4990,4990,0
5/18/2021,BRIS,2100,2130,1970,2010,58976400
5/18/2021,BRMS,94,104,93,102,976637600
5/18/2021,BRMS-W,30,37,30,37,619782900
5/18/2021,BRNA,1295,1295,1295,1295,0
5/18/2021,BRPT,870,895,865,880,37789600
5/18/2021,BRPT-W,745,745,745,745,0
5/18/2021,BSDE,1165,1170,1110,1155,15919100
5/18/2021,BSIM,590,605,550,585,333900
5/18/2021,BSSR,2200,2240,2170,2180,619900
5/18/2021,BSWD,1750,1750,1750,1750,0
5/18/2021,BTEK,50,50,50,50,1100
5/18/2021,BTEL,50,50,50,50,0
5/18/2021,BTON,394,396,374,394,169300
5/18/2021,BTPN,2800,2810,2800,2810,6600
5/18/2021,BTPS,3000,3010,2870,2900,9176100
5/18/2021,BUDI,176,210,164,204,64325500
5/18/2021,BUKK,1030,1030,960,960,30700
5/18/2021,BULL,300,302,298,300,308111700
5/18/2021,BULL-W2,99,99,98,98,28000
5/18/2021,BUMI,60,63,60,62,124961800
5/18/2021,BUVA,72,72,68,69,2231400
5/18/2021,BVIC,158,161,155,157,5872300
5/18/2021,BWPT,112,116,111,115,39615100
5/18/2021,BYAN,14350,14350,14150,14200,56200
5/18/2021,CAKK,67,74,67,72,3500700
5/18/2021,CAMP,246,252,238,252,4390900
5/18/2021,CANI,175,176,175,176,7700
5/18/2021,CARE,314,316,308,312,211424300
5/18/2021,CARS,50,50,50,50,1100
5/18/2021,CASA,380,380,378,378,16100
5/18/2021,CASA-W,348,348,348,348,0
5/18/2021,CASH,312,318,296,298,4167200
5/18/2021,CASS,400,400,372,390,1291100
5/18/2021,CBMF,140,140,140,140,0
5/18/2021,CCSI,266,282,266,278,1045900
5/18/2021,CEKA,1850,1890,1845,1890,122300
5/18/2021,CENT,226,242,216,236,60213000
5/18/2021,CFIN,300,304,294,304,8114800
5/18/2021,CINT,218,218,212,216,11400
5/18/2021,CITA,2700,2730,2700,2730,300
5/18/2021,CITY,188,188,168,169,96800
5/18/2021,CITY-W,60,60,48,52,162400
5/18/2021,CLAY,890,890,820,875,1700
5/18/2021,CLEO,454,454,450,452,3343500
5/18/2021,CLPI,845,850,835,850,86400
5/18/2021,CMNP,1980,1985,1915,1960,55500
5/18/2021,CMNP-W,700,950,650,950,273700
5/18/2021,CMPP,184,184,184,184,0
5/18/2021,CNKO,50,50,50,50,0
5/18/2021,CNTB,250,250,250,250,0
5/18/2021,CNTX,193,193,193,193,0
5/18/2021,COCO,244,252,244,250,291900
5/18/2021,COCO-W,148,148,148,148,0
5/18/2021,COWL,50,50,50,50,0
5/18/2021,CPIN,6325,6500,6300,6500,5866700
5/18/2021,CPRI,50,50,50,50,3300
5/18/2021,CPRI-W,15,16,14,15,250500
5/18/2021,CPRO,50,50,50,50,72700
5/18/2021,CSAP,360,360,348,348,138200
5/18/2021,CSIS,82,84,78,80,4890600
5/18/2021,CSMI,2200,2200,2200,2200,600
5/18/2021,CSRA,284,300,284,300,47900
5/18/2021,CTBN,2850,2850,2850,2850,0
5/18/2021,CTRA,1120,1135,1085,1125,10403000
5/18/2021,CTTH,63,66,62,62,363000
5/18/2021,DADA,50,50,50,50,5704100
5/18/2021,DADA-W,11,11,10,11,35892600
5/18/2021,DART,197,214,197,212,3900
5/18/2021,DAYA,250,270,234,268,136600
5/18/2021,DCII,10875,11000,10875,11000,10300
5/18/2021,DEAL,90,97,90,93,2623200
5/18/2021,DEAL-W,50,50,46,46,3600
5/18/2021,DEFI,1625,1625,1620,1620,5500
5/18/2021,DEWA,50,50,50,50,655700
5/18/2021,DFAM,154,161,150,161,5800
5/18/2021,DGIK,78,82,78,81,50997100
5/18/2021,DGNS,650,665,625,665,22107700
5/18/2021,DIGI,386,398,386,398,68000
5/18/2021,DILD,180,180,174,179,2291300
5/18/2021,DIVA,2970,2970,2970,2970,400
5/18/2021,DKFT,163,166,161,165,7975900
5/18/2021,DLTA,3790,3810,3770,3780,73200
5/18/2021,DMAS,228,232,226,230,22617100
5/18/2021,DMMX,685,755,660,755,27620200
5/18/2021,DMND,850,895,795,795,50900
5/18/2021,DNAR,198,198,193,194,2694700
5/18/2021,DNET,3300,3300,3250,3260,43100
5/18/2021,DOID,372,378,368,376,47355600
5/18/2021,DPNS,280,284,272,278,111800
5/18/2021,DPUM,50,50,50,50,32700
5/18/2021,DSFI,69,70,68,69,910300
5/18/2021,DSNG,565,585,550,580,28410500
5/18/2021,DSSA,12400,12400,12400,12400,0
5/18/2021,DUCK,188,189,178,188,15713500
5/18/2021,DUTI,3510,3540,3510,3520,500
5/18/2021,DVLA,2350,2350,2350,2350,0
5/18/2021,DWGL,177,177,166,167,75200
5/18/2021,DWGL-W,37,38,35,37,172000
5/18/2021,DYAN,80,82,76,80,4685700
5/18/2021,EAST,67,69,66,66,1903500
5/18/2021,EAST-W,10,10,9,10,4683300
5/18/2021,ECII,1100,1100,1100,1100,5000
5/18/2021,EDGE,11750,11750,11000,11000,3200
5/18/2021,EKAD,1270,1280,1245,1270,239600
5/18/2021,ELSA,324,334,322,334,45836600
5/18/2021,ELTY,50,50,50,50,7500
5/18/2021,EMDE,194,194,194,194,200
5/18/2021,EMTK,2020,2210,2020,2200,42628700
5/18/2021,ENRG,102,109,102,108,53284700
5/18/2021,ENVY,50,50,50,50,0
5/18/2021,ENZO,50,50,50,50,209800
5/18/2021,ENZO-W,16,16,13,15,7778800
5/18/2021,EPAC,50,51,50,51,7498500
5/18/2021,EPMT,2270,2280,2270,2280,44300
5/18/2021,ERAA,590,590,560,580,73473400
5/18/2021,ERTX,187,199,185,192,56500
5/18/2021,ESIP,70,72,70,71,1564400
5/18/2021,ESIP-W,13,13,11,13,3534700
5/18/2021,ESSA,344,352,330,342,46330000
5/18/2021,ESTA,107,120,95,102,4479800
5/18/2021,ESTI,108,111,107,109,2856200
5/18/2021,ETWA,62,62,62,62,0
5/18/2021,EXCL,1985,2060,1985,2060,18465100
5/18/2021,FAPA,2620,2630,2620,2630,5400
5/18/2021,FAST,1010,1010,990,1010,1000
5/18/2021,FASW,7600,7600,7600,7600,0
5/18/2021,FILM,460,494,446,452,63899500
5/18/2021,FIMP,66,66,55,57,10048200
5/18/2021,FIMP-W,30,30,20,22,8970600
5/18/2021,FIRE,515,515,486,498,616000
5/18/2021,FISH,3560,3560,3560,3560,0
5/18/2021,FITT,121,134,114,121,3833700
5/18/2021,FITT-W,53,53,45,49,1187600
5/18/2021,FMII,600,600,600,600,0
5/18/2021,FOOD,105,111,100,104,12249200
5/18/2021,FORU,192,195,186,193,294900
5/18/2021,FORZ,50,50,50,50,0
5/18/2021,FPNI,240,248,232,246,3806400
5/18/2021,FREN,78,79,74,78,519255300
5/18/2021,FREN-W,32,34,30,31,9133600
5/18/2021,FREN-W2,35,39,34,38,312079200
5/18/2021,FUJI,178,178,170,177,292700
5/18/2021,GAMA,50,50,50,50,0
5/18/2021,GDST,123,143,121,130,172468000
5/18/2021,GDYR,1470,1475,1470,1475,19600
5/18/2021,GEMA,338,338,338,338,100
5/18/2021,GEMS,3900,4000,3750,3850,86300
5/18/2021,GGRM,33600,34100,33600,33800,873100
5/18/2021,GGRP,376,386,376,386,600
5/18/2021,GHON,1765,1880,1720,1740,7300
5/18/2021,GIAA,320,324,316,320,8805400
5/18/2021,GJTL,860,875,830,865,9981000
5/18/2021,GLOB,242,250,232,244,6400
5/18/2021,GLVA,342,342,334,336,11500
5/18/2021,GMFI,113,119,112,117,8491300
5/18/2021,GMTD,16725,16725,16725,16725,0
5/18/2021,GOLD,278,282,278,278,21900
5/18/2021,GOLL,50,50,50,50,0
5/18/2021,GOOD,1640,1645,1620,1645,1957600
5/18/2021,GPRA,63,63,59,59,8075600
5/18/2021,GSMF,125,125,124,125,1000
5/18/2021,GTBO,75,75,75,75,0
5/18/2021,GWSA,120,120,116,118,218000
5/18/2021,GZCO,50,50,50,50,2010900
5/18/2021,HADE,50,50,50,50,200
5/18/2021,HDFA,112,115,112,114,11200
5/18/2021,HDIT,151,153,145,145,1529000
5/18/2021,HDTX,120,120,120,120,0
5/18/2021,HEAL,4580,4950,4580,4650,6581900
5/18/2021,HELI,356,356,340,340,8900
5/18/2021,HERO,950,950,880,950,58300
5/18/2021,HEXA,3470,3510,3460,3500,112800
5/18/2021,HITS,418,448,394,430,12900
5/18/2021,HKMU,81,83,80,81,10788200
5/18/2021,HMSP,1260,1275,1255,1260,18875100
5/18/2021,HOKI,230,234,224,230,39796300
5/18/2021,HOME,50,50,50,50,0
5/18/2021,HOMI,2210,2260,2200,2200,696000
5/18/2021,HOTL,50,50,50,50,10100
5/18/2021,HRME,54,54,52,53,12911300
5/18/2021,HRTA,199,200,198,199,2487100
5/18/2021,HRUM,5750,6000,5600,5875,10263000
5/18/2021,IATA,50,50,50,50,100
5/18/2021,IBFN,176,177,174,177,36800
5/18/2021,IBFN-W,19,19,18,19,417300
5/18/2021,IBST,5800,5800,5425,5425,300
5/18/2021,ICBP,8250,8400,8250,8300,3770500
5/18/2021,ICON,106,116,99,101,13854000
5/18/2021,IDPR,206,218,206,210,54200
5/18/2021,IFII,141,143,141,142,187700
5/18/2021,IFSH,1110,1110,1110,1110,0
5/18/2021,IGAR,356,358,354,356,118900
5/18/2021,IIKP,50,50,50,50,0
5/18/2021,IKAI,50,50,50,50,17600
5/18/2021,IKAN,106,106,100,102,9887100
5/18/2021,IKBI,230,232,230,232,96000
5/18/2021,IMAS,1015,1030,995,1010,2238500
5/18/2021,IMJS,334,338,330,334,3331500
5/18/2021,IMPC,1705,1740,1705,1740,2457900
5/18/2021,INAF,2230,2270,2220,2260,327500
5/18/2021,INAI,340,340,340,340,1600
5/18/2021,INCF,106,106,100,104,818700
5/18/2021,INCI,885,885,835,835,678900
5/18/2021,INCO,5275,5400,5100,5325,33212600
5/18/2021,INDF,6350,6450,6350,6375,5181000
5/18/2021,INDO,161,161,150,150,917600
5/18/2021,INDO-W,80,82,73,77,374300
5/18/2021,INDR,4600,4900,4550,4650,59600
5/18/2021,INDS,1910,2000,1910,1915,59000
5/18/2021,INDX,120,121,115,119,1937400
5/18/2021,INDY,1435,1450,1415,1445,7187700
5/18/2021,INKP,9700,9700,9275,9425,5311800
5/18/2021,INOV,184,184,168,174,267900
5/18/2021,INPC,152,158,149,152,4539900
5/18/2021,INPC-W,47,48,42,45,9037700
5/18/2021,INPP,660,660,660,660,200
5/18/2021,INPS,1180,1185,1125,1130,6200
5/18/2021,INRU,825,1010,790,800,21200
5/18/2021,INTA,149,150,149,150,18200
5/18/2021,INTD,208,218,194,200,540200
5/18/2021,INTP,12300,12400,12125,12250,1373700
5/18/2021,IPCC,515,515,494,500,3619300
5/18/2021,IPCM,270,274,266,272,1510600
5/18/2021,IPOL,171,171,164,168,903300
5/18/2021,IPTV,240,246,238,240,23281800
5/18/2021,IPTV-W,29,29,26,28,548300
5/18/2021,IRRA,1595,1625,1585,1610,4394800
5/18/2021,ISAT,5975,6150,5850,6100,2186700
5/18/2021,ISSP,268,294,268,276,90407100
5/18/2021,ITIC,496,498,492,498,620800
5/18/2021,ITMA,535,590,496,535,30800
5/18/2021,ITMA-W,95,95,51,77,21600
5/18/2021,ITMG,13000,13100,12825,13075,2261300
5/18/2021,JAST,148,154,145,145,9989500
5/18/2021,JAWA,91,117,89,95,4618400
5/18/2021,JAYA,122,126,119,126,15784900
5/18/2021,JECC,5950,5950,5950,5950,0
5/18/2021,JGLE,50,50,50,50,0
5/18/2021,JIHD,428,440,428,440,1300
5/18/2021,JKON,180,184,177,180,132300
5/18/2021,JKSW,60,60,60,60,0
5/18/2021,JMAS,175,175,157,160,25600
5/18/2021,JPFA,1980,2050,1940,2040,23380500
5/18/2021,JRPT,540,555,540,555,872300
5/18/2021,JSKY,128,139,121,134,58683500
5/18/2021,JSMR,4030,4150,4020,4130,2878600
5/18/2021,JSPT,805,805,805,805,100
5/18/2021,JTPE,1225,1225,1225,1225,109700
5/18/2021,KAEF,2610,2630,2550,2610,1676300
5/18/2021,KARW,113,130,107,116,31269200
5/18/2021,KAYU,70,77,70,73,13645700
5/18/2021,KBAG,50,50,50,50,230300
5/18/2021,KBAG-W,7,8,7,8,30824600
5/18/2021,KBLI,338,338,328,336,676400
5/18/2021,KBLM,210,210,208,210,21900
5/18/2021,KBLV,410,410,410,410,100
5/18/2021,KBRI,50,50,50,50,0
5/18/2021,KDSI,870,910,850,850,58400
5/18/2021,KEEN,364,378,362,374,2248800
5/18/2021,KEJU,1325,1325,1300,1305,114700
5/18/2021,KIAS,50,50,50,50,607600
5/18/2021,KICI,264,322,264,298,860500
5/18/2021,KIJA,197,202,192,199,16009700
5/18/2021,KINO,2140,2160,2080,2100,1209100
5/18/2021,KIOS,900,995,900,990,37058100
5/18/2021,KJEN,530,530,530,530,700
5/18/2021,KKGI,278,278,268,270,68500
5/18/2021,KLBF,1450,1465,1435,1450,18704800
5/18/2021,KMDS,500,500,490,490,500
5/18/2021,KMTR,448,454,418,432,652200
5/18/2021,KOBX,158,181,153,168,20854900
5/18/2021,KOIN,173,175,166,167,393400
5/18/2021,KONI,2310,2310,2310,2310,2300
5/18/2021,KOPI,510,520,510,520,46600
5/18/2021,KOTA,276,292,272,280,3592397000
5/18/2021,KOTA-W,248,248,150,200,36200
5/18/2021,KPAL,50,50,50,50,3100
5/18/2021,KPAS,66,66,61,64,3199400
5/18/2021,KPAS-W,17,17,16,16,291500
5/18/2021,KPIG,103,104,102,104,22194100
5/18/2021,KRAH,436,436,436,436,0
5/18/2021,KRAS,605,630,605,615,23630500
5/18/2021,KREN,128,134,123,133,33598100
5/18/2021,LAND,107,110,106,108,409300
5/18/2021,LAPD,50,50,50,50,0
5/18/2021,LCGP,114,114,114,114,0
5/18/2021,LCKM,256,276,254,254,7900
5/18/2021,LEAD,50,50,50,50,270000
5/18/2021,LFLO,103,103,100,100,543200
5/18/2021,LFLO-W,11,11,10,11,3773000
5/18/2021,LIFE,5000,5000,5000,5000,700
5/18/2021,LINK,3940,4000,3910,4000,3534900
5/18/2021,LION,400,430,390,396,85000
5/18/2021,LMAS,50,50,50,50,4000
5/18/2021,LMPI,133,133,122,128,73500
5/18/2021,LMSH,1030,1165,990,1165,1422600
5/18/2021,LPCK,1255,1255,1175,1175,1264000
5/18/2021,LPGI,3510,3520,3510,3520,2700
5/18/2021,LPIN,252,252,234,238,184800
5/18/2021,LPKR,186,188,174,174,131797300
5/18/2021,LPLI,175,214,165,193,3702800
5/18/2021,LPPF,1745,1950,1715,1855,53843900
5/18/2021,LPPS,108,119,105,119,4717400
5/18/2021,LRNA,180,180,176,178,202600
5/18/2021,LSIP,1380,1390,1330,1355,20281900
5/18/2021,LTLS,540,570,520,540,73900
5/18/2021,LUCK,266,266,248,248,14877900
5/18/2021,LUCY,67,79,67,67,105987300
5/18/2021,LUCY-W,13,17,13,15,34247500
5/18/2021,MABA,50,50,50,50,0
5/18/2021,MAGP,50,50,50,50,0
5/18/2021,MAIN,850,885,850,885,4097700
5/18/2021,MAMI,50,50,50,50,206300
5/18/2021,MAMI-W,8,8,7,8,2166000
5/18/2021,MAMIP,600,600,600,600,0
5/18/2021,MAPA,2280,2280,2230,2230,609500
5/18/2021,MAPB,1310,1310,1310,1310,0
5/18/2021,MAPI,760,780,755,770,4133800
5/18/2021,MARI,244,274,230,266,351369400
5/18/2021,MARK,900,945,880,935,5569600
5/18/2021,MASA,1360,1360,1360,1360,0
5/18/2021,MAYA,1825,1825,1755,1800,252900
5/18/2021,MBAP,3000,3050,2980,3030,83000
5/18/2021,MBSS,474,474,440,462,1359400
5/18/2021,MBTO,120,129,120,120,1456100
5/18/2021,MCAS,5050,5100,4880,4950,1226100
5/18/2021,MCOR,133,135,125,131,26649600
5/18/2021,MDIA,56,57,52,54,20774300
5/18/2021,MDKA,2600,2650,2520,2630,96122600
5/18/2021,MDKI,210,212,208,210,507200
5/18/2021,MDLN,51,51,51,51,0
5/18/2021,MDRN,50,50,50,50,0
5/18/2021,MEDC,715,770,715,760,169441900
5/18/2021,MEGA,8300,8425,8200,8200,15700
5/18/2021,MERK,3220,3220,3100,3190,84500
5/18/2021,META,135,138,135,136,3993800
5/18/2021,MFIN,1125,1125,1125,1125,100
5/18/2021,MFMI,665,720,625,660,191000
5/18/2021,MGNA,50,50,50,50,0
5/18/2021,MGRO,730,735,710,730,3475800
5/18/2021,MICE,340,358,340,344,225000
5/18/2021,MIDI,2100,2100,1995,2000,7400
5/18/2021,MIKA,2700,2700,2570,2620,40119400
5/18/2021,MINA,68,70,64,64,3614800
5/18/2021,MIRA,50,50,50,50,100
5/18/2021,MITI,63,63,63,63,0
5/18/2021,MKNT,50,50,50,50,5343700
5/18/2021,MKPI,25800,25800,25800,25800,0
5/18/2021,MLBI,8800,8825,8675,8750,31400
5/18/2021,MLIA,1175,1210,1135,1170,3824400
5/18/2021,MLPL,282,352,270,346,1264492800
5/18/2021,MLPT,1720,1900,1600,1845,1120500
5/18/2021,MMLP,420,434,410,420,6460000
5/18/2021,MNCN,910,935,910,920,26164000
5/18/2021,MOLI,865,890,810,875,4300
5/18/2021,MPMX,705,730,705,720,8243900
5/18/2021,MPOW,109,122,109,118,7736500
5/18/2021,MPPA,925,1110,885,1055,345790800
5/18/2021,MPRO,620,620,600,610,10000
5/18/2021,MRAT,200,214,200,210,510700
5/18/2021,MREI,4900,4900,4900,4900,500
5/18/2021,MSIN,149,149,142,146,3810400
5/18/2021,MSKY,660,660,650,650,22600
5/18/2021,MTDL,1690,1710,1690,1700,1750500
5/18/2021,MTFN,50,50,50,50,100
5/18/2021,MTLA,426,426,418,426,5500
5/18/2021,MTPS,132,136,123,133,2349600
5/18/2021,MTRA,244,244,244,244,0
5/18/2021,MTSM,185,185,179,179,4100
5/18/2021,MTWI,144,148,138,141,4704400
5/18/2021,MYOH,1430,1445,1430,1430,37400
5/18/2021,MYOR,2510,2560,2490,2530,911400
5/18/2021,MYRX,50,50,50,50,0
5/18/2021,MYRXP,50,50,50,50,0
5/18/2021,MYTX,122,149,120,127,44466200
5/18/2021,NASA,104,104,104,104,0
5/18/2021,NATO,625,635,585,595,276334400
5/18/2021,NATO-W,442,442,161,161,900
5/18/2021,NELY,210,216,210,214,964200
5/18/2021,NFCX,3020,3050,3000,3040,208900
5/18/2021,NICK,270,270,260,268,300
5/18/2021,NIKL,1015,1050,950,1005,1265700
5/18/2021,NIPS,282,282,282,282,0
5/18/2021,NIRO,159,159,149,149,1100
5/18/2021,NISP,795,800,790,795,370500
5/18/2021,NOBU,810,820,800,805,696300
5/18/2021,NPGF,96,103,94,102,43153700
5/18/2021,NRCA,320,320,298,300,2787800
5/18/2021,NUSA,50,50,50,50,0
5/18/2021,NZIA,156,162,146,157,474200
5/18/2021,OASA,268,268,232,262,100400
5/18/2021,OCAP,159,159,159,159,0
5/18/2021,OKAS,92,92,88,90,1451900
5/18/2021,OMRE,1100,1355,1100,1355,312600
5/18/2021,OPMS,660,665,625,655,11679300
5/18/2021,PADI,50,50,50,50,12000
5/18/2021,PALM,360,360,354,358,1577300
5/18/2021,PAMG,82,87,80,83,3361400
5/18/2021,PANI,105,130,105,109,85100
5/18/2021,PANR,140,140,133,137,415500
5/18/2021,PANS,1175,1185,1165,1180,277000
5/18/2021,PBID,1970,1985,1950,1965,1889300
5/18/2021,PBRX,160,161,153,158,2906500
5/18/2021,PBSA,520,545,500,530,3200
5/18/2021,PCAR,260,262,250,250,64300
5/18/2021,PDES,310,310,300,308,55100
5/18/2021,PEGE,169,169,148,148,14000
5/18/2021,PEHA,1220,1220,1175,1185,231100
5/18/2021,PGAS,1115,1150,1105,1145,107898100
5/18/2021,PGJO,48,49,48,49,18000
5/18/2021,PGLI,206,210,199,208,22500
5/18/2021,PGUN,228,228,216,228,300
5/18/2021,PICO,132,134,129,131,94600
5/18/2021,PJAA,535,540,525,535,157700
5/18/2021,PKPK,63,72,63,67,4083300
5/18/2021,PLAN,30,31,29,31,4348100
5/18/2021,PLAN-W,10,10,8,9,3215400
5/18/2021,PLAS,50,50,50,50,0
5/18/2021,PLIN,2450,2450,2450,2450,0
5/18/2021,PMJS,123,123,119,122,743400
5/18/2021,PMMP,348,356,344,356,9177200
5/18/2021,PNBN,885,885,850,875,3075200
5/18/2021,PNBS,132,141,125,136,247901800
5/18/2021,PNGO,1445,1450,1445,1450,1700
5/18/2021,PNIN,780,780,745,760,122400
5/18/2021,PNLF,187,187,183,185,30650100
5/18/2021,PNSE,470,490,468,488,800
5/18/2021,POLA,150,160,150,151,183700
5/18/2021,POLA-W,70,79,65,66,203800
5/18/2021,POLI,1360,1360,1360,1360,0
5/18/2021,POLL,2450,2520,2360,2450,4324400
5/18/2021,POLU,470,470,420,440,500
5/18/2021,POLY,59,63,58,63,2700100
5/18/2021,POOL,50,50,50,50,0
5/18/2021,PORT,448,560,448,464,19600
5/18/2021,POSA,50,50,50,50,0
5/18/2021,POWR,680,680,660,670,3551600
5/18/2021,PPGL,64,66,61,64,16869900
5/18/2021,PPGL-W,12,12,11,11,1258600
5/18/2021,PPRE,190,194,187,189,15778300
5/18/2021,PPRO,79,83,77,81,152823700
5/18/2021,PRAS,148,156,140,144,112300
5/18/2021,PRDA,4210,4410,4210,4410,157100
5/18/2021,PRIM,183,184,180,184,323400
5/18/2021,PSAB,204,208,202,204,36482100
5/18/2021,PSDN,166,171,160,171,29700
5/18/2021,PSGO,120,122,116,120,9200
5/18/2021,PSKT,50,50,50,50,300
5/18/2021,PSSI,250,250,242,250,710900
5/18/2021,PTBA,2270,2280,2230,2260,12949900
5/18/2021,PTDU,2100,2160,2100,2140,1074100
5/18/2021,PTIS,324,330,310,314,10400
5/18/2021,PTPP,1185,1195,1130,1175,28953000
5/18/2021,PTPW,1190,1190,1175,1180,376600
5/18/2021,PTRO,2030,2070,2000,2070,911400
5/18/2021,PTSN,199,199,196,198,1014700
5/18/2021,PTSP,5600,5600,5600,5600,500
5/18/2021,PUDP,248,248,228,238,2500
5/18/2021,PURA,115,117,110,115,299848400
5/18/2021,PURA-W,26,27,25,26,4281200
5/18/2021,PURE,111,116,110,112,7495200
5/18/2021,PURI,406,408,390,390,7700
5/18/2021,PWON,500,510,496,510,28168800
5/18/2021,PYFA,935,1000,935,950,648700
5/18/2021,PZZA,670,690,660,665,2204300
5/18/2021,R-ABFII,28600,28600,28600,28600,0
5/18/2021,R-LQ45X,923,925,910,921,48700
5/18/2021,RAJA,224,234,222,230,30056400
5/18/2021,RALS,710,720,690,715,25939600
5/18/2021,RANC,535,660,530,630,15993400
5/18/2021,RBMS,52,52,50,52,6202600
5/18/2021,RDTX,7250,7250,7250,7250,200
5/18/2021,REAL,50,50,50,50,3500
5/18/2021,RELI,328,328,328,328,0
5/18/2021,RICY,103,106,99,100,590700
5/18/2021,RIGS,206,208,206,206,36300
5/18/2021,RIMO,50,50,50,50,0
5/18/2021,RISE,438,440,436,438,314500
5/18/2021,RMBA,276,296,276,296,16400
5/18/2021,ROCK,520,540,520,540,3800
5/18/2021,RODA,72,74,67,67,6957900
5/18/2021,RONY,159,159,159,159,0
5/18/2021,ROTI,1400,1400,1385,1390,817900
5/18/2021,RUIS,236,236,226,234,866000
5/18/2021,SAFE,171,175,171,171,400
5/18/2021,SAME,525,545,510,535,51651500
5/18/2021,SAMF,1400,1660,1345,1660,33983400
5/18/2021,SAPX,1080,1195,995,1075,551800
5/18/2021,SATU,50,51,50,50,2811400
5/18/2021,SBAT,50,50,50,50,9886200
5/18/2021,SBAT-W,9,10,9,10,4208800
5/18/2021,SCCO,11375,11375,11350,11350,9000
5/18/2021,SCMA,1385,1435,1385,1435,19794200
5/18/2021,SCNP,246,248,246,248,706900
5/18/2021,SCPI,29000,29000,29000,29000,0
5/18/2021,SDMU,54,54,50,52,5493200
5/18/2021,SDPC,130,131,129,130,133800
5/18/2021,SDRA,680,685,670,685,29700
5/18/2021,SFAN,1290,1295,1280,1295,291500
5/18/2021,SGER,250,252,248,250,76100
5/18/2021,SGER-W,125,135,110,110,44100
5/18/2021,SGRO,1990,1990,1920,1935,169700
5/18/2021,SHID,2480,2480,2480,2480,400
5/18/2021,SHIP,670,680,665,680,1221800
5/18/2021,SIDO,780,780,765,780,7454400
5/18/2021,SILO,8475,8600,8325,8400,553000
5/18/2021,SIMA,50,50,50,50,0
5/18/2021,SIMP,520,565,520,560,16448000
5/18/2021,SINI,354,354,320,338,2000
5/18/2021,SINI-W,180,180,180,180,100
5/18/2021,SIPD,1275,1275,1275,1275,1700
5/18/2021,SKBM,380,380,338,352,8300
5/18/2021,SKLT,2350,2350,2350,2350,0
5/18/2021,SKRN,680,705,660,680,3448200
5/18/2021,SKYB,51,51,51,51,0
5/18/2021,SLIS,9225,9275,9200,9200,6400
5/18/2021,SMAR,4590,5300,4580,4810,18000
5/18/2021,SMBR,730,735,690,720,7596500
5/18/2021,SMCB,1735,1735,1715,1720,55600
5/18/2021,SMDM,124,127,119,126,183800
5/18/2021,SMDR,462,490,450,488,10558600
5/18/2021,SMGR,9725,9800,9250,9525,5544500
5/18/2021,SMKL,202,204,202,204,718100
5/18/2021,SMKL-W,15,16,15,15,1805600
5/18/2021,SMMA,13000,13000,13000,13000,100
5/18/2021,SMMT,93,98,91,94,1065200
5/18/2021,SMRA,920,945,915,945,8391600
5/18/2021,SMRU,50,50,50,50,0
5/18/2021,SMSM,1220,1220,1205,1210,849600
5/18/2021,SNLK,825,850,795,810,11738600
5/18/2021,SOCI,212,228,208,228,60059200
5/18/2021,SOFA,95,97,93,93,60600
5/18/2021,SOFA-W,7,7,6,7,5228000
5/18/2021,SOHO,4980,4980,4720,4750,50600
5/18/2021,SONA,5475,5475,5475,5475,0
5/18/2021,SOSS,388,400,374,390,47800
5/18/2021,SOSS-W,37,38,34,37,39800
5/18/2021,SOTS,462,462,442,454,5203500
5/18/2021,SOTS-W,62,94,62,79,28800
5/18/2021,SPMA,555,570,550,565,468800
5/18/2021,SPTO,466,470,462,468,162000
5/18/2021,SQMI,302,306,298,304,1453200
5/18/2021,SRAJ,161,164,159,159,43000
5/18/2021,SRIL,146,146,146,146,0
5/18/2021,SRSN,60,60,55,57,9515300
5/18/2021,SRTG,1130,1135,1065,1100,8802300
5/18/2021,SSIA,448,452,444,448,1597900
5/18/2021,SSMS,905,915,890,915,5267800
5/18/2021,SSTM,432,436,432,436,1200
5/18/2021,STAR,109,109,99,100,11700
5/18/2021,STTP,7650,7650,7300,7300,400
5/18/2021,SUGI,50,50,50,50,0
5/18/2021,SULI,50,50,50,50,55500
5/18/2021,SUPR,6400,6400,6400,6400,100
5/18/2021,SURE,2000,2000,2000,2000,0
5/18/2021,SWAT,93,100,93,94,2457600
5/18/2021,TALF,286,290,286,288,1300
5/18/2021,TAMA,52,53,51,52,921700
5/18/2021,TAMA-W,13,14,12,13,1265600
5/18/2021,TAMU,50,50,50,50,100
5/18/2021,TAPG,745,780,715,775,175788400
5/18/2021,TARA,50,50,50,50,0
5/18/2021,TAXI,50,50,50,50,0
5/18/2021,TBIG,2490,2530,2460,2480,59767400
5/18/2021,TBLA,895,895,875,885,1383200
5/18/2021,TBMS,1500,1505,1480,1480,11600
5/18/2021,TCID,6075,6075,6000,6025,1400
5/18/2021,TCPI,7725,7925,7600,7700,14205900
5/18/2021,TDPM,119,119,119,119,0
5/18/2021,TEBE,458,458,428,432,162700
5/18/2021,TECH,2380,2380,2380,2380,0
5/18/2021,TELE,121,121,121,121,0
5/18/2021,TFAS,2900,2900,2900,2900,0
5/18/2021,TFCO,410,410,410,410,100
5/18/2021,TGKA,8850,9025,8850,8875,12900
5/18/2021,TGRA,130,133,123,125,39419400
5/18/2021,TIFA,1120,1120,1120,1120,100
5/18/2021,TINS,1715,1775,1700,1755,80096100
5/18/2021,TIRA,266,274,258,270,59100
5/18/2021,TIRT,51,52,50,50,1521100
5/18/2021,TKIM,10775,11100,10500,10700,3350700
5/18/2021,TLKM,3190,3190,3150,3180,77310400
5/18/2021,TMAS,170,234,167,226,20958200
5/18/2021,TMPO,133,133,133,133,1100
5/18/2021,TNCA,356,362,340,340,206100
5/18/2021,TOBA,498,500,490,500,129100
5/18/2021,TOPS,50,50,50,50,1100
5/18/2021,TOTL,320,320,314,318,1755800
5/18/2021,TOTO,214,214,208,212,129300
5/18/2021,TOWR,1135,1180,1135,1175,36562800
5/18/2021,TOYS,149,157,147,157,19771400
5/18/2021,TOYS-W,15,16,14,16,13531500
5/18/2021,TPIA,8225,8300,7975,7975,3056100
5/18/2021,TPMA,1020,1020,1020,1020,1000
5/18/2021,TRAM,50,50,50,50,0
5/18/2021,TRIL,50,50,50,50,0
5/18/2021,TRIM,130,135,125,134,334300
5/18/2021,TRIN,160,163,159,161,1297600
5/18/2021,TRIN-W,18,18,16,17,132000
5/18/2021,TRIO,426,426,426,426,0
5/18/2021,TRIS,131,147,131,136,4348500
5/18/2021,TRIS-W,6,6,6,6,100
5/18/2021,TRJA,167,172,167,171,57400
5/18/2021,TRST,430,430,430,430,0
5/18/2021,TRUK,94,96,91,92,6468700
5/18/2021,TRUS,312,312,310,310,200
5/18/2021,TSPC,1500,1510,1490,1500,838400
5/18/2021,TUGU,1530,1535,1510,1535,63300
5/18/2021,TURI,1255,1255,1255,1255,100000
5/18/2021,UANG,466,486,462,486,13200
5/18/2021,UCID,1550,1555,1540,1550,562600
5/18/2021,UFOE,1010,1010,1010,1010,0
5/18/2021,ULTJ,1525,1535,1515,1530,306500
5/18/2021,UNIC,7575,7575,7250,7575,2600
5/18/2021,UNIQ,102,111,100,108,16360200
5/18/2021,UNIT,316,316,316,316,0
5/18/2021,UNSP,113,115,113,115,105400
5/18/2021,UNTR,21650,22200,21625,21900,5605200
5/18/2021,UNVR,5650,5650,5525,5575,12773900
5/18/2021,URBN,468,468,420,436,19500
5/18/2021,URBN-W,31,32,29,29,1654700
5/18/2021,VICI,352,360,352,360,4269600
5/18/2021,VICO,138,138,131,135,206800
5/18/2021,VINS,100,107,100,104,1192200
5/18/2021,VIVA,58,58,55,56,30559400
5/18/2021,VOKS,197,200,197,198,7300
5/18/2021,VRNA,175,184,161,161,1432200
5/18/2021,WAPO,110,110,99,100,2287700
5/18/2021,WEGE,202,204,199,202,8518000
5/18/2021,WEHA,74,75,70,71,3267100
5/18/2021,WICO,410,420,410,420,200
5/18/2021,WIFI,1020,1035,995,1030,28280600
5/18/2021,WIFI-W,575,665,492,580,592700
5/18/2021,WIIM,695,725,665,710,18620600
5/18/2021,WIKA,1360,1380,1335,1365,8670600
5/18/2021,WINS,97,111,96,98,100320100
5/18/2021,WMUU,198,202,193,196,28129400
5/18/2021,WOMF,240,242,240,242,71600
5/18/2021,WOOD,760,775,745,775,11039100
5/18/2021,WOWS,54,54,51,52,34360900
5/18/2021,WSBP,184,187,179,183,29362300
5/18/2021,WSKT,1015,1030,990,1015,22126100
5/18/2021,WTON,284,290,276,282,8817700
5/18/2021,XAFA,1063,1063,1063,1063,500
5/18/2021,XAQA,853,862,853,862,1200
5/18/2021,XBES,872,872,866,866,400
5/18/2021,XBID,484,484,484,484,100
5/18/2021,XBIN,449,449,449,449,100
5/18/2021,XBLQ,438,438,438,438,0
5/18/2021,XBNI,929,935,927,930,2500
5/18/2021,XBSK,349,349,349,349,100
5/18/2021,XCID,83,88,82,86,101600
5/18/2021,XCIS,105,105,105,105,0
5/18/2021,XCLQ,91,91,91,91,6000
5/18/2021,XDIF,437,437,435,435,200
5/18/2021,XDSG,892,892,892,892,100
5/18/2021,XIFE,94,94,93,94,9500
5/18/2021,XIHD,427,431,425,425,54700
5/18/2021,XIIC,938,938,938,938,100
5/18/2021,XIID,467,471,467,471,200
5/18/2021,XIIF,520,527,517,526,600
5/18/2021,XIIT,482,482,478,482,23900
5/18/2021,XIJI,570,576,569,575,46100
5/18/2021,XILV,105,106,104,104,29800
5/18/2021,XIML,234,234,234,234,100
5/18/2021,XIPI,165,165,161,161,7000
5/18/2021,XISB,398,398,398,398,0
5/18/2021,XISC,686,686,683,683,1000
5/18/2021,XISI,305,306,305,306,500
5/18/2021,XISR,346,350,346,350,1500
5/18/2021,XKIV,450,450,450,450,0
5/18/2021,XKMS,960,968,960,968,2800
5/18/2021,XMIG,165,165,165,165,0
5/18/2021,XMJM,1001,1001,1001,1001,0
5/18/2021,XMTS,433,433,433,433,0
5/18/2021,XNVE,140,140,140,140,800
5/18/2021,XPCR,837,837,837,837,100
5/18/2021,XPDV,416,416,415,415,2200
5/18/2021,XPES,358,358,357,357,600
5/18/2021,XPFT,488,488,488,488,0
5/18/2021,XPID,478,478,474,474,200
5/18/2021,XPLC,413,413,413,413,100
5/18/2021,XPLQ,448,448,448,448,0
5/18/2021,XPMI,840,840,840,840,300
5/18/2021,XPSG,368,368,368,368,0
5/18/2021,XPTD,476,476,476,476,0
5/18/2021,XSBC,100,100,100,100,0
5/18/2021,XSMU,123,125,123,125,2500
5/18/2021,XSPI,750,750,750,750,0
5/18/2021,XSRI,172,172,172,172,0
5/18/2021,XSSI,81,81,79,80,24500
5/18/2021,XSSK,592,592,592,592,100
5/18/2021,YELO,113,113,105,107,8934100
5/18/2021,YELO-W,33,33,30,30,2764900
5/18/2021,YPAS,400,400,400,400,300
5/18/2021,YULE,438,438,438,438,3900
5/18/2021,ZBRA,960,995,915,955,1415600
5/18/2021,ZINC,164,175,164,164,14119600
5/18/2021,ZONE,432,432,430,432,120100
5/18/2021,ZYRX,468,505,442,505,12969500
5/18/2021,ZYRX-W,52,52,48,51,6126500
