<date>,<ticker>,<open>,<high>,<low>,<close>,<volume>
2/3/2021,IHSG,6096.584,6137.681,6047.412,6077.745,235373114
2/3/2021,AALI,11150,11325,11000,11000,2163400
2/3/2021,ABBA,59,69,58,62,82320300
2/3/2021,ABDA,5900,5900,5900,5900,0
2/3/2021,ABMM,710,715,700,710,37100
2/3/2021,ACES,1635,1690,1625,1650,33377000
2/3/2021,ACST,370,388,368,384,57879600
2/3/2021,ADES,1580,1600,1570,1575,52400
2/3/2021,ADHI,1400,1470,1355,1405,24822400
2/3/2021,ADMF,8400,8400,8350,8375,186900
2/3/2021,ADMG,163,170,162,167,1511800
2/3/2021,ADRO,1200,1210,1155,1170,173080500
2/3/2021,AGAR,410,410,394,396,5300
2/3/2021,AGII,1515,1520,1410,1410,31698100
2/3/2021,AGRO,820,860,755,845,204467700
2/3/2021,AGRS,208,212,204,212,19600
2/3/2021,AHAP,59,59,57,57,32100
2/3/2021,AIMS,130,160,129,129,55900
2/3/2021,AISA,276,276,254,254,162708600
2/3/2021,AKKU,50,50,50,50,2400
2/3/2021,AKPI,480,480,480,480,1600
2/3/2021,AKRA,3250,3370,3220,3370,39506800
2/3/2021,AKSI,615,700,570,700,1146000
2/3/2021,ALDO,440,460,428,448,18500
2/3/2021,ALKA,286,286,262,262,2700
2/3/2021,ALMI,266,266,258,258,43100
2/3/2021,ALTO,308,328,306,328,2200
2/3/2021,AMAG,220,232,218,230,145400
2/3/2021,AMAN,324,324,324,324,116000
2/3/2021,AMAR,248,260,248,260,2143700
2/3/2021,AMFG,2900,3000,2900,3000,700
2/3/2021,AMIN,254,270,254,270,5400
2/3/2021,AMOR,3200,3240,3200,3240,1107600
2/3/2021,AMRT,785,795,780,780,301200
2/3/2021,ANDI,53,53,51,52,7531800
2/3/2021,ANJT,625,630,610,630,1600
2/3/2021,ANTM,2390,2520,2290,2330,948031000
2/3/2021,APEX,580,580,580,580,47500
2/3/2021,APIC,815,835,810,835,11408400
2/3/2021,APII,172,180,169,180,95700
2/3/2021,APLI,196,196,183,193,1000
2/3/2021,APLN,164,171,162,167,64496200
2/3/2021,ARGO,1890,2160,1625,1820,17600
2/3/2021,ARII,238,238,210,214,21900
2/3/2021,ARKA,50,50,50,50,3349200
2/3/2021,ARMY,50,50,50,50,0
2/3/2021,ARNA,705,720,685,700,8253700
2/3/2021,ARTA,252,290,252,290,800
2/3/2021,ARTI,50,50,50,50,1000
2/3/2021,ARTO,7200,7225,6975,6975,2291500
2/3/2021,ASBI,296,296,296,296,100
2/3/2021,ASDM,905,905,880,895,3000
2/3/2021,ASGR,795,805,790,800,291300
2/3/2021,ASII,6075,6275,5950,6150,76420800
2/3/2021,ASJT,210,216,208,216,159600
2/3/2021,ASMI,945,955,945,955,10700
2/3/2021,ASPI,69,69,66,67,427600
2/3/2021,ASPI-W,8,8,6,6,392300
2/3/2021,ASRI,210,216,204,212,77686800
2/3/2021,ASRM,1560,1560,1560,1560,1500
2/3/2021,ASSA,850,865,810,840,10488300
2/3/2021,ATAP,112,112,100,104,158700
2/3/2021,ATIC,660,690,660,690,10500
2/3/2021,AUTO,1030,1070,1015,1070,1361200
2/3/2021,AYLS,50,50,50,50,4000
2/3/2021,AYLS-W,1,2,1,1,15192000
2/3/2021,BABP,50,50,50,50,2133200
2/3/2021,BABP-W3,18,44,18,42,13000
2/3/2021,BABP-W4,8,9,8,9,83200
2/3/2021,BACA,380,382,380,382,2300
2/3/2021,BACA-W2,100,100,100,100,0
2/3/2021,BAJA,112,124,112,121,645900
2/3/2021,BALI,730,730,725,730,2200
2/3/2021,BANK,252,252,252,252,164300
2/3/2021,BANK-W,250,250,250,250,1803600
2/3/2021,BAPA,50,50,50,50,5200
2/3/2021,BAPI,50,50,50,50,1000
2/3/2021,BAPI-W,2,2,1,2,2186400
2/3/2021,BATA,610,615,610,615,600
2/3/2021,BAYU,1055,1060,1055,1060,900
2/3/2021,BBCA,35000,35000,34125,34125,13458200
2/3/2021,BBHI,700,825,695,825,19217100
2/3/2021,BBKP,472,500,462,488,527098100
2/3/2021,BBLD,276,286,270,282,319500
2/3/2021,BBMD,1400,1400,1400,1400,100
2/3/2021,BBNI,6050,6400,5975,6300,119776800
2/3/2021,BBRI,4480,4480,4360,4380,112944600
2/3/2021,BBRM,50,50,50,50,1200
2/3/2021,BBSI,1475,1780,1330,1400,1607300
2/3/2021,BBSS,86,88,83,85,431700
2/3/2021,BBSS-W,3,3,2,3,621700
2/3/2021,BBTN,1780,1800,1710,1730,87229000
2/3/2021,BBYB,328,354,320,332,1302800
2/3/2021,BCAP,138,142,134,140,47125500
2/3/2021,BCIC,700,700,700,700,0
2/3/2021,BCIP,58,60,57,59,1308600
2/3/2021,BDMN,3020,3110,2990,3110,2871000
2/3/2021,BEEF,134,143,127,129,29461000
2/3/2021,BEKS,70,78,70,74,139066000
2/3/2021,BELL,151,152,151,151,1038900
2/3/2021,BESS,240,250,226,250,935900
2/3/2021,BESS-W,116,116,81,114,30100
2/3/2021,BEST,152,162,150,158,104525200
2/3/2021,BFIN,695,705,675,680,31501400
2/3/2021,BGTG,68,72,68,71,3116500
2/3/2021,BHAT,675,690,645,645,186798800
2/3/2021,BHIT,59,59,56,58,52813800
2/3/2021,BIKA,175,185,168,174,3800
2/3/2021,BIMA,50,50,50,50,0
2/3/2021,BINA,860,920,840,890,2559100
2/3/2021,BIPI,50,50,50,50,648900
2/3/2021,BIPI-W,9,9,9,9,941900
2/3/2021,BIPP,50,50,50,50,1100
2/3/2021,BIRD,1300,1310,1250,1270,2539200
2/3/2021,BISI,1165,1170,1130,1140,392800
2/3/2021,BJBR,1520,1565,1475,1535,18100900
2/3/2021,BJTM,760,795,755,785,51476300
2/3/2021,BKDP,50,50,50,50,600
2/3/2021,BKSL,50,51,50,50,92825600
2/3/2021,BKSW,99,104,97,101,10500
2/3/2021,BLTA,50,50,50,50,11800
2/3/2021,BLTZ,3000,3000,3000,3000,0
2/3/2021,BLUE,710,715,705,710,192500
2/3/2021,BMAS,340,356,334,352,4300
2/3/2021,BMRI,6600,6650,6450,6500,83522300
2/3/2021,BMSR,76,76,72,76,333100
2/3/2021,BMTR,270,274,264,266,72803300
2/3/2021,BNBA,428,444,426,436,1052900
2/3/2021,BNBR,50,50,50,50,73500
2/3/2021,BNGA,915,980,900,980,14124600
2/3/2021,BNII,324,372,320,348,99604200
2/3/2021,BNLI,2300,2390,2170,2210,1860300
2/3/2021,BOGA,1320,1340,1320,1330,40133200
2/3/2021,BOLA,270,280,248,270,18801600
2/3/2021,BOLT,770,770,720,720,11400
2/3/2021,BOSS,110,128,107,117,76196400
2/3/2021,BPFI,1150,1150,1150,1150,0
2/3/2021,BPII,7950,7950,7950,7950,0
2/3/2021,BPTR,76,80,76,79,19900
2/3/2021,BRAM,5000,5000,5000,5000,1000
2/3/2021,BRIS,2610,2810,2500,2750,415461700
2/3/2021,BRMS,86,88,81,84,221190100
2/3/2021,BRNA,1170,1175,1100,1175,7300
2/3/2021,BRPT,1150,1165,1065,1115,118890000
2/3/2021,BRPT-W,945,955,945,955,1500
2/3/2021,BSDE,1170,1195,1140,1170,27830900
2/3/2021,BSIM,570,580,560,570,13800
2/3/2021,BSIM-W3,14,15,14,15,13300
2/3/2021,BSSR,1560,1560,1500,1500,23400
2/3/2021,BSWD,1750,1750,1750,1750,0
2/3/2021,BTEK,50,50,50,50,900
2/3/2021,BTEL,50,50,50,50,0
2/3/2021,BTON,306,306,304,306,20200
2/3/2021,BTPN,2760,2820,2700,2790,41800
2/3/2021,BTPS,3600,3690,3560,3560,6554000
2/3/2021,BUDI,99,100,97,99,610800
2/3/2021,BUKK,850,900,850,900,1500
2/3/2021,BULL,366,396,364,392,295738600
2/3/2021,BULL-W2,170,180,155,170,62400
2/3/2021,BUMI,65,65,59,60,1492884900
2/3/2021,BUVA,51,52,50,52,277300
2/3/2021,BVIC,113,121,113,117,685100
2/3/2021,BWPT,117,117,113,116,41957000
2/3/2021,BYAN,14500,14500,14500,14500,500
2/3/2021,CAKK,62,67,61,64,11097400
2/3/2021,CAMP,234,254,230,246,25208300
2/3/2021,CANI,540,615,458,458,365600
2/3/2021,CARE,306,316,302,308,117682100
2/3/2021,CARS,50,50,50,50,26100
2/3/2021,CASA,356,356,356,356,1900
2/3/2021,CASA-W,71,71,71,71,0
2/3/2021,CASH,332,356,298,318,1051900
2/3/2021,CASH-W,6,6,4,6,353700
2/3/2021,CASS,228,230,218,224,353700
2/3/2021,CBMF,458,458,424,444,106700
2/3/2021,CCSI,228,230,220,226,225300
2/3/2021,CEKA,1805,1820,1800,1815,23800
2/3/2021,CENT,156,157,152,156,1724900
2/3/2021,CFIN,236,240,228,230,1704400
2/3/2021,CINT,218,220,218,220,300
2/3/2021,CITA,2720,2780,2620,2780,11100
2/3/2021,CITY,189,189,168,169,51100
2/3/2021,CITY-W,65,65,41,56,114300
2/3/2021,CLAY,1355,1445,1355,1445,5800
2/3/2021,CLEO,496,496,488,490,4985800
2/3/2021,CLPI,775,795,765,775,153500
2/3/2021,CMNP,1410,1440,1395,1425,898900
2/3/2021,CMNP-W,450,490,450,490,796800
2/3/2021,CMPP,184,184,184,184,0
2/3/2021,CNKO,50,50,50,50,0
2/3/2021,CNTB,250,250,250,250,0
2/3/2021,CNTX,189,190,180,190,44800
2/3/2021,COCO,464,464,464,464,388000
2/3/2021,COCO-W,110,450,110,450,1800
2/3/2021,COWL,50,50,50,50,0
2/3/2021,CPIN,6025,6075,5775,5775,9281500
2/3/2021,CPRI,50,50,50,50,600
2/3/2021,CPRI-W,11,11,11,11,175000
2/3/2021,CPRO,50,50,50,50,400
2/3/2021,CSAP,372,372,372,372,69500
2/3/2021,CSIS,57,58,54,56,7498400
2/3/2021,CSMI,1150,1195,1025,1110,9800
2/3/2021,CSRA,308,310,296,300,589200
2/3/2021,CTBN,2930,2930,2930,2930,0
2/3/2021,CTRA,960,975,950,950,23490800
2/3/2021,CTTH,50,51,50,50,47900
2/3/2021,DADA,50,50,50,50,1935200
2/3/2021,DADA-W,3,4,3,3,4386600
2/3/2021,DART,200,200,200,200,0
2/3/2021,DAYA,400,400,362,362,2000
2/3/2021,DCII,7425,7425,7425,7425,34000
2/3/2021,DEAL,140,148,138,142,41442300
2/3/2021,DEAL-W,5,5,5,5,0
2/3/2021,DEFI,1680,1685,1680,1685,11200
2/3/2021,DEWA,50,50,50,50,6276800
2/3/2021,DFAM,171,179,171,179,5600
2/3/2021,DFAM-W,119,119,119,119,200
2/3/2021,DGIK,50,50,50,50,10300
2/3/2021,DGNS,750,750,695,695,1704800
2/3/2021,DIGI,376,376,374,376,13100
2/3/2021,DILD,208,216,206,212,23765800
2/3/2021,DIVA,2300,2300,2300,2300,52600
2/3/2021,DKFT,154,160,152,154,20207600
2/3/2021,DLTA,3740,3850,3700,3800,44300
2/3/2021,DMAS,222,224,216,218,69869700
2/3/2021,DMMX,264,268,254,260,47627000
2/3/2021,DMND,900,910,900,905,2900
2/3/2021,DNAR,170,171,170,171,57400
2/3/2021,DNET,3370,3370,3360,3360,1200
2/3/2021,DOID,306,308,296,298,38170900
2/3/2021,DPNS,264,286,262,284,24300
2/3/2021,DPUM,50,50,50,50,84000
2/3/2021,DSFI,66,66,64,66,152700
2/3/2021,DSNG,565,585,560,580,22377800
2/3/2021,DSSA,11950,11950,11950,11950,0
2/3/2021,DUCK,270,306,270,280,41712400
2/3/2021,DUTI,3660,3660,3570,3570,2500
2/3/2021,DVLA,2410,2430,2390,2390,2600
2/3/2021,DWGL,170,170,160,160,4300
2/3/2021,DWGL-W,26,26,26,26,0
2/3/2021,DYAN,56,59,56,57,1820600
2/3/2021,EAST,57,57,54,55,257600
2/3/2021,EAST-W,4,5,4,5,217900
2/3/2021,ECII,1090,1120,1020,1120,9600
2/3/2021,EKAD,1190,1235,1190,1220,156800
2/3/2021,ELSA,376,384,372,376,230512900
2/3/2021,ELTY,50,50,50,50,24600
2/3/2021,EMDE,188,188,188,188,10100
2/3/2021,EMTK,2100,2130,2060,2120,18081200
2/3/2021,ENRG,107,112,107,108,85795300
2/3/2021,ENVY,50,50,50,50,0
2/3/2021,ENZO,50,50,50,50,51600
2/3/2021,ENZO-W,7,7,5,6,214100
2/3/2021,EPAC,74,77,72,73,282200
2/3/2021,EPMT,2100,2250,2100,2140,10800
2/3/2021,ERAA,2710,2930,2690,2760,31363600
2/3/2021,ERTX,113,114,113,114,2000
2/3/2021,ESIP,74,76,72,72,9270100
2/3/2021,ESIP-W,6,6,5,6,738200
2/3/2021,ESSA,234,236,222,230,17617500
2/3/2021,ESTA,105,111,100,110,590900
2/3/2021,ESTI,67,70,67,67,4140200
2/3/2021,ETWA,62,62,62,62,0
2/3/2021,EXCL,2310,2380,2260,2340,26217900
2/3/2021,FAPA,2450,2450,2430,2440,16300
2/3/2021,FAST,1010,1040,1010,1040,16900
2/3/2021,FASW,7600,7600,7600,7600,0
2/3/2021,FILM,324,324,302,302,5070100
2/3/2021,FINN,50,50,50,50,0
2/3/2021,FIRE,580,650,545,545,26038800
2/3/2021,FISH,3600,3600,3600,3600,0
2/3/2021,FITT,89,99,85,86,70200
2/3/2021,FITT-W,33,34,30,32,39200
2/3/2021,FMII,650,650,605,605,7600
2/3/2021,FOOD,100,100,98,98,254300
2/3/2021,FORU,101,101,93,94,4300
2/3/2021,FORZ,50,50,50,50,300
2/3/2021,FPNI,224,236,218,222,17708300
2/3/2021,FREN,59,60,58,58,128336100
2/3/2021,FREN-W,32,32,30,31,91500
2/3/2021,FUJI,120,120,115,120,10800
2/3/2021,GAMA,50,50,50,50,300
2/3/2021,GDST,88,103,88,94,23746000
2/3/2021,GDYR,1410,1415,1410,1415,10500
2/3/2021,GEMA,348,350,324,350,78900
2/3/2021,GEMS,2550,2550,2550,2550,0
2/3/2021,GGRM,39675,39800,38800,38825,1236800
2/3/2021,GGRP,360,360,350,360,31900
2/3/2021,GHON,1800,1800,1800,1800,10400
2/3/2021,GIAA,326,336,318,326,37143600
2/3/2021,GJTL,805,805,775,780,13254200
2/3/2021,GLOB,420,420,420,420,0
2/3/2021,GLVA,360,374,354,374,58100
2/3/2021,GMFI,113,121,111,116,34088600
2/3/2021,GMTD,17950,17950,17950,17950,0
2/3/2021,GOLD,250,256,236,256,141000
2/3/2021,GOLL,50,50,50,50,0
2/3/2021,GOOD,1250,1300,1250,1300,921400
2/3/2021,GPRA,61,68,61,65,1165200
2/3/2021,GSMF,117,117,113,116,1000
2/3/2021,GTBO,75,75,75,75,0
2/3/2021,GWSA,127,128,123,125,36000
2/3/2021,GZCO,50,50,50,50,5700
2/3/2021,HADE,50,50,50,50,0
2/3/2021,HDFA,120,128,120,128,300
2/3/2021,HDIT,286,286,270,274,3787400
2/3/2021,HDTX,120,120,120,120,0
2/3/2021,HEAL,4060,4130,4030,4050,3159200
2/3/2021,HELI,208,208,196,206,800
2/3/2021,HELI-W,2,2,1,2,967100
2/3/2021,HERO,940,945,900,945,13800
2/3/2021,HEXA,3250,3340,3250,3250,465500
2/3/2021,HITS,470,470,452,452,1300
2/3/2021,HKMU,88,92,87,90,16930500
2/3/2021,HMSP,1410,1455,1405,1430,44677000
2/3/2021,HOKI,950,975,950,970,21044200
2/3/2021,HOME,50,50,50,50,0
2/3/2021,HOMI,1365,1395,1365,1395,1277500
2/3/2021,HOTL,50,50,50,50,100
2/3/2021,HRME,50,51,50,50,4670300
2/3/2021,HRTA,216,222,214,222,1343300
2/3/2021,HRUM,6050,6325,5850,6000,10370600
2/3/2021,IATA,50,50,50,50,100
2/3/2021,IBFN,256,256,252,252,11100
2/3/2021,IBFN-W,3,5,3,3,285300
2/3/2021,IBST,8875,8875,8875,8875,0
2/3/2021,ICBP,9525,9550,9400,9425,8510200
2/3/2021,ICON,66,69,62,66,1996900
2/3/2021,IDPR,262,300,262,274,214200
2/3/2021,IFII,134,152,134,148,306400
2/3/2021,IFSH,520,520,484,486,22000
2/3/2021,IGAR,348,350,342,348,16500
2/3/2021,IIKP,50,50,50,50,0
2/3/2021,IKAI,50,50,50,50,24400
2/3/2021,IKAN,99,103,93,93,11947400
2/3/2021,IKBI,236,236,216,228,39500
2/3/2021,IMAS,1040,1080,1005,1015,12369400
2/3/2021,IMJS,328,344,322,330,2377900
2/3/2021,IMPC,1450,1470,1435,1450,1890600
2/3/2021,INAF,3080,3370,3030,3190,9468400
2/3/2021,INAI,322,328,310,326,19300
2/3/2021,INCF,65,65,61,61,2223700
2/3/2021,INCI,880,915,860,900,27300
2/3/2021,INCO,6025,6100,5750,5850,24288200
2/3/2021,INDF,6375,6450,6300,6300,10659800
2/3/2021,INDO,120,123,116,121,108100
2/3/2021,INDO-W,20,22,20,22,46300
2/3/2021,INDR,2830,2840,2650,2700,43900
2/3/2021,INDS,1915,1915,1870,1870,5400
2/3/2021,INDX,50,50,50,50,2400
2/3/2021,INDY,1435,1440,1395,1405,16048100
2/3/2021,INKP,13375,13650,13025,13075,8025500
2/3/2021,INOV,149,149,136,136,28900
2/3/2021,INPC,67,75,66,70,14535200
2/3/2021,INPC-W,5,6,4,5,7622300
2/3/2021,INPP,680,680,680,680,100
2/3/2021,INPS,7200,7200,7200,7200,400
2/3/2021,INRU,1000,1000,1000,1000,0
2/3/2021,INTA,166,172,160,162,50921100
2/3/2021,INTD,98,109,98,105,38700
2/3/2021,INTP,14300,14400,14050,14250,3709600
2/3/2021,IPCC,605,645,590,605,16228400
2/3/2021,IPCM,324,336,320,322,20352100
2/3/2021,IPOL,167,176,167,170,6925700
2/3/2021,IPTV,280,280,274,276,19892300
2/3/2021,IPTV-W,19,19,18,19,42600
2/3/2021,IRRA,1750,2000,1730,1860,66956900
2/3/2021,ISAT,5450,5450,5000,5175,7665800
2/3/2021,ISSP,176,188,175,185,31274900
2/3/2021,ITIC,570,585,550,555,3316000
2/3/2021,ITMA,655,675,640,650,11400
2/3/2021,ITMA-W,67,67,50,50,2300
2/3/2021,ITMG,12050,12050,11525,11675,5696900
2/3/2021,JAST,218,226,218,218,54165800
2/3/2021,JAWA,84,84,84,84,10000
2/3/2021,JAYA,113,123,113,120,1928500
2/3/2021,JAYA-W,4,4,3,4,2823000
2/3/2021,JECC,5800,5800,5800,5800,0
2/3/2021,JGLE,50,50,50,50,0
2/3/2021,JIHD,436,436,436,436,0
2/3/2021,JKON,302,302,290,298,850000
2/3/2021,JKSW,60,60,60,60,0
2/3/2021,JMAS,202,202,180,192,127700
2/3/2021,JPFA,1425,1425,1385,1400,15369800
2/3/2021,JRPT,540,545,535,540,2684200
2/3/2021,JSKY,190,208,186,190,246936900
2/3/2021,JSMR,4480,4530,4410,4460,3638600
2/3/2021,JSPT,835,835,835,835,9300
2/3/2021,JTPE,1160,1215,1155,1215,1141000
2/3/2021,KAEF,3300,3720,3270,3500,51684900
2/3/2021,KARW,64,66,62,62,5800
2/3/2021,KAYU,64,65,62,63,1391900
2/3/2021,KBAG,50,50,50,50,12304500
2/3/2021,KBAG-W,4,4,3,4,4605900
2/3/2021,KBLI,400,408,398,400,2573500
2/3/2021,KBLM,216,216,210,210,21100
2/3/2021,KBLV,386,400,386,400,10800
2/3/2021,KBRI,50,50,50,50,0
2/3/2021,KDSI,780,825,760,815,37600
2/3/2021,KEEN,322,328,318,328,2171500
2/3/2021,KEJU,1400,1400,1355,1370,65200
2/3/2021,KIAS,50,50,50,50,91300
2/3/2021,KICI,196,196,196,196,200
2/3/2021,KIJA,160,172,160,168,34396800
2/3/2021,KINO,2380,2380,2290,2290,280000
2/3/2021,KIOS,665,665,665,665,0
2/3/2021,KJEN,895,895,850,850,2700
2/3/2021,KKGI,302,310,294,302,168200
2/3/2021,KLBF,1525,1575,1525,1560,58843900
2/3/2021,KMDS,580,580,494,525,4100
2/3/2021,KMTR,360,360,346,354,20100
2/3/2021,KOBX,118,121,115,118,49200
2/3/2021,KOIN,150,150,140,149,107500
2/3/2021,KONI,298,298,282,284,300
2/3/2021,KOPI,525,530,525,530,5800
2/3/2021,KOTA,735,775,700,715,39327500
2/3/2021,KOTA-W,660,670,650,650,33000
2/3/2021,KPAL,50,50,50,50,3200
2/3/2021,KPAS,56,61,56,57,6420700
2/3/2021,KPAS-W,11,21,11,20,113500
2/3/2021,KPIG,104,106,100,102,22693300
2/3/2021,KRAH,436,436,436,436,0
2/3/2021,KRAS,610,685,595,665,266614400
2/3/2021,KREN,75,80,74,77,12119400
2/3/2021,LAND,175,178,169,169,614000
2/3/2021,LAPD,50,50,50,50,0
2/3/2021,LCGP,114,114,114,114,0
2/3/2021,LCKM,382,382,382,382,0
2/3/2021,LEAD,50,50,50,50,9200
2/3/2021,LIFE,4600,4600,4600,4600,0
2/3/2021,LINK,2950,3120,2870,3100,9604200
2/3/2021,LION,352,356,352,356,200
2/3/2021,LMAS,50,50,50,50,1100
2/3/2021,LMPI,137,154,123,123,72010400
2/3/2021,LMSH,360,368,360,368,900
2/3/2021,LPCK,1180,1235,1160,1210,1369000
2/3/2021,LPGI,3240,3530,3230,3230,15300
2/3/2021,LPIN,258,258,238,258,2200
2/3/2021,LPKR,185,210,183,206,238289600
2/3/2021,LPLI,77,78,77,78,5200
2/3/2021,LPPF,1165,1180,1110,1150,5285700
2/3/2021,LPPS,75,85,75,80,66000
2/3/2021,LRNA,180,184,172,184,400
2/3/2021,LSIP,1320,1335,1280,1305,21462800
2/3/2021,LTLS,500,520,496,500,93100
2/3/2021,LUCK,128,128,120,125,1027900
2/3/2021,MABA,50,50,50,50,0
2/3/2021,MAGP,50,50,50,50,300
2/3/2021,MAIN,675,685,660,670,3483000
2/3/2021,MAMI,50,50,50,50,152100
2/3/2021,MAMI-W,3,4,3,4,1571400
2/3/2021,MAMIP,600,600,600,600,0
2/3/2021,MAPA,2500,2500,2470,2490,268300
2/3/2021,MAPB,1340,1340,1340,1340,400
2/3/2021,MAPI,765,775,750,760,14782500
2/3/2021,MARI,94,99,92,94,32164300
2/3/2021,MARK,1015,1025,985,995,2235900
2/3/2021,MASA,1275,1380,1275,1360,38000
2/3/2021,MAYA,5000,5000,4980,4980,7600
2/3/2021,MBAP,2720,2770,2700,2770,52200
2/3/2021,MBSS,418,428,416,420,2467200
2/3/2021,MBTO,104,104,97,102,50000
2/3/2021,MCAS,4250,4340,4200,4270,433000
2/3/2021,MCOR,128,136,124,130,97453300
2/3/2021,MDIA,55,58,54,55,122700
2/3/2021,MDKA,2600,2680,2550,2570,89019500
2/3/2021,MDKI,220,236,216,218,3034400
2/3/2021,MDLN,51,51,51,51,0
2/3/2021,MDRN,50,50,50,50,0
2/3/2021,MEDC,700,715,685,690,208222200
2/3/2021,MEGA,8650,8900,8650,8900,44800
2/3/2021,MERK,3050,3180,3050,3160,12500
2/3/2021,META,146,157,143,149,21182400
2/3/2021,MFIN,1095,1095,1030,1050,35000
2/3/2021,MFMI,555,605,555,605,51700
2/3/2021,MGNA,50,50,50,50,0
2/3/2021,MGRO,765,775,760,765,1576200
2/3/2021,MICE,288,290,280,288,32900
2/3/2021,MIDI,1900,1900,1900,1900,100
2/3/2021,MIKA,3200,3220,3100,3150,45280600
2/3/2021,MINA,50,50,50,50,0
2/3/2021,MIRA,50,50,50,50,1100
2/3/2021,MITI,63,63,63,63,0
2/3/2021,MKNT,50,50,50,50,0
2/3/2021,MKPI,28475,28475,28475,28475,0
2/3/2021,MLBI,8850,8950,8850,8950,8600
2/3/2021,MLIA,590,605,590,605,4425200
2/3/2021,MLPL,63,63,61,63,3330100
2/3/2021,MLPT,860,865,845,860,190600
2/3/2021,MMLP,296,306,294,304,13045100
2/3/2021,MNCN,1080,1115,1065,1085,60359300
2/3/2021,MOLI,1015,1015,950,950,51800
2/3/2021,MPMX,515,540,510,530,37025600
2/3/2021,MPOW,53,53,50,50,4515200
2/3/2021,MPPA,122,125,121,121,1496000
2/3/2021,MPRO,1490,1490,1490,1490,0
2/3/2021,MRAT,159,162,158,158,324000
2/3/2021,MREI,4650,5000,4650,5000,3100
2/3/2021,MSIN,177,179,167,178,9311100
2/3/2021,MSKY,670,670,670,670,101000
2/3/2021,MTDL,1480,1525,1480,1515,265600
2/3/2021,MTFN,50,50,50,50,2200
2/3/2021,MTLA,430,430,418,428,10800
2/3/2021,MTPS,100,111,93,95,12304800
2/3/2021,MTRA,244,244,244,244,0
2/3/2021,MTSM,173,173,166,166,2000
2/3/2021,MTWI,57,63,57,57,23300
2/3/2021,MYOH,1280,1280,1260,1280,73400
2/3/2021,MYOR,2680,2680,2550,2570,9331100
2/3/2021,MYRX,50,50,50,50,0
2/3/2021,MYRXP,50,50,50,50,0
2/3/2021,MYTX,50,50,50,50,0
2/3/2021,NASA,104,104,104,104,0
2/3/2021,NATO,585,595,575,580,237427400
2/3/2021,NATO-W,400,400,400,400,0
2/3/2021,NELY,138,138,138,138,48000
2/3/2021,NFCX,1905,1905,1905,1905,400
2/3/2021,NICK,270,270,250,268,600
2/3/2021,NIKL,1255,1320,1250,1260,2488300
2/3/2021,NIPS,282,282,282,282,0
2/3/2021,NIRO,169,169,169,169,0
2/3/2021,NISP,840,845,825,835,590000
2/3/2021,NOBU,740,740,740,740,2200
2/3/2021,NRCA,354,362,354,362,172100
2/3/2021,NUSA,50,50,50,50,0
2/3/2021,NZIA,153,169,150,160,6600
2/3/2021,OASA,350,350,348,348,700
2/3/2021,OCAP,159,159,159,159,0
2/3/2021,OKAS,88,94,87,94,3737800
2/3/2021,OMRE,332,332,332,332,0
2/3/2021,OPMS,298,306,298,306,4884100
2/3/2021,PADI,50,50,50,50,400
2/3/2021,PALM,330,334,320,322,258700
2/3/2021,PAMG,90,91,88,91,798900
2/3/2021,PANI,125,125,116,118,60900
2/3/2021,PANR,115,145,108,133,2146700
2/3/2021,PANS,1300,1300,1230,1270,410000
2/3/2021,PBID,1505,1520,1495,1520,155600
2/3/2021,PBRX,194,206,189,197,7540700
2/3/2021,PBSA,500,500,484,484,1500
2/3/2021,PCAR,386,386,360,360,122600
2/3/2021,PDES,354,428,354,428,2800
2/3/2021,PEGE,123,123,116,123,58400
2/3/2021,PEHA,1305,1450,1305,1375,1160700
2/3/2021,PGAS,1470,1540,1445,1485,245625300
2/3/2021,PGJO,62,62,57,57,28900
2/3/2021,PGLI,204,210,204,206,13200
2/3/2021,PGUN,262,312,250,280,265600
2/3/2021,PICO,145,151,142,148,242700
2/3/2021,PJAA,520,530,520,525,180800
2/3/2021,PKPK,50,52,50,50,1740400
2/3/2021,PLAN,121,133,121,133,29284600
2/3/2021,PLAN-W,5,6,4,5,27697200
2/3/2021,PLAS,50,50,50,50,0
2/3/2021,PLIN,2450,2450,2450,2450,0
2/3/2021,PMJS,118,118,113,118,328800
2/3/2021,PMMP,260,278,244,244,5239300
2/3/2021,PNBN,1000,1060,1000,1035,17911800
2/3/2021,PNBS,69,73,68,70,9588700
2/3/2021,PNGO,1115,1115,1065,1065,13500
2/3/2021,PNIN,825,845,820,825,357800
2/3/2021,PNLF,230,234,224,232,22350300
2/3/2021,PNSE,615,620,615,620,700
2/3/2021,POLA,74,77,74,74,318300
2/3/2021,POLA-W,45,45,45,45,0
2/3/2021,POLI,845,845,785,795,5900
2/3/2021,POLL,3900,4000,3850,3910,1459700
2/3/2021,POLU,645,725,645,645,2400
2/3/2021,POLY,54,55,51,53,629600
2/3/2021,POOL,50,50,50,50,0
2/3/2021,PORT,520,520,520,520,5000
2/3/2021,POSA,50,50,50,50,0
2/3/2021,POSA-W,2,2,2,2,0
2/3/2021,POWR,710,725,705,715,4389500
2/3/2021,PPGL,111,119,111,116,13062400
2/3/2021,PPGL-W,8,9,7,8,6166500
2/3/2021,PPRE,208,212,200,204,9698900
2/3/2021,PPRO,75,77,73,75,123497300
2/3/2021,PRAS,140,160,140,145,28500
2/3/2021,PRDA,3370,3400,3360,3380,923600
2/3/2021,PRIM,204,224,200,204,375600
2/3/2021,PRIM-W,4,4,3,4,26500
2/3/2021,PSAB,222,240,216,234,63866400
2/3/2021,PSDN,108,118,105,105,977700
2/3/2021,PSGO,101,104,100,100,165500
2/3/2021,PSKT,50,50,50,50,0
2/3/2021,PSSI,166,170,164,167,3244400
2/3/2021,PTBA,2490,2500,2400,2410,87968000
2/3/2021,PTDU,935,1140,855,865,482600
2/3/2021,PTIS,161,161,161,161,100
2/3/2021,PTPP,1710,1750,1640,1660,73132400
2/3/2021,PTPW,1290,1310,1290,1290,1203500
2/3/2021,PTRO,1850,1870,1815,1850,503000
2/3/2021,PTSN,191,196,191,194,801000
2/3/2021,PTSP,3340,3400,3340,3400,2400
2/3/2021,PUDP,234,234,234,234,0
2/3/2021,PURA,116,122,114,122,653415400
2/3/2021,PURA-W,20,21,20,21,529800
2/3/2021,PURE,158,206,154,197,348642000
2/3/2021,PURE-W,13,17,12,15,16708700
2/3/2021,PURI,290,300,290,300,33000
2/3/2021,PWON,505,520,498,500,87030500
2/3/2021,PYFA,1015,1080,1000,1010,7591300
2/3/2021,PZZA,685,715,685,715,1038900
2/3/2021,R-ABFII,28600,28600,28600,28600,0
2/3/2021,R-LQ45X,985,1000,985,991,25600
2/3/2021,RAJA,181,214,181,197,96801900
2/3/2021,RALS,655,675,640,650,45826200
2/3/2021,RANC,436,438,432,434,157200
2/3/2021,RBMS,50,50,50,50,400
2/3/2021,RDTX,5200,5200,5200,5200,0
2/3/2021,REAL,50,50,50,50,5000
2/3/2021,RELI,272,300,262,300,40700
2/3/2021,RICY,92,92,84,87,152000
2/3/2021,RIGS,250,258,246,246,60400
2/3/2021,RIMO,50,50,50,50,0
2/3/2021,RISE,426,426,420,424,21900
2/3/2021,RMBA,290,324,290,316,58100
2/3/2021,ROCK,850,850,835,840,23500
2/3/2021,RODA,51,52,51,52,159700
2/3/2021,RONY,170,170,169,170,7400
2/3/2021,ROTI,1440,1440,1385,1400,163900
2/3/2021,RUIS,244,244,230,234,207300
2/3/2021,SAFE,182,185,182,185,237300
2/3/2021,SAME,386,388,374,382,20314400
2/3/2021,SAMF,398,398,398,398,12400
2/3/2021,SAPX,2130,2130,1985,1985,2600
2/3/2021,SATU,50,50,50,50,1200
2/3/2021,SBAT,86,89,86,86,9740300
2/3/2021,SBAT-W,9,9,8,8,1756800
2/3/2021,SCCO,9700,9900,9500,9900,3600
2/3/2021,SCMA,2200,2260,2120,2230,4910800
2/3/2021,SCNP,246,246,246,246,62200
2/3/2021,SCPI,29000,29000,29000,29000,0
2/3/2021,SDMU,50,50,50,50,15200
2/3/2021,SDPC,111,112,109,110,139500
2/3/2021,SDRA,685,745,645,745,10400
2/3/2021,SFAN,1325,1340,1270,1280,582700
2/3/2021,SGER,645,655,610,615,2110000
2/3/2021,SGER-W,380,392,302,370,6300
2/3/2021,SGRO,1750,1755,1730,1750,266700
2/3/2021,SHID,2610,2610,2610,2610,0
2/3/2021,SHIP,620,630,615,620,716300
2/3/2021,SIDO,770,775,760,770,24346400
2/3/2021,SILO,5300,5300,5250,5250,88300
2/3/2021,SIMA,50,50,50,50,0
2/3/2021,SIMP,404,408,398,400,6998900
2/3/2021,SINI,350,356,322,356,1800
2/3/2021,SINI-W,190,190,190,190,100
2/3/2021,SIPD,1315,1315,1315,1315,300
2/3/2021,SKBM,350,370,350,350,3300
2/3/2021,SKLT,1620,1620,1570,1570,1500
2/3/2021,SKRN,760,840,760,785,3357100
2/3/2021,SKYB,51,51,51,51,0
2/3/2021,SLIS,4600,4630,4550,4630,53500
2/3/2021,SMAR,3700,3700,3650,3680,11000
2/3/2021,SMBR,870,915,850,880,13665400
2/3/2021,SMCB,1775,1800,1720,1740,318300
2/3/2021,SMDM,98,98,98,98,11400
2/3/2021,SMDR,282,282,268,276,1816600
2/3/2021,SMGR,11075,11300,10850,10875,6801400
2/3/2021,SMKL,198,200,197,200,2496700
2/3/2021,SMKL-W,11,12,10,12,185700
2/3/2021,SMMA,11925,12000,11750,12000,3500
2/3/2021,SMMT,104,105,96,102,227700
2/3/2021,SMRA,725,740,715,720,24582600
2/3/2021,SMRU,50,50,50,50,0
2/3/2021,SMSM,1290,1295,1265,1270,688300
2/3/2021,SOCI,185,206,185,195,25094400
2/3/2021,SOFA,109,109,94,94,49200
2/3/2021,SOFA-W,2,3,2,2,8167900
2/3/2021,SOHO,4980,5100,4900,5025,15100
2/3/2021,SONA,5850,5850,5850,5850,0
2/3/2021,SOSS,338,338,304,304,4100
2/3/2021,SOSS-W,29,37,29,33,25700
2/3/2021,SOTS,294,302,292,296,4533700
2/3/2021,SOTS-W,18,29,17,18,34300
2/3/2021,SPMA,296,298,296,296,3700
2/3/2021,SPTO,500,510,498,500,274500
2/3/2021,SQMI,312,322,312,316,2474900
2/3/2021,SRAJ,162,162,156,162,43900
2/3/2021,SRIL,232,246,220,246,186172000
2/3/2021,SRSN,55,55,54,55,361200
2/3/2021,SRTG,5200,5450,5175,5300,2681400
2/3/2021,SSIA,468,535,468,535,240518100
2/3/2021,SSMS,1030,1115,1020,1085,25358100
2/3/2021,SSTM,560,560,560,560,0
2/3/2021,STAR,102,102,91,91,29200
2/3/2021,STTP,9300,9300,9300,9300,0
2/3/2021,SUGI,50,50,50,50,0
2/3/2021,SULI,50,50,50,50,0
2/3/2021,SUPR,4250,4250,4250,4250,0
2/3/2021,SURE,2210,2250,2210,2250,4500
2/3/2021,SWAT,97,99,96,98,128700
2/3/2021,TALF,268,270,268,268,900
2/3/2021,TAMA,81,87,81,86,19570900
2/3/2021,TAMA-W,5,6,5,6,65400
2/3/2021,TAMU,50,50,50,50,200
2/3/2021,TARA,50,50,50,50,200
2/3/2021,TAXI,50,50,50,50,200
2/3/2021,TBIG,2430,2440,2350,2350,138748800
2/3/2021,TBLA,910,925,900,905,3609300
2/3/2021,TBMS,1035,1035,1015,1025,400
2/3/2021,TCID,6350,6475,6350,6475,11000
2/3/2021,TCPI,7625,7800,7550,7675,9583500
2/3/2021,TDPM,120,127,114,119,1118600
2/3/2021,TEBE,490,490,488,488,6300
2/3/2021,TECH,2380,2380,2380,2380,0
2/3/2021,TELE,121,121,121,121,0
2/3/2021,TFAS,422,424,410,414,1001900
2/3/2021,TFCO,452,452,450,450,8500
2/3/2021,TGKA,7600,7600,7600,7600,0
2/3/2021,TGRA,182,195,175,181,48889100
2/3/2021,TIFA,650,650,650,650,36000
2/3/2021,TINS,1880,2040,1870,1885,172598900
2/3/2021,TIRA,268,268,268,268,0
2/3/2021,TIRT,56,56,50,50,205300
2/3/2021,TKIM,14750,14750,14000,14050,6442400
2/3/2021,TLKM,3250,3330,3220,3240,86433900
2/3/2021,TMAS,124,126,122,122,79800
2/3/2021,TMPO,171,171,168,168,3400
2/3/2021,TNCA,232,248,232,246,109100
2/3/2021,TOBA,535,545,530,540,454500
2/3/2021,TOPS,50,50,50,50,16800
2/3/2021,TOTL,348,356,348,354,728500
2/3/2021,TOTO,214,220,212,214,717200
2/3/2021,TOWR,1020,1030,1000,1025,150888300
2/3/2021,TOYS,476,486,474,478,2840200
2/3/2021,TOYS-W,7,7,6,7,945400
2/3/2021,TPIA,10600,10750,10600,10700,5532600
2/3/2021,TPMA,825,840,825,840,96300
2/3/2021,TRAM,50,50,50,50,0
2/3/2021,TRIL,50,50,50,50,0
2/3/2021,TRIM,94,96,92,92,598900
2/3/2021,TRIN,190,199,190,193,12364700
2/3/2021,TRIN-W,9,10,9,10,1846800
2/3/2021,TRIO,426,426,426,426,0
2/3/2021,TRIS,104,113,100,108,103100
2/3/2021,TRIS-W,50,50,50,50,0
2/3/2021,TRJA,187,187,171,176,340200
2/3/2021,TRST,398,398,380,380,100400
2/3/2021,TRUK,276,286,274,276,3088500
2/3/2021,TRUS,344,344,342,342,200
2/3/2021,TSPC,1460,1520,1450,1495,2008100
2/3/2021,TUGU,1615,1615,1610,1610,41500
2/3/2021,TURI,1320,1320,1320,1320,10000
2/3/2021,UANG,230,230,196,210,29200
2/3/2021,UCID,1460,1470,1445,1450,59900
2/3/2021,UFOE,246,246,246,246,6100
2/3/2021,ULTJ,1540,1570,1540,1555,1167900
2/3/2021,UNIC,4120,4120,4120,4120,100
2/3/2021,UNIT,143,153,143,153,35500
2/3/2021,UNSP,120,120,113,119,585900
2/3/2021,UNTR,22900,22900,22200,22450,6819500
2/3/2021,UNVR,7100,7325,7000,7175,16730800
2/3/2021,URBN,480,480,432,462,107900
2/3/2021,URBN-W,8,9,8,9,48300
2/3/2021,VICI,394,404,394,400,6129400
2/3/2021,VICO,79,82,79,82,31500
2/3/2021,VINS,90,90,88,89,5400
2/3/2021,VIVA,50,51,50,50,2755800
2/3/2021,VOKS,228,228,208,214,30800
2/3/2021,VRNA,96,96,96,96,0
2/3/2021,WAPO,69,69,65,69,24900
2/3/2021,WEGE,214,224,212,220,53065800
2/3/2021,WEHA,57,60,57,60,538500
2/3/2021,WICO,416,448,416,448,2400
2/3/2021,WIFI,635,655,635,655,8023100
2/3/2021,WIFI-W,90,90,70,81,40600
2/3/2021,WIIM,540,565,535,545,37227100
2/3/2021,WIKA,1930,2030,1900,1965,82126800
2/3/2021,WINS,101,104,97,100,633800
2/3/2021,WMUU,302,302,256,302,861244400
2/3/2021,WOMF,242,262,242,252,691800
2/3/2021,WOOD,610,625,605,605,9677600
2/3/2021,WOWS,56,61,54,56,29493000
2/3/2021,WSBP,256,264,248,254,135570200
2/3/2021,WSKT,1400,1490,1390,1415,167359100
2/3/2021,WTON,350,360,342,348,41453000
2/3/2021,XAFA,1090,1090,1090,1090,0
2/3/2021,XAQA,936,936,936,936,100
2/3/2021,XASG,87,87,87,87,0
2/3/2021,XBES,965,965,965,965,100
2/3/2021,XBID,520,520,520,520,19400
2/3/2021,XBIN,490,490,490,490,0
2/3/2021,XBLQ,471,471,471,471,0
2/3/2021,XBNI,1027,1030,1027,1027,2100
2/3/2021,XBSK,383,383,383,383,0
2/3/2021,XCID,80,85,79,84,28300
2/3/2021,XCIS,105,105,105,105,0
2/3/2021,XCLQ,96,98,96,98,2100
2/3/2021,XDIF,465,465,465,465,0
2/3/2021,XDSG,963,974,963,974,600
2/3/2021,XIHD,454,458,454,458,300
2/3/2021,XIIC,1025,1025,1025,1025,100
2/3/2021,XIID,493,493,493,493,0
2/3/2021,XIIF,582,582,582,582,100
2/3/2021,XIIT,519,520,519,520,700
2/3/2021,XIJI,644,651,644,645,5900
2/3/2021,XILV,113,114,113,114,500
2/3/2021,XIML,253,253,253,253,200
2/3/2021,XIPI,179,179,179,179,4000
2/3/2021,XISB,398,398,398,398,0
2/3/2021,XISC,785,785,778,778,7500
2/3/2021,XISI,333,333,326,326,1200
2/3/2021,XISR,381,387,381,387,12200
2/3/2021,XKIV,487,487,487,487,0
2/3/2021,XKMS,1041,1052,1041,1052,800
2/3/2021,XMIG,176,176,176,176,0
2/3/2021,XMJM,1001,1001,1001,1001,0
2/3/2021,XMTS,487,487,487,487,0
2/3/2021,XNVE,152,154,151,154,166400
2/3/2021,XPCR,900,900,900,900,0
2/3/2021,XPDV,479,479,479,479,0
2/3/2021,XPES,394,394,394,394,0
2/3/2021,XPFT,700,700,700,700,0
2/3/2021,XPID,497,497,497,497,0
2/3/2021,XPLC,479,479,479,479,0
2/3/2021,XPLQ,498,498,498,498,0
2/3/2021,XPMI,915,915,915,915,800
2/3/2021,XPSG,408,408,408,408,0
2/3/2021,XPTD,510,510,510,510,200
2/3/2021,XSBC,102,102,102,102,0
2/3/2021,XSMU,118,118,118,118,0
2/3/2021,XSPI,750,750,750,750,0
2/3/2021,XSRI,185,185,185,185,0
2/3/2021,XSSI,88,88,88,88,2600
2/3/2021,XSSK,656,656,656,656,100
2/3/2021,YELO,51,51,50,50,265900
2/3/2021,YELO-W,6,6,4,5,173300
2/3/2021,YPAS,380,380,354,354,4400
2/3/2021,YULE,432,442,432,440,3700
2/3/2021,ZBRA,50,50,50,50,1900
2/3/2021,ZINC,130,131,126,130,132509900
2/3/2021,ZONE,418,422,418,422,115000
