<date>,<ticker>,<open>,<high>,<low>,<close>,<volume>
6/11/2021,IHSG,6118.38,6134.882,6084.239,6095.497,211694539
6/11/2021,AALI,9000,9050,8875,8900,930000
6/11/2021,ABBA,228,232,224,230,19872600
6/11/2021,ABDA,7075,7075,7075,7075,1000
6/11/2021,ABMM,815,860,815,845,155700
6/11/2021,ACES,1415,1430,1410,1415,10206800
6/11/2021,ACST,256,268,250,252,9170600
6/11/2021,ADES,1925,1955,1900,1915,33900
6/11/2021,ADHI,995,1010,985,1005,10502900
6/11/2021,ADMF,8275,8300,8175,8250,25000
6/11/2021,ADMG,164,166,161,163,920000
6/11/2021,ADRO,1225,1350,1225,1315,386854000
6/11/2021,AGAR,418,428,390,422,13000
6/11/2021,AGII,1110,1125,1080,1125,6110800
6/11/2021,AGRO,1180,1190,1130,1135,126399900
6/11/2021,AGRS,462,540,462,470,3025400
6/11/2021,AHAP,65,72,64,68,10620100
6/11/2021,AIMS,390,390,378,380,120600
6/11/2021,AISA,240,242,234,238,10945600
6/11/2021,AKKU,50,50,50,50,5900
6/11/2021,AKPI,555,595,550,595,19400
6/11/2021,AKRA,3230,3240,3170,3200,3810400
6/11/2021,AKSI,550,550,525,535,36600
6/11/2021,ALDO,925,980,895,930,16429800
6/11/2021,ALKA,258,260,242,244,72600
6/11/2021,ALMI,242,250,240,250,3000
6/11/2021,ALTO,384,384,360,382,38300
6/11/2021,AMAG,350,356,326,326,948000
6/11/2021,AMAN,284,284,284,284,97200
6/11/2021,AMAR,298,300,270,270,8656700
6/11/2021,AMFG,3950,3950,3950,3950,0
6/11/2021,AMIN,224,224,224,224,86700
6/11/2021,AMOR,3730,3730,3660,3690,1696700
6/11/2021,AMRT,1245,1280,1155,1215,184959000
6/11/2021,ANDI,50,50,50,50,156800
6/11/2021,ANJT,690,690,665,665,12700
6/11/2021,ANTM,2460,2500,2440,2480,94696000
6/11/2021,APEX,765,935,760,840,2705200
6/11/2021,APIC,780,795,775,780,10880900
6/11/2021,APII,185,186,182,183,28500
6/11/2021,APLI,200,202,193,200,620000
6/11/2021,APLN,155,156,152,153,16420900
6/11/2021,ARGO,1800,1910,1730,1760,32400
6/11/2021,ARII,276,366,276,366,5128200
6/11/2021,ARKA,50,50,50,50,8600
6/11/2021,ARMY,50,50,50,50,0
6/11/2021,ARNA,755,770,755,770,2092200
6/11/2021,ARTA,670,780,585,585,994600
6/11/2021,ARTI,50,50,50,50,1000
6/11/2021,ARTO,12925,13275,12550,13000,26274300
6/11/2021,ASBI,300,374,300,374,1165800
6/11/2021,ASDM,905,930,905,930,19300
6/11/2021,ASGR,765,770,755,765,142500
6/11/2021,ASII,5400,5425,5250,5275,44421700
6/11/2021,ASJT,218,226,218,226,336200
6/11/2021,ASMI,650,650,610,625,18400
6/11/2021,ASPI,52,53,52,53,524500
6/11/2021,ASPI-W,15,16,15,15,1348000
6/11/2021,ASRI,187,190,184,185,16534900
6/11/2021,ASRM,1610,1650,1610,1650,23200
6/11/2021,ASSA,2390,2420,2350,2390,10585200
6/11/2021,ATAP,113,113,108,110,343200
6/11/2021,ATIC,745,765,745,745,51800
6/11/2021,AUTO,1155,1165,1145,1160,1382900
6/11/2021,AYLS,92,92,88,89,8571200
6/11/2021,BABP,412,430,382,386,692118800
6/11/2021,BABP-W3,328,328,210,264,373500
6/11/2021,BABP-W4,348,354,290,310,11238400
6/11/2021,BACA,470,492,430,432,522484400
6/11/2021,BACA-W2,422,422,282,422,7700
6/11/2021,BAJA,428,432,402,404,8165100
6/11/2021,BALI,615,625,600,600,518600
6/11/2021,BANK,2980,3010,2930,3010,33039900
6/11/2021,BANK-W,2470,2470,2410,2460,14200
6/11/2021,BAPA,50,50,50,50,700
6/11/2021,BAPI,50,50,50,50,900
6/11/2021,BAPI-W,6,6,5,5,4048700
6/11/2021,BATA,635,680,635,680,700
6/11/2021,BAYU,1100,1100,1100,1100,2500
6/11/2021,BBCA,32850,32900,32300,32350,14556100
6/11/2021,BBHI,2010,2300,1840,1990,20701000
6/11/2021,BBKP,460,468,456,456,117037900
6/11/2021,BBLD,464,464,460,464,4100
6/11/2021,BBMD,1455,1475,1455,1475,41400
6/11/2021,BBNI,5675,5700,5600,5675,18604400
6/11/2021,BBRI,4350,4350,4280,4280,52553100
6/11/2021,BBRM,50,50,50,50,7300
6/11/2021,BBSI,2900,3160,2890,2910,51300
6/11/2021,BBSS,51,51,50,51,2432400
6/11/2021,BBTN,1585,1620,1585,1600,30369300
6/11/2021,BBYB,530,625,476,476,263544300
6/11/2021,BCAP,216,230,202,202,450058100
6/11/2021,BCIC,700,700,700,700,0
6/11/2021,BCIP,64,64,63,63,1529900
6/11/2021,BDMN,2330,2340,2260,2290,8155800
6/11/2021,BEBS,690,690,690,690,1246700
6/11/2021,BEEF,108,109,106,108,3309500
6/11/2021,BEKS,103,105,98,99,401096100
6/11/2021,BELL,127,127,124,126,2713800
6/11/2021,BESS,400,400,372,400,270800
6/11/2021,BESS-W,238,298,120,290,28000
6/11/2021,BEST,145,148,144,144,5881900
6/11/2021,BFIN,870,885,840,855,104909500
6/11/2021,BGTG,188,195,173,176,141260800
6/11/2021,BHAT,640,640,565,570,123643800
6/11/2021,BHIT,147,153,133,133,3450413400
6/11/2021,BIKA,150,159,149,158,7500
6/11/2021,BIMA,62,67,61,63,3093200
6/11/2021,BINA,1830,1840,1800,1840,776100
6/11/2021,BIPI,50,50,50,50,318700
6/11/2021,BIPI-W,10,10,9,10,1875800
6/11/2021,BIPP,56,57,55,56,1998200
6/11/2021,BIRD,1270,1290,1265,1280,3106000
6/11/2021,BISI,1140,1145,1140,1140,205900
6/11/2021,BJBR,1395,1410,1390,1400,2894100
6/11/2021,BJTM,750,755,750,755,4144300
6/11/2021,BKDP,50,50,50,50,500
6/11/2021,BKSL,65,66,63,64,94815400
6/11/2021,BKSW,190,238,190,202,350500800
6/11/2021,BLTA,50,50,50,50,2500
6/11/2021,BLTZ,3370,3850,3340,3340,3000
6/11/2021,BLUE,685,685,675,675,137700
6/11/2021,BMAS,1575,1575,1470,1505,266500
6/11/2021,BMRI,6275,6300,6225,6275,38878900
6/11/2021,BMSR,212,232,202,224,4169400
6/11/2021,BMTR,328,328,308,308,115133000
6/11/2021,BNBA,1090,1125,995,995,41039900
6/11/2021,BNBR,50,50,50,50,39000
6/11/2021,BNGA,960,965,950,955,2574100
6/11/2021,BNII,370,376,362,364,4600800
6/11/2021,BNLI,2020,2030,1995,2020,233000
6/11/2021,BOGA,1365,1385,1360,1370,96714600
6/11/2021,BOLA,266,276,258,264,1837100
6/11/2021,BOLT,715,730,715,730,200
6/11/2021,BOSS,80,91,80,88,58424300
6/11/2021,BPFI,1050,1050,1050,1050,0
6/11/2021,BPII,7300,7300,7300,7300,0
6/11/2021,BPTR,115,115,111,112,2814100
6/11/2021,BRAM,5250,5250,5250,5250,500
6/11/2021,BRIS,1885,1900,1830,1835,31391400
6/11/2021,BRMS,93,97,92,94,366118700
6/11/2021,BRMS-W,30,32,30,30,114122000
6/11/2021,BRNA,1325,1325,1325,1325,400
6/11/2021,BRPT,870,880,855,860,31168300
6/11/2021,BSDE,1050,1060,1020,1025,50797000
6/11/2021,BSIM,590,590,565,570,310500
6/11/2021,BSSR,1640,1850,1640,1730,115400
6/11/2021,BSWD,1750,1750,1750,1750,0
6/11/2021,BTEK,50,50,50,50,3300
6/11/2021,BTEL,50,50,50,50,0
6/11/2021,BTON,418,430,390,430,1205400
6/11/2021,BTPN,2860,2860,2840,2840,46100
6/11/2021,BTPS,2970,3000,2910,2920,4511600
6/11/2021,BUDI,184,185,177,180,12481200
6/11/2021,BUKK,965,980,925,955,20100
6/11/2021,BULL,296,300,294,298,388002200
6/11/2021,BULL-W2,98,98,89,95,162700
6/11/2021,BUMI,61,66,60,63,1400047400
6/11/2021,BUVA,66,66,64,65,302100
6/11/2021,BVIC,183,188,170,170,57658400
6/11/2021,BWPT,103,106,103,105,43947400
6/11/2021,BYAN,13850,14450,13800,13850,137600
6/11/2021,CAKK,73,73,72,72,1199100
6/11/2021,CAMP,282,284,266,274,5230000
6/11/2021,CANI,170,180,170,180,10300
6/11/2021,CARE,364,376,360,364,254604600
6/11/2021,CARS,50,50,50,50,127300
6/11/2021,CASA,424,424,396,398,273000
6/11/2021,CASA-W,344,344,344,344,0
6/11/2021,CASH,258,266,248,250,12234800
6/11/2021,CASS,394,400,394,396,3943100
6/11/2021,CBMF,114,114,114,114,914500
6/11/2021,CCSI,322,340,316,326,1362000
6/11/2021,CEKA,1875,1875,1860,1860,40800
6/11/2021,CENT,258,262,250,250,38268600
6/11/2021,CFIN,304,308,302,306,2332900
6/11/2021,CINT,210,214,204,204,30100
6/11/2021,CITA,2950,2980,2950,2970,4600
6/11/2021,CITY,164,172,157,161,75500
6/11/2021,CITY-W,52,55,49,52,87700
6/11/2021,CLAY,860,1000,850,850,12100
6/11/2021,CLEO,446,448,444,448,3699900
6/11/2021,CLPI,945,950,935,940,96800
6/11/2021,CMNP,1750,1830,1630,1685,269000
6/11/2021,CMNP-W,850,850,850,850,0
6/11/2021,CMPP,184,184,184,184,0
6/11/2021,CNKO,50,50,50,50,0
6/11/2021,CNTB,250,250,250,250,0
6/11/2021,CNTX,208,208,200,204,1400
6/11/2021,COCO,262,266,252,258,553800
6/11/2021,COCO-W,101,153,101,153,700
6/11/2021,COWL,50,50,50,50,0
6/11/2021,CPIN,7000,7075,6775,6900,5290100
6/11/2021,CPRI,50,50,50,50,500
6/11/2021,CPRI-W,14,16,14,15,77600
6/11/2021,CPRO,50,50,50,50,222900
6/11/2021,CSAP,388,398,388,396,1109300
6/11/2021,CSIS,80,80,78,78,697900
6/11/2021,CSMI,2830,3270,2770,2820,61300
6/11/2021,CSRA,328,332,322,328,303100
6/11/2021,CTBN,2620,2620,2620,2620,0
6/11/2021,CTRA,1015,1030,990,995,35097600
6/11/2021,CTTH,62,63,61,62,324300
6/11/2021,DADA,50,50,50,50,179400
6/11/2021,DADA-W,9,10,8,9,27548800
6/11/2021,DART,218,218,210,210,6900
6/11/2021,DAYA,270,278,262,262,666100
6/11/2021,DCII,41100,49200,41100,43200,182100
6/11/2021,DEAL,98,98,90,91,11345000
6/11/2021,DEAL-W,33,41,33,41,1400
6/11/2021,DEFI,1665,1665,1660,1660,4400
6/11/2021,DEWA,50,50,50,50,1038300
6/11/2021,DFAM,156,156,150,151,39300
6/11/2021,DGIK,66,68,65,65,9903300
6/11/2021,DGNS,1080,1130,1025,1060,13353600
6/11/2021,DIGI,414,444,400,400,40700
6/11/2021,DILD,197,199,196,199,6977200
6/11/2021,DIVA,3500,3600,3350,3480,24200
6/11/2021,DKFT,153,155,152,153,6741700
6/11/2021,DLTA,3890,3890,3850,3860,9300
6/11/2021,DMAS,214,220,214,220,25593900
6/11/2021,DMMX,1220,1260,1150,1230,21691800
6/11/2021,DMND,870,870,850,870,14400
6/11/2021,DNAR,278,282,258,258,16031500
6/11/2021,DNET,3200,3200,3190,3200,10800
6/11/2021,DOID,358,382,358,374,237722000
6/11/2021,DPNS,314,322,312,312,52600
6/11/2021,DPUM,50,50,50,50,53700
6/11/2021,DSFI,70,70,68,69,691400
6/11/2021,DSNG,505,505,494,496,27201700
6/11/2021,DSSA,10800,10800,10800,10800,200
6/11/2021,DUCK,179,182,175,177,8824300
6/11/2021,DUTI,3610,3610,3600,3600,3700
6/11/2021,DVLA,2380,2390,2380,2390,6000
6/11/2021,DWGL,183,183,176,182,17700
6/11/2021,DWGL-W,36,40,36,37,558100
6/11/2021,DYAN,75,79,75,78,3111600
6/11/2021,EAST,68,68,67,67,1445400
6/11/2021,EAST-W,9,10,8,10,7555400
6/11/2021,ECII,1050,1050,1050,1050,0
6/11/2021,EDGE,17600,21000,17600,21000,229900
6/11/2021,EKAD,1440,1455,1420,1455,280500
6/11/2021,ELSA,322,330,318,322,44617700
6/11/2021,ELTY,50,50,50,50,200
6/11/2021,EMDE,199,199,199,199,0
6/11/2021,EMTK,2270,2270,2220,2260,11754100
6/11/2021,ENRG,108,114,107,112,93796100
6/11/2021,ENVY,50,50,50,50,0
6/11/2021,ENZO,50,50,50,50,1336000
6/11/2021,ENZO-W,19,21,19,19,12333900
6/11/2021,EPAC,50,51,50,51,1701100
6/11/2021,EPMT,2380,2380,2310,2350,221600
6/11/2021,ERAA,655,680,635,675,416422300
6/11/2021,ERTX,182,182,173,180,15000
6/11/2021,ESIP,74,76,73,74,864100
6/11/2021,ESIP-W,15,15,13,14,2719500
6/11/2021,ESSA,370,372,350,356,42714400
6/11/2021,ESTA,105,105,92,100,220900
6/11/2021,ESTI,103,108,103,106,2867200
6/11/2021,ETWA,62,62,62,62,0
6/11/2021,EXCL,2600,2610,2550,2570,30540200
6/11/2021,FAPA,2750,2770,2720,2770,12100
6/11/2021,FAST,1030,1030,1025,1025,9500
6/11/2021,FASW,7600,7600,7600,7600,0
6/11/2021,FILM,412,436,410,418,28920400
6/11/2021,FIMP,62,62,56,58,616600
6/11/2021,FIMP-W,19,20,18,19,959000
6/11/2021,FIRE,490,605,486,605,38033900
6/11/2021,FISH,3800,3800,3800,3800,5200
6/11/2021,FITT,160,163,157,158,1008100
6/11/2021,FITT-W,49,51,48,50,80300
6/11/2021,FMII,472,472,472,472,100
6/11/2021,FOOD,106,107,104,105,658900
6/11/2021,FORU,177,180,177,179,61600
6/11/2021,FORZ,50,50,50,50,20000
6/11/2021,FPNI,246,250,242,242,6574000
6/11/2021,FREN,84,85,83,84,287667300
6/11/2021,FREN-W,42,42,36,40,2738300
6/11/2021,FREN-W2,38,39,36,38,260862400
6/11/2021,FUJI,296,318,280,280,1033100
6/11/2021,GAMA,50,50,50,50,1100
6/11/2021,GDST,120,122,116,116,4460400
6/11/2021,GDYR,1575,1590,1550,1575,10700
6/11/2021,GEMA,376,376,372,372,31200
6/11/2021,GEMS,3830,4200,3800,3940,98300
6/11/2021,GGRM,33800,33850,33525,33600,467700
6/11/2021,GGRP,464,464,420,436,285400
6/11/2021,GHON,2300,2310,2300,2300,1300
6/11/2021,GIAA,244,248,238,244,9893600
6/11/2021,GJTL,880,885,870,875,7213300
6/11/2021,GLOB,280,280,278,278,2100
6/11/2021,GLVA,306,326,300,326,16000
6/11/2021,GMFI,93,99,93,97,2917000
6/11/2021,GMTD,16725,16725,16725,16725,0
6/11/2021,GOLD,610,645,560,560,1775500
6/11/2021,GOLL,50,50,50,50,0
6/11/2021,GOOD,1625,1675,1615,1675,3191300
6/11/2021,GPRA,62,62,61,62,975400
6/11/2021,GSMF,143,143,136,143,345200
6/11/2021,GTBO,75,75,75,75,0
6/11/2021,GWSA,130,130,125,127,593100
6/11/2021,GZCO,50,50,50,50,1100
6/11/2021,HADE,50,50,50,50,0
6/11/2021,HDFA,115,160,115,160,1945000
6/11/2021,HDIT,700,760,655,705,3344000
6/11/2021,HDTX,120,120,120,120,0
6/11/2021,HEAL,4500,4550,4420,4450,1857100
6/11/2021,HELI,352,352,350,352,6500
6/11/2021,HERO,1330,1440,1315,1335,324300
6/11/2021,HEXA,3590,3600,3590,3590,63600
6/11/2021,HITS,392,396,390,390,7700
6/11/2021,HKMU,78,79,76,77,15748100
6/11/2021,HMSP,1220,1225,1200,1205,41584200
6/11/2021,HOKI,214,214,210,212,32723100
6/11/2021,HOME,50,50,50,50,0
6/11/2021,HOMI,2060,2080,1975,2070,348300
6/11/2021,HOPE,179,183,170,175,12028100
6/11/2021,HOPE-W,20,21,19,20,17287000
6/11/2021,HOTL,50,50,50,50,300
6/11/2021,HRME,58,59,56,57,7169300
6/11/2021,HRTA,262,266,252,262,8473100
6/11/2021,HRUM,5125,5575,5050,5425,16459300
6/11/2021,IATA,50,50,50,50,1300200
6/11/2021,IBFN,172,176,172,176,130100
6/11/2021,IBFN-W,17,22,17,20,2540000
6/11/2021,IBST,6450,6450,6450,6450,100
6/11/2021,ICBP,8175,8225,8150,8175,2528900
6/11/2021,ICON,105,108,103,105,1963500
6/11/2021,IDPR,160,160,151,151,315500
6/11/2021,IFII,148,156,145,150,1566100
6/11/2021,IFSH,1075,1170,1075,1105,5800
6/11/2021,IGAR,440,440,426,426,233200
6/11/2021,IIKP,50,50,50,50,0
6/11/2021,IKAI,50,50,50,50,12200
6/11/2021,IKAN,122,126,120,120,27273800
6/11/2021,IKBI,250,256,234,248,4400
6/11/2021,IMAS,970,990,970,975,1709400
6/11/2021,IMJS,314,324,314,318,1295900
6/11/2021,IMPC,1750,1800,1750,1795,2508300
6/11/2021,INAF,2180,2200,2160,2180,214400
6/11/2021,INAI,344,344,336,340,44000
6/11/2021,INCF,112,119,107,110,453900
6/11/2021,INCI,890,895,870,875,161700
6/11/2021,INCO,4800,4880,4770,4840,13304500
6/11/2021,INDF,6300,6325,6250,6275,5349300
6/11/2021,INDO,132,141,132,136,678600
6/11/2021,INDO-W,51,69,50,55,764400
6/11/2021,INDR,4350,4350,4220,4350,6700
6/11/2021,INDS,1795,1795,1775,1795,6300
6/11/2021,INDX,124,126,118,119,2414200
6/11/2021,INDY,1355,1475,1345,1420,57717400
6/11/2021,INKP,8500,8575,8300,8350,7728000
6/11/2021,INOV,196,196,177,178,385000
6/11/2021,INPC,190,196,180,180,50482000
6/11/2021,INPC-W,86,88,76,77,15576900
6/11/2021,INPP,750,750,750,750,200
6/11/2021,INPS,2480,2480,2400,2400,300
6/11/2021,INRU,850,900,805,825,12600
6/11/2021,INTA,172,172,166,171,13100
6/11/2021,INTD,214,214,198,200,57200
6/11/2021,INTP,11725,11850,11300,11375,6023500
6/11/2021,IPCC,545,550,530,550,2043700
6/11/2021,IPCM,290,292,284,288,989700
6/11/2021,IPOL,158,160,156,158,1233900
6/11/2021,IPTV,302,318,290,296,147697300
6/11/2021,IPTV-W,55,57,44,46,30456000
6/11/2021,IRRA,1540,1575,1535,1540,2636700
6/11/2021,ISAT,6950,7075,6650,6775,2316600
6/11/2021,ISSP,276,282,270,272,14674600
6/11/2021,ITIC,500,510,494,498,1266800
6/11/2021,ITMA,535,540,520,520,15300
6/11/2021,ITMA-W,175,175,59,78,2000
6/11/2021,ITMG,14300,15075,14300,14900,9271900
6/11/2021,JAST,147,149,142,145,11277300
6/11/2021,JAWA,139,146,134,134,5201100
6/11/2021,JAYA,136,137,132,132,6823400
6/11/2021,JECC,7900,9275,7900,8400,2100
6/11/2021,JGLE,50,50,50,50,0
6/11/2021,JIHD,434,434,434,434,0
6/11/2021,JKON,173,174,172,172,65100
6/11/2021,JKSW,60,60,60,60,0
6/11/2021,JMAS,230,262,220,262,6033700
6/11/2021,JPFA,2110,2120,2050,2050,8342100
6/11/2021,JRPT,535,540,530,535,818300
6/11/2021,JSKY,195,199,180,180,175356000
6/11/2021,JSMR,3880,3910,3800,3810,6210100
6/11/2021,JSPT,805,805,805,805,0
6/11/2021,JTPE,1205,1205,1205,1205,304200
6/11/2021,KAEF,2450,2510,2440,2440,1182500
6/11/2021,KARW,123,123,116,117,3544900
6/11/2021,KAYU,72,72,70,72,6266800
6/11/2021,KBAG,50,50,50,50,216300
6/11/2021,KBAG-W,10,10,9,9,28831700
6/11/2021,KBLI,368,370,366,368,540200
6/11/2021,KBLM,214,220,210,210,92200
6/11/2021,KBLV,460,575,460,575,182100
6/11/2021,KBRI,50,50,50,50,0
6/11/2021,KDSI,865,910,865,895,141000
6/11/2021,KEEN,428,428,414,426,1235800
6/11/2021,KEJU,1285,1290,1230,1245,168800
6/11/2021,KIAS,50,50,50,50,4600
6/11/2021,KICI,266,282,260,278,5900
6/11/2021,KIJA,212,214,204,204,10113400
6/11/2021,KINO,2180,2200,2150,2150,76400
6/11/2021,KIOS,925,965,875,910,30515700
6/11/2021,KJEN,540,540,540,540,100
6/11/2021,KKGI,246,256,242,252,109500
6/11/2021,KLBF,1440,1450,1435,1450,14598700
6/11/2021,KMDS,480,490,456,456,55100
6/11/2021,KMTR,424,424,406,406,116000
6/11/2021,KOBX,175,184,175,181,3284500
6/11/2021,KOIN,165,188,161,168,2145400
6/11/2021,KONI,1360,1570,1320,1570,8800
6/11/2021,KOPI,560,570,540,540,45800
6/11/2021,KOTA,200,204,199,202,23116100
6/11/2021,KOTA-W,185,185,125,137,9800
6/11/2021,KPAL,50,50,50,50,5600
6/11/2021,KPAS,74,76,69,70,15414800
6/11/2021,KPAS-W,20,24,19,20,5265800
6/11/2021,KPIG,143,149,134,135,411197700
6/11/2021,KRAH,436,436,436,436,0
6/11/2021,KRAS,645,650,630,635,17860500
6/11/2021,KREN,148,153,137,137,88093800
6/11/2021,LABA,226,226,226,226,21930800
6/11/2021,LABA-W,95,122,68,69,61289500
6/11/2021,LAND,105,109,103,108,2105500
6/11/2021,LAPD,50,50,50,50,0
6/11/2021,LCGP,114,114,114,114,0
6/11/2021,LCKM,300,310,296,310,1200
6/11/2021,LEAD,50,50,50,50,188700
6/11/2021,LFLO,108,108,101,103,441700
6/11/2021,LFLO-W,10,10,9,10,4052700
6/11/2021,LIFE,6200,6200,6200,6200,800
6/11/2021,LINK,4550,4550,4440,4510,2534800
6/11/2021,LION,400,400,382,382,3400
6/11/2021,LMAS,52,52,50,50,3047700
6/11/2021,LMPI,186,186,174,176,2017200
6/11/2021,LMSH,805,810,750,750,121900
6/11/2021,LPCK,1170,1195,1155,1160,697200
6/11/2021,LPGI,3890,3890,3890,3890,600
6/11/2021,LPIN,366,378,342,356,308200
6/11/2021,LPKR,179,182,176,178,27793800
6/11/2021,LPLI,324,372,312,370,2862300
6/11/2021,LPPF,1920,2120,1890,1960,47581200
6/11/2021,LPPS,132,132,125,127,2819700
6/11/2021,LRNA,193,222,185,199,55300
6/11/2021,LSIP,1200,1230,1195,1225,12151700
6/11/2021,LTLS,540,550,530,530,676600
6/11/2021,LUCK,266,286,266,268,14415100
6/11/2021,LUCY,56,56,51,51,30814200
6/11/2021,LUCY-W,14,15,13,14,13596900
6/11/2021,MABA,50,50,50,50,0
6/11/2021,MAGP,50,50,50,50,200
6/11/2021,MAIN,885,895,860,860,6387000
6/11/2021,MAMI,50,50,50,50,6700
6/11/2021,MAMI-W,7,8,7,7,3994900
6/11/2021,MAMIP,600,600,600,600,0
6/11/2021,MAPA,2070,2070,2030,2040,1042900
6/11/2021,MAPB,1360,1360,1315,1315,1200
6/11/2021,MAPI,740,790,730,775,27915400
6/11/2021,MARI,348,350,336,336,40390400
6/11/2021,MARK,865,875,835,870,3305200
6/11/2021,MASA,1360,1360,1360,1360,0
6/11/2021,MAYA,1810,1815,1800,1800,76300
6/11/2021,MBAP,2850,2930,2850,2910,318600
6/11/2021,MBSS,494,510,490,505,2502400
6/11/2021,MBTO,137,153,136,139,1288600
6/11/2021,MCAS,7200,7375,6725,6900,1111900
6/11/2021,MCOR,146,147,140,140,66529400
6/11/2021,MDIA,60,71,58,62,406676600
6/11/2021,MDKA,2820,2820,2730,2790,50844600
6/11/2021,MDKI,208,210,206,208,627100
6/11/2021,MDLN,51,51,51,51,0
6/11/2021,MDRN,50,50,50,50,0
6/11/2021,MEDC,735,755,720,735,52683400
6/11/2021,MEGA,8275,8350,8250,8350,8500
6/11/2021,MERK,3370,3370,3310,3340,27500
6/11/2021,META,134,137,133,136,4995700
6/11/2021,MFIN,1145,1145,1135,1145,17800
6/11/2021,MFMI,630,635,625,635,35600
6/11/2021,MGLV,192,195,188,195,2139600
6/11/2021,MGLV-W,11,12,10,12,50933100
6/11/2021,MGNA,50,50,50,50,0
6/11/2021,MGRO,700,705,700,700,2435900
6/11/2021,MICE,370,374,362,370,152400
6/11/2021,MIDI,1915,1925,1830,1830,5600
6/11/2021,MIKA,2470,2510,2450,2500,50407800
6/11/2021,MINA,67,72,67,71,7178600
6/11/2021,MIRA,50,50,50,50,200
6/11/2021,MITI,63,63,63,63,0
6/11/2021,MKNT,50,50,50,50,56600
6/11/2021,MKPI,25200,25200,25200,25200,0
6/11/2021,MLBI,8750,8750,8650,8725,23600
6/11/2021,MLIA,1130,1170,1055,1055,5840500
6/11/2021,MLPL,675,675,675,675,0
6/11/2021,MLPT,3700,4630,3460,4600,3712800
6/11/2021,MMLP,390,394,374,382,7367800
6/11/2021,MNCN,1050,1055,1020,1030,35315800
6/11/2021,MOLI,1000,1000,950,965,10200
6/11/2021,MPMX,715,730,705,710,14406700
6/11/2021,MPOW,113,113,110,110,1849800
6/11/2021,MPPA,1225,1255,1200,1225,64818700
6/11/2021,MPRO,605,605,595,595,12400
6/11/2021,MRAT,332,332,320,328,1179700
6/11/2021,MREI,4700,4700,4700,4700,1000
6/11/2021,MSIN,200,208,186,186,24252300
6/11/2021,MSKY,590,590,560,570,540300
6/11/2021,MTDL,1705,1740,1700,1735,1818500
6/11/2021,MTFN,50,50,50,50,100
6/11/2021,MTLA,430,430,420,420,25900
6/11/2021,MTPS,167,238,166,184,98735400
6/11/2021,MTRA,244,244,244,244,0
6/11/2021,MTSM,169,169,169,169,100
6/11/2021,MTWI,129,135,127,129,1825600
6/11/2021,MYOH,1450,1470,1450,1470,5300
6/11/2021,MYOR,2560,2560,2530,2540,840300
6/11/2021,MYRX,50,50,50,50,0
6/11/2021,MYRXP,50,50,50,50,0
6/11/2021,MYTX,109,110,108,108,458900
6/11/2021,NASA,104,104,104,104,0
6/11/2021,NATO,550,550,515,545,358555000
6/11/2021,NATO-W,210,210,210,210,0
6/11/2021,NELY,234,234,230,232,719100
6/11/2021,NFCX,5750,5750,5350,5350,945500
6/11/2021,NICK,334,334,304,314,3001600
6/11/2021,NIKL,1165,1200,1165,1190,691500
6/11/2021,NIPS,282,282,282,282,0
6/11/2021,NIRO,143,147,143,147,6700
6/11/2021,NISP,815,820,810,810,137700
6/11/2021,NOBU,1000,1065,1000,1040,2105200
6/11/2021,NPGF,150,157,143,157,29420000
6/11/2021,NRCA,308,310,304,310,226200
6/11/2021,NUSA,50,50,50,50,0
6/11/2021,NZIA,141,163,135,143,1904200
6/11/2021,OASA,330,344,316,316,6612400
6/11/2021,OCAP,159,159,159,159,0
6/11/2021,OKAS,85,89,85,86,5767300
6/11/2021,OMRE,1000,1150,1000,1045,3600
6/11/2021,OPMS,580,580,560,570,7179200
6/11/2021,PADI,59,59,59,59,3533900
6/11/2021,PALM,490,500,482,494,694400
6/11/2021,PAMG,84,85,83,83,259900
6/11/2021,PANI,120,120,120,120,1300
6/11/2021,PANR,127,135,127,128,1059800
6/11/2021,PANS,1220,1245,1215,1245,98200
6/11/2021,PBID,1780,1835,1765,1835,1287100
6/11/2021,PBRX,110,118,110,117,8039800
6/11/2021,PBSA,480,480,480,480,100
6/11/2021,PCAR,254,264,254,264,145200
6/11/2021,PDES,550,560,515,555,5719000
6/11/2021,PEGE,145,145,138,144,15600
6/11/2021,PEHA,1175,1175,1160,1170,76000
6/11/2021,PGAS,1180,1250,1175,1215,559541700
6/11/2021,PGJO,50,50,48,50,79500
6/11/2021,PGLI,236,268,236,268,16900
6/11/2021,PGUN,250,250,250,250,1000
6/11/2021,PICO,146,153,146,150,1127600
6/11/2021,PJAA,530,530,525,530,57400
6/11/2021,PKPK,73,79,72,75,115252100
6/11/2021,PLAN,32,33,32,32,6565800
6/11/2021,PLAN-W,9,9,8,8,2196600
6/11/2021,PLAS,50,50,50,50,0
6/11/2021,PLIN,2450,2450,2450,2450,0
6/11/2021,PMJS,127,127,123,125,127300
6/11/2021,PMMP,398,406,394,400,32769700
6/11/2021,PNBN,875,880,860,865,6637000
6/11/2021,PNBS,128,129,121,121,153659900
6/11/2021,PNGO,1440,1450,1440,1450,1300
6/11/2021,PNIN,755,770,750,765,250200
6/11/2021,PNLF,202,202,197,197,36847800
6/11/2021,PNSE,460,462,450,450,18500
6/11/2021,POLA,163,169,159,160,398300
6/11/2021,POLA-W,88,88,73,75,194800
6/11/2021,POLI,1150,1190,1110,1190,2400
6/11/2021,POLL,1555,1620,1545,1620,3411700
6/11/2021,POLU,376,376,370,370,400
6/11/2021,POLY,58,60,58,59,416200
6/11/2021,POOL,50,50,50,50,0
6/11/2021,PORT,470,470,470,470,0
6/11/2021,POSA,50,50,50,50,0
6/11/2021,POWR,675,700,660,675,10396300
6/11/2021,PPGL,78,83,77,82,27925400
6/11/2021,PPGL-W,11,12,11,12,1887600
6/11/2021,PPRE,180,182,180,180,8788200
6/11/2021,PPRO,87,87,85,86,44764000
6/11/2021,PRAS,180,236,177,236,17815600
6/11/2021,PRDA,4170,4220,4150,4210,3320900
6/11/2021,PRIM,258,312,258,284,11577100
6/11/2021,PSAB,194,196,193,196,12592800
6/11/2021,PSDN,193,193,179,185,587200
6/11/2021,PSGO,220,246,220,244,45746300
6/11/2021,PSKT,50,50,50,50,9700
6/11/2021,PSSI,316,318,308,318,1365600
6/11/2021,PTBA,2230,2340,2190,2290,76607700
6/11/2021,PTDU,3410,3700,3400,3510,7951400
6/11/2021,PTIS,306,338,270,330,117200
6/11/2021,PTPP,1125,1145,1110,1140,33410100
6/11/2021,PTPW,1190,1190,1190,1190,200
6/11/2021,PTRO,1985,2050,1975,2000,1088200
6/11/2021,PTSN,212,216,206,210,3552600
6/11/2021,PTSP,5400,5450,5400,5450,500
6/11/2021,PUDP,350,350,326,326,105200
6/11/2021,PURA,128,129,120,120,359192700
6/11/2021,PURA-W,30,31,28,28,2217400
6/11/2021,PURE,132,138,122,122,48738600
6/11/2021,PURI,382,402,378,402,600
6/11/2021,PWON,476,478,472,476,64582500
6/11/2021,PYFA,955,960,950,955,253500
6/11/2021,PZZA,700,710,690,710,119700
6/11/2021,R-ABFII,28600,28600,28600,28600,0
6/11/2021,R-LQ45X,960,962,955,960,28100
6/11/2021,RAJA,238,256,238,240,279432700
6/11/2021,RALS,665,685,660,680,19094700
6/11/2021,RANC,755,790,740,770,1352400
6/11/2021,RBMS,56,60,53,58,38286700
6/11/2021,RDTX,7700,7700,7700,7700,0
6/11/2021,REAL,50,50,50,50,122300
6/11/2021,RELI,326,338,326,338,300
6/11/2021,RICY,94,98,93,96,2052600
6/11/2021,RIGS,212,220,206,216,375300
6/11/2021,RIMO,50,50,50,50,0
6/11/2021,RISE,432,434,426,430,363700
6/11/2021,RMBA,274,290,272,288,235700
6/11/2021,ROCK,590,600,540,540,5900
6/11/2021,RODA,86,87,85,86,2306800
6/11/2021,RONY,142,148,142,143,3500
6/11/2021,ROTI,1340,1370,1340,1350,15500
6/11/2021,RUIS,238,238,232,238,65400
6/11/2021,SAFE,183,208,183,190,49700
6/11/2021,SAME,530,530,515,520,18505900
6/11/2021,SAMF,1500,1555,1415,1420,4479900
6/11/2021,SAPX,1090,1090,1080,1090,28600
6/11/2021,SATU,52,53,50,52,1032700
6/11/2021,SBAT,50,50,50,50,28749300
6/11/2021,SBAT-W,8,10,8,10,27485800
6/11/2021,SCCO,11200,11400,11200,11400,500
6/11/2021,SCMA,1655,1675,1605,1620,10281600
6/11/2021,SCNP,246,304,244,304,19239000
6/11/2021,SCPI,29000,29000,29000,29000,0
6/11/2021,SDMU,51,51,50,50,1234200
6/11/2021,SDPC,133,134,130,130,108100
6/11/2021,SDRA,725,725,710,715,95200
6/11/2021,SFAN,1325,1325,1320,1325,240100
6/11/2021,SGER,282,294,278,282,680200
6/11/2021,SGER-W,147,165,141,159,22500
6/11/2021,SGRO,1880,1885,1865,1885,11100
6/11/2021,SHID,2300,2300,2300,2300,0
6/11/2021,SHIP,660,660,650,660,1026400
6/11/2021,SIDO,775,775,770,775,2464900
6/11/2021,SILO,8350,8375,8275,8300,109700
6/11/2021,SIMA,50,50,50,50,0
6/11/2021,SIMP,505,520,505,515,4373800
6/11/2021,SINI,338,338,318,322,2100
6/11/2021,SINI-W,80,117,80,117,2100
6/11/2021,SIPD,1320,1320,1320,1320,1300
6/11/2021,SKBM,320,320,320,320,900
6/11/2021,SKLT,2120,2120,2070,2070,200
6/11/2021,SKRN,690,735,685,705,5597600
6/11/2021,SKYB,51,51,51,51,0
6/11/2021,SLIS,9750,9775,9750,9775,2900
6/11/2021,SMAR,4680,4680,4590,4610,3900
6/11/2021,SMBR,675,715,675,690,6739600
6/11/2021,SMCB,1710,1710,1700,1700,50500
6/11/2021,SMDM,140,140,134,138,1748300
6/11/2021,SMDR,530,535,510,510,5260900
6/11/2021,SMGR,10325,10450,10325,10325,3014100
6/11/2021,SMKL,226,244,218,238,1440800
6/11/2021,SMKL-W,23,45,23,34,30391600
6/11/2021,SMMA,11250,11400,11250,11400,800
6/11/2021,SMMT,111,138,108,114,23161200
6/11/2021,SMRA,855,865,840,855,48253600
6/11/2021,SMRU,50,50,50,50,0
6/11/2021,SMSM,1270,1280,1260,1265,385500
6/11/2021,SNLK,1125,1150,1055,1100,13332500
6/11/2021,SOCI,220,228,216,222,28335800
6/11/2021,SOFA,95,98,93,93,1200
6/11/2021,SOFA-W,6,6,5,6,4834800
6/11/2021,SOHO,4760,4760,4760,4760,8700
6/11/2021,SONA,5425,5425,5425,5425,0
6/11/2021,SOSS,406,406,378,384,38400
6/11/2021,SOSS-W,49,69,43,52,867900
6/11/2021,SOTS,535,555,530,550,4278000
6/11/2021,SOTS-W,79,79,79,79,2000
6/11/2021,SPMA,580,580,565,570,732500
6/11/2021,SPTO,454,456,452,454,147400
6/11/2021,SQMI,322,324,314,324,1716000
6/11/2021,SRAJ,171,171,165,165,101300
6/11/2021,SRIL,146,146,146,146,0
6/11/2021,SRSN,58,59,58,58,723800
6/11/2021,SRTG,1660,1695,1595,1665,25034000
6/11/2021,SSIA,472,478,468,470,1398800
6/11/2021,SSMS,880,880,865,880,6593500
6/11/2021,SSTM,400,438,392,408,19900
6/11/2021,STAR,100,103,100,103,398400
6/11/2021,STTP,9000,9000,8450,9000,1300
6/11/2021,SUGI,50,50,50,50,0
6/11/2021,SULI,50,50,50,50,1172300
6/11/2021,SUPR,8075,8075,8075,8075,0
6/11/2021,SURE,1995,1995,1990,1995,905000
6/11/2021,SWAT,82,85,82,85,724800
6/11/2021,TALF,280,284,280,284,800
6/11/2021,TAMA,53,53,52,52,2198500
6/11/2021,TAMA-W,13,14,13,14,1312400
6/11/2021,TAMU,50,50,50,50,500
6/11/2021,TAPG,700,700,675,675,80683400
6/11/2021,TARA,50,50,50,50,0
6/11/2021,TAXI,50,50,50,50,0
6/11/2021,TBIG,3090,3100,2990,2990,37194700
6/11/2021,TBLA,840,850,820,850,2435900
6/11/2021,TBMS,1510,1510,1510,1510,300
6/11/2021,TCID,5950,5950,5925,5950,13000
6/11/2021,TCPI,8275,8450,8150,8225,10260000
6/11/2021,TDPM,119,119,119,119,0
6/11/2021,TEBE,400,460,390,440,203800
6/11/2021,TECH,1715,2020,1600,1925,695400
6/11/2021,TELE,121,121,121,121,0
6/11/2021,TFAS,2900,2900,2900,2900,0
6/11/2021,TFCO,730,730,710,710,13500
6/11/2021,TGKA,7750,8150,7700,7725,4900
6/11/2021,TGRA,127,130,125,125,20358600
6/11/2021,TIFA,825,1000,825,985,27000
6/11/2021,TINS,1590,1635,1590,1595,42027400
6/11/2021,TIRA,270,270,268,270,1300
6/11/2021,TIRT,50,50,50,50,2600
6/11/2021,TKIM,9300,9325,9100,9200,4058500
6/11/2021,TLKM,3490,3500,3420,3470,82336600
6/11/2021,TMAS,364,456,364,456,41537900
6/11/2021,TMPO,140,145,140,141,17900
6/11/2021,TNCA,390,400,374,390,728600
6/11/2021,TOBA,496,500,496,500,20700
6/11/2021,TOPS,50,50,50,50,40800
6/11/2021,TOTL,310,314,308,312,1837100
6/11/2021,TOTO,210,210,206,210,163000
6/11/2021,TOWR,1245,1250,1220,1230,31838900
6/11/2021,TOYS,122,130,122,122,52149200
6/11/2021,TOYS-W,15,17,15,16,11082600
6/11/2021,TPIA,8075,8100,7950,8000,3248200
6/11/2021,TPMA,1010,1010,1010,1010,200
6/11/2021,TRAM,50,50,50,50,0
6/11/2021,TRIL,50,50,50,50,0
6/11/2021,TRIM,128,129,126,128,759000
6/11/2021,TRIN,169,170,162,163,2687400
6/11/2021,TRIN-W,24,26,24,25,1760100
6/11/2021,TRIO,426,426,426,426,0
6/11/2021,TRIS,141,141,138,141,772500
6/11/2021,TRIS-W,60,60,60,60,0
6/11/2021,TRJA,167,168,163,168,403800
6/11/2021,TRST,500,500,500,500,25000
6/11/2021,TRUE,135,182,182,182,16700
6/11/2021,TRUE-W,144,181,134,181,23463100
6/11/2021,TRUK,94,112,93,108,71892000
6/11/2021,TRUS,310,322,304,304,6600
6/11/2021,TSPC,1555,1580,1540,1570,2166000
6/11/2021,TUGU,1550,1675,1550,1675,1174200
6/11/2021,TURI,1150,1150,1150,1150,200
6/11/2021,UANG,484,500,484,500,5600
6/11/2021,UCID,1615,1615,1565,1595,9900
6/11/2021,UFOE,1015,1230,1000,1115,1041300
6/11/2021,ULTJ,1525,1530,1520,1530,1614500
6/11/2021,UNIC,8350,8800,8350,8575,10000
6/11/2021,UNIQ,100,100,97,97,13321600
6/11/2021,UNIT,316,316,316,316,0
6/11/2021,UNSP,110,115,109,114,1051000
6/11/2021,UNTR,22775,23375,22600,22975,4338700
6/11/2021,UNVR,5300,5350,5225,5350,23436200
6/11/2021,URBN,470,470,446,448,58300
6/11/2021,URBN-W,55,58,55,57,3954100
6/11/2021,VICI,374,380,372,376,3750600
6/11/2021,VICO,128,130,125,128,568900
6/11/2021,VINS,108,114,107,112,1851400
6/11/2021,VIVA,62,68,60,64,236641000
6/11/2021,VOKS,200,202,200,200,7400
6/11/2021,VRNA,186,187,179,181,1297500
6/11/2021,WAPO,109,110,108,110,443400
6/11/2021,WEGE,197,199,196,199,5774000
6/11/2021,WEHA,71,80,71,73,15429300
6/11/2021,WICO,440,440,440,440,0
6/11/2021,WIFI,970,995,905,960,12145500
6/11/2021,WIFI-W,302,496,300,450,141000
6/11/2021,WIIM,655,665,640,645,8193200
6/11/2021,WIKA,1300,1350,1290,1345,23315000
6/11/2021,WINS,126,133,123,129,49755000
6/11/2021,WMUU,196,202,191,198,89671500
6/11/2021,WOMF,244,246,244,244,200200
6/11/2021,WOOD,765,770,750,755,8441000
6/11/2021,WOWS,50,50,50,50,429500
6/11/2021,WSBP,180,183,180,183,14607400
6/11/2021,WSKT,1050,1090,1045,1085,21396700
6/11/2021,WTON,288,290,282,286,6409700
6/11/2021,XAFA,1100,1100,1078,1078,400
6/11/2021,XAQA,894,894,882,882,200
6/11/2021,XBES,895,895,888,888,1000
6/11/2021,XBID,505,505,505,505,1100
6/11/2021,XBIN,461,461,461,461,200
6/11/2021,XBLQ,451,451,451,451,100
6/11/2021,XBNI,979,979,979,979,31600
6/11/2021,XBSK,358,358,358,358,100
6/11/2021,XCID,84,85,84,84,5600
6/11/2021,XCIS,105,105,105,105,0
6/11/2021,XCLQ,93,95,93,95,14800
6/11/2021,XDIF,457,457,446,446,800
6/11/2021,XDSG,943,943,943,943,0
6/11/2021,XIFE,98,99,98,98,3700
6/11/2021,XIHD,455,456,450,456,25800
6/11/2021,XIIC,946,946,946,946,0
6/11/2021,XIID,496,496,495,495,1400
6/11/2021,XIIF,540,540,540,540,0
6/11/2021,XIIT,510,510,505,505,23800
6/11/2021,XIJI,586,589,586,587,54500
6/11/2021,XILV,108,110,108,110,200
6/11/2021,XIML,250,251,250,250,12000
6/11/2021,XIPI,172,172,171,171,4500
6/11/2021,XISB,398,398,398,398,0
6/11/2021,XISC,702,702,702,702,200
6/11/2021,XISI,332,332,332,332,11100
6/11/2021,XISR,360,360,360,360,1600
6/11/2021,XKIV,450,450,450,450,0
6/11/2021,XKMS,1016,1016,1016,1016,100
6/11/2021,XMIG,169,169,169,169,0
6/11/2021,XMJM,1001,1001,1001,1001,0
6/11/2021,XMTS,437,437,437,437,0
6/11/2021,XNVE,140,141,140,141,7600
6/11/2021,XPCR,870,870,870,870,100
6/11/2021,XPDV,444,444,444,444,100
6/11/2021,XPES,362,362,362,362,100
6/11/2021,XPFT,499,499,499,499,100
6/11/2021,XPID,496,496,496,496,0
6/11/2021,XPLC,419,419,419,419,0
6/11/2021,XPLQ,448,448,448,448,0
6/11/2021,XPMI,885,885,885,885,400
6/11/2021,XPSG,368,368,368,368,0
6/11/2021,XPTD,472,472,472,472,200
6/11/2021,XSBC,100,100,100,100,0
6/11/2021,XSMU,127,127,127,127,100
6/11/2021,XSPI,750,750,750,750,0
6/11/2021,XSRI,171,171,171,171,0
6/11/2021,XSSI,80,81,79,81,21300
6/11/2021,XSSK,607,607,607,607,100
6/11/2021,YELO,137,139,128,130,19448000
6/11/2021,YELO-W,44,45,39,42,3956800
6/11/2021,YPAS,420,440,420,440,300
6/11/2021,YULE,422,422,422,422,0
6/11/2021,ZBRA,1200,1230,1110,1110,9439000
6/11/2021,ZINC,147,152,145,150,743363100
6/11/2021,ZONE,420,424,416,424,136200
6/11/2021,ZYRX,580,585,555,555,11105700
6/11/2021,ZYRX-W,102,105,96,100,1101000
