<date>,<ticker>,<open>,<high>,<low>,<close>,<volume>
8/18/2021,IHSG,6109.561,6136.282,6040.603,6118.15,226133998
8/18/2021,AALI,8575,8575,8275,8375,1886200
8/18/2021,ABBA,510,570,476,555,99721400
8/18/2021,ABDA,6950,6950,6950,6950,0
8/18/2021,ABMM,1380,1390,1295,1295,297700
8/18/2021,ACES,1505,1535,1480,1500,12563300
8/18/2021,ACST,248,266,234,262,97059400
8/18/2021,ADES,2770,2800,2650,2700,99000
8/18/2021,ADHI,705,710,685,700,14852000
8/18/2021,ADMF,7725,7750,7675,7750,94600
8/18/2021,ADMG,222,222,208,210,17442900
8/18/2021,ADRO,1360,1375,1325,1340,68965200
8/18/2021,AGAR,452,452,410,410,13900
8/18/2021,AGII,1380,1400,1300,1310,10084000
8/18/2021,AGRO,2240,2240,2110,2120,163099100
8/18/2021,AGRS,280,290,274,274,72765300
8/18/2021,AHAP,59,59,58,58,153000
8/18/2021,AIMS,356,362,340,354,74100
8/18/2021,AISA,214,214,202,208,15125600
8/18/2021,AKKU,50,50,50,50,200
8/18/2021,AKPI,620,620,610,615,12500
8/18/2021,AKRA,3700,3830,3660,3690,16001400
8/18/2021,AKSI,412,444,412,424,18800
8/18/2021,ALDO,785,835,785,825,18498500
8/18/2021,ALKA,240,258,220,222,21500
8/18/2021,ALMI,232,262,232,246,20700
8/18/2021,ALTO,320,324,306,324,10400
8/18/2021,AMAG,300,312,300,302,280700
8/18/2021,AMAN,434,446,434,446,3256500
8/18/2021,AMAR,292,294,274,282,5041800
8/18/2021,AMFG,3920,3920,3830,3900,12600
8/18/2021,AMIN,182,185,178,180,96800
8/18/2021,AMOR,3170,3470,3120,3470,1902900
8/18/2021,AMRT,1405,1405,1310,1310,63633400
8/18/2021,ANDI,50,50,50,50,69900
8/18/2021,ANJT,690,700,680,690,67800
8/18/2021,ANTM,2390,2420,2360,2400,85335000
8/18/2021,APEX,535,590,525,525,55300
8/18/2021,APIC,830,850,825,850,10881700
8/18/2021,APII,177,180,174,177,43600
8/18/2021,APLI,204,216,200,214,108000
8/18/2021,APLN,123,130,122,123,22146200
8/18/2021,ARCI,595,620,580,615,32481100
8/18/2021,ARGO,1670,1895,1670,1735,29100
8/18/2021,ARII,284,298,284,298,108100
8/18/2021,ARKA,50,50,50,50,8038200
8/18/2021,ARMY,50,50,50,50,0
8/18/2021,ARNA,790,815,770,815,1252100
8/18/2021,ARTA,905,1035,870,980,959800
8/18/2021,ARTI,50,50,50,50,0
8/18/2021,ARTO,15750,16900,15550,16800,53015700
8/18/2021,ASBI,278,280,276,278,26600
8/18/2021,ASDM,1030,1080,1020,1030,318400
8/18/2021,ASGR,690,695,685,690,2582300
8/18/2021,ASII,5100,5300,5075,5225,102560600
8/18/2021,ASJT,150,151,141,141,2602500
8/18/2021,ASMI,282,282,264,264,105200
8/18/2021,ASPI,50,50,50,50,145800
8/18/2021,ASPI-W,13,13,12,13,235300
8/18/2021,ASRI,156,160,148,159,63592600
8/18/2021,ASRM,1550,1550,1550,1550,2400
8/18/2021,ASSA,2660,2760,2530,2700,16709900
8/18/2021,ATAP,103,104,102,104,63100
8/18/2021,ATIC,860,860,800,820,1624500
8/18/2021,AUTO,1010,1025,1010,1020,1304000
8/18/2021,AYLS,64,75,62,63,26722200
8/18/2021,BABP,402,432,402,402,737745300
8/18/2021,BABP-W3,298,344,290,302,91200
8/18/2021,BABP-W4,402,402,342,350,70500
8/18/2021,BACA,440,478,420,444,197024500
8/18/2021,BACA-W2,330,342,330,342,4600
8/18/2021,BAJA,364,400,364,396,3444600
8/18/2021,BALI,680,745,660,745,3512800
8/18/2021,BANK,3730,3770,3470,3750,85833400
8/18/2021,BANK-W,3520,3550,3510,3550,1700
8/18/2021,BAPA,50,50,50,50,110500
8/18/2021,BAPI,50,50,50,50,2000
8/18/2021,BAPI-W,5,5,4,5,6514200
8/18/2021,BATA,630,785,630,785,17300
8/18/2021,BAYU,990,990,990,990,3200
8/18/2021,BBCA,32600,33800,32300,33000,37270900
8/18/2021,BBHI,2350,2350,2190,2190,9725400
8/18/2021,BBKP,630,635,585,585,465916000
8/18/2021,BBLD,410,416,410,416,30800
8/18/2021,BBMD,1575,1590,1575,1590,13600
8/18/2021,BBNI,5175,5425,5150,5425,62752600
8/18/2021,BBRI,3990,4090,3930,4070,224861000
8/18/2021,BBRM,50,50,50,50,15300
8/18/2021,BBSI,6075,6675,5650,5925,284600
8/18/2021,BBSS,50,50,50,50,2400
8/18/2021,BBTN,1375,1465,1370,1425,131893000
8/18/2021,BBYB,1515,1515,1425,1425,167910300
8/18/2021,BCAP,113,118,111,117,91996300
8/18/2021,BCIC,685,695,685,685,94000
8/18/2021,BCIP,51,54,51,54,3946800
8/18/2021,BDMN,2360,2360,2250,2300,3188400
8/18/2021,BEBS,326,432,322,432,88020500
8/18/2021,BEEF,77,102,74,83,284094700
8/18/2021,BEKS,105,106,98,99,538351600
8/18/2021,BELL,121,138,119,129,1756300
8/18/2021,BESS,775,775,725,725,33100
8/18/2021,BESS-W,710,710,480,660,11400
8/18/2021,BEST,123,125,121,123,19772200
8/18/2021,BFIN,1100,1100,980,980,135307700
8/18/2021,BGTG,258,274,240,240,186310600
8/18/2021,BHAT,760,760,760,760,0
8/18/2021,BHIT,92,96,88,93,671636900
8/18/2021,BIKA,290,352,282,286,10270400
8/18/2021,BIMA,118,156,118,156,194901500
8/18/2021,BINA,3990,3990,3720,3720,1886200
8/18/2021,BIPI,50,50,50,50,182700
8/18/2021,BIPI-W,9,9,8,9,252500
8/18/2021,BIPP,52,54,52,52,1123600
8/18/2021,BIRD,1005,1120,1005,1085,1535000
8/18/2021,BISI,1035,1040,1020,1040,265400
8/18/2021,BJBR,1245,1290,1230,1265,6078600
8/18/2021,BJTM,720,740,710,730,18448900
8/18/2021,BKDP,50,52,50,50,3403000
8/18/2021,BKSL,53,56,53,54,152284000
8/18/2021,BKSW,248,254,232,242,68649600
8/18/2021,BLTA,50,50,50,50,24300
8/18/2021,BLTZ,3790,3800,3590,3700,4100
8/18/2021,BLUE,700,705,690,705,130700
8/18/2021,BMAS,1295,1325,1220,1295,131600
8/18/2021,BMHS,1030,1030,970,995,10129300
8/18/2021,BMRI,6000,6175,5925,6050,70614700
8/18/2021,BMSR,128,129,120,122,217600
8/18/2021,BMTR,270,278,268,270,46710600
8/18/2021,BNBA,1145,1145,1065,1065,12585500
8/18/2021,BNBR,50,50,50,50,3500
8/18/2021,BNGA,975,985,955,970,6072600
8/18/2021,BNII,346,348,338,342,4976800
8/18/2021,BNLI,1850,1850,1755,1790,1094900
8/18/2021,BOGA,1395,1415,1385,1400,115591000
8/18/2021,BOLA,1110,1110,1110,1110,0
8/18/2021,BOLT,605,635,605,635,1900
8/18/2021,BOSS,69,71,67,67,20498600
8/18/2021,BPFI,1050,1050,1050,1050,0
8/18/2021,BPII,4900,4900,4900,4900,0
8/18/2021,BPTR,114,123,113,114,1797400
8/18/2021,BRAM,5725,5750,5725,5750,400
8/18/2021,BRIS,2250,2290,2100,2170,77463900
8/18/2021,BRMS,94,95,88,89,855018400
8/18/2021,BRMS-W,25,26,20,20,496736100
8/18/2021,BRNA,1350,1430,1350,1430,200
8/18/2021,BRPT,1050,1145,1045,1130,100125200
8/18/2021,BSDE,890,950,885,910,79863000
8/18/2021,BSIM,1205,1320,1120,1235,7431800
8/18/2021,BSSR,1780,1900,1710,1710,50800
8/18/2021,BSWD,1750,1750,1750,1750,0
8/18/2021,BTEK,50,50,50,50,14100
8/18/2021,BTEL,50,50,50,50,0
8/18/2021,BTON,436,450,424,450,42400
8/18/2021,BTPN,2770,2850,2700,2850,193200
8/18/2021,BTPS,2450,2830,2450,2790,38961400
8/18/2021,BUDI,195,200,182,183,18605500
8/18/2021,BUKA,845,890,830,830,943814400
8/18/2021,BUKK,1040,1070,1040,1045,44200
8/18/2021,BULL,248,250,246,248,500569100
8/18/2021,BULL-W2,45,45,37,40,1255300
8/18/2021,BUMI,55,56,54,54,112202300
8/18/2021,BUVA,60,60,60,60,0
8/18/2021,BVIC,171,172,160,161,29835700
8/18/2021,BWPT,80,82,76,77,28420000
8/18/2021,BYAN,15100,15125,14950,14975,96900
8/18/2021,CAKK,69,71,68,69,1980800
8/18/2021,CAMP,318,338,310,326,18941300
8/18/2021,CANI,196,196,175,175,111800
8/18/2021,CARE,380,388,374,388,479984700
8/18/2021,CARS,50,50,50,50,2900
8/18/2021,CASA,392,392,392,392,100
8/18/2021,CASH,206,214,195,199,9876100
8/18/2021,CASS,318,322,318,320,174600
8/18/2021,CBMF,50,50,50,50,806100
8/18/2021,CCSI,430,446,414,416,523700
8/18/2021,CEKA,1800,1810,1800,1800,42000
8/18/2021,CENT,366,368,348,348,22309400
8/18/2021,CFIN,278,284,278,280,2263700
8/18/2021,CINT,192,192,184,192,36400
8/18/2021,CITA,3000,3000,3000,3000,24500
8/18/2021,CITY,148,148,130,137,52100
8/18/2021,CITY-W,35,68,31,38,2265200
8/18/2021,CLAY,755,760,755,755,4000
8/18/2021,CLEO,458,458,450,454,5141500
8/18/2021,CLPI,1045,1065,1025,1025,234300
8/18/2021,CMNP,1710,1710,1670,1695,127800
8/18/2021,CMNP-W,730,730,730,730,100
8/18/2021,CMPP,184,184,184,184,0
8/18/2021,CNKO,50,50,50,50,0
8/18/2021,CNTB,250,250,250,250,0
8/18/2021,CNTX,180,195,180,195,4000
8/18/2021,COCO,318,318,306,312,6876500
8/18/2021,COCO-W,250,250,250,250,0
8/18/2021,COWL,50,50,50,50,0
8/18/2021,CPIN,6325,6500,6275,6450,7814700
8/18/2021,CPRI,50,50,50,50,2700
8/18/2021,CPRI-W,13,13,11,12,165100
8/18/2021,CPRO,50,50,50,50,2300
8/18/2021,CSAP,530,555,494,500,214000
8/18/2021,CSIS,66,71,66,69,749100
8/18/2021,CSMI,3400,3400,3400,3400,0
8/18/2021,CSRA,314,314,298,300,440300
8/18/2021,CTBN,3000,3100,2700,2720,1400
8/18/2021,CTRA,830,910,825,900,90509000
8/18/2021,CTTH,50,51,50,50,4016600
8/18/2021,DADA,51,56,50,50,249973500
8/18/2021,DADA-W,12,15,12,14,500324700
8/18/2021,DART,208,208,208,208,100
8/18/2021,DAYA,240,250,234,242,66200
8/18/2021,DCII,44175,44175,44175,44175,4000
8/18/2021,DEAL,52,57,52,52,131904600
8/18/2021,DEAL-W,27,31,25,25,754400
8/18/2021,DEFI,1705,1705,1680,1680,11100
8/18/2021,DEWA,50,50,50,50,107700
8/18/2021,DFAM,121,167,117,121,25289600
8/18/2021,DGIK,79,84,76,79,20912100
8/18/2021,DGNS,855,855,815,815,10888600
8/18/2021,DIGI,810,955,810,950,1190000
8/18/2021,DILD,156,159,156,156,4268600
8/18/2021,DIVA,5025,5150,4870,5025,2160700
8/18/2021,DKFT,138,138,133,135,7481600
8/18/2021,DLTA,3790,3800,3790,3800,71100
8/18/2021,DMAS,174,180,174,177,38797200
8/18/2021,DMMX,3370,3380,3250,3250,25730900
8/18/2021,DMND,740,740,725,740,700
8/18/2021,DNAR,316,316,294,294,24833800
8/18/2021,DNET,3280,3300,3190,3200,25500
8/18/2021,DOID,308,310,298,300,48417700
8/18/2021,DPNS,388,398,362,362,539700
8/18/2021,DPUM,50,50,50,50,0
8/18/2021,DSFI,74,75,72,74,1194400
8/18/2021,DSNG,540,540,515,525,18597500
8/18/2021,DSSA,17500,17500,17500,17500,0
8/18/2021,DUCK,171,173,159,159,41238600
8/18/2021,DUTI,3460,3460,3400,3400,500
8/18/2021,DVLA,2390,2410,2390,2400,16100
8/18/2021,DWGL,192,192,187,187,21000
8/18/2021,DWGL-W,40,47,38,40,280800
8/18/2021,DYAN,58,60,58,59,4549300
8/18/2021,EAST,58,60,57,59,527000
8/18/2021,EAST-W,8,8,7,8,3335900
8/18/2021,ECII,980,980,980,980,100
8/18/2021,EDGE,25400,25400,25000,25025,9700
8/18/2021,EKAD,1430,1455,1420,1420,1193100
8/18/2021,ELSA,260,262,256,258,20209300
8/18/2021,ELTY,50,50,50,50,300
8/18/2021,EMDE,198,198,198,198,0
8/18/2021,EMTK,2080,2110,1975,1975,150662700
8/18/2021,ENRG,114,115,108,109,49207400
8/18/2021,ENVY,50,50,50,50,0
8/18/2021,ENZO,50,50,50,50,827500
8/18/2021,ENZO-W,13,14,12,13,2865900
8/18/2021,EPAC,50,50,50,50,52300
8/18/2021,EPMT,2310,2330,2310,2310,71200
8/18/2021,ERAA,635,640,595,595,124076600
8/18/2021,ERTX,171,171,166,171,73100
8/18/2021,ESIP,63,64,62,63,303800
8/18/2021,ESIP-W,8,9,8,9,1061900
8/18/2021,ESSA,356,364,340,340,102080000
8/18/2021,ESTA,96,97,95,96,60100
8/18/2021,ESTI,105,109,104,104,436900
8/18/2021,ETWA,62,62,62,62,0
8/18/2021,EXCL,2560,2680,2520,2680,40629100
8/18/2021,FAPA,2870,2870,2870,2870,10000
8/18/2021,FAST,980,995,980,990,4000
8/18/2021,FASW,7600,7600,7600,7600,0
8/18/2021,FILM,396,400,372,378,4445800
8/18/2021,FIMP,55,55,48,50,474700
8/18/2021,FIMP-W,13,15,13,15,57900
8/18/2021,FIRE,486,488,470,478,3084800
8/18/2021,FISH,13075,13075,13075,13075,100
8/18/2021,FITT,147,150,137,137,33360900
8/18/2021,FITT-W,38,38,36,36,1200
8/18/2021,FLMC,426,430,412,430,1886100
8/18/2021,FMII,470,470,440,440,9600
8/18/2021,FOOD,91,106,90,92,27383000
8/18/2021,FORU,158,158,147,151,181700
8/18/2021,FORZ,50,50,50,50,8000
8/18/2021,FPNI,250,268,250,256,10849400
8/18/2021,FREN,131,137,122,122,3084661100
8/18/2021,FREN-W,52,54,50,51,4054700
8/18/2021,FREN-W2,62,67,59,62,398861000
8/18/2021,FUJI,324,326,302,302,142500
8/18/2021,GAMA,50,50,50,50,100
8/18/2021,GDST,99,101,96,98,4695200
8/18/2021,GDYR,1500,1500,1460,1460,83000
8/18/2021,GEMA,354,354,354,354,0
8/18/2021,GEMS,3700,3700,3490,3560,81200
8/18/2021,GGRM,32250,32300,30800,30875,3802000
8/18/2021,GGRP,440,440,424,440,14800
8/18/2021,GHON,2350,2350,2250,2250,3300
8/18/2021,GIAA,222,222,222,222,0
8/18/2021,GJTL,745,800,745,800,18716600
8/18/2021,GLOB,183,183,172,180,62200
8/18/2021,GLVA,286,294,284,288,240500
8/18/2021,GMFI,75,76,74,74,1197700
8/18/2021,GMTD,16725,16725,16725,16725,0
8/18/2021,GOLD,510,600,500,525,1325800
8/18/2021,GOLL,50,50,50,50,0
8/18/2021,GOOD,378,378,372,374,9446800
8/18/2021,GPRA,61,61,59,60,226700
8/18/2021,GSMF,260,280,232,240,1870600
8/18/2021,GTBO,75,75,75,75,0
8/18/2021,GWSA,129,131,124,127,2482700
8/18/2021,GZCO,50,50,50,50,17700
8/18/2021,HADE,50,50,50,50,1700
8/18/2021,HDFA,200,212,189,198,49700
8/18/2021,HDIT,446,460,416,448,12912600
8/18/2021,HDTX,120,120,120,120,0
8/18/2021,HEAL,1150,1170,1125,1125,18506900
8/18/2021,HELI,394,394,360,360,19900
8/18/2021,HERO,1830,1830,1745,1825,17600
8/18/2021,HEXA,3600,3600,3560,3590,139800
8/18/2021,HITS,356,356,350,350,600
8/18/2021,HKMU,63,65,62,64,15286800
8/18/2021,HMSP,1020,1020,985,990,120247700
8/18/2021,HOKI,208,210,202,206,48819400
8/18/2021,HOME,50,50,50,50,0
8/18/2021,HOMI,2000,2000,1955,1980,29100
8/18/2021,HOPE,126,126,126,126,5027400
8/18/2021,HOPE-W,19,20,18,19,14803300
8/18/2021,HOTL,50,50,50,50,3100
8/18/2021,HRME,54,56,53,55,4625600
8/18/2021,HRTA,270,270,248,248,12846800
8/18/2021,HRUM,5200,5225,5075,5150,1553700
8/18/2021,IATA,50,50,50,50,61600
8/18/2021,IBFN,98,98,89,89,86000
8/18/2021,IBFN-W,6,7,5,6,4892500
8/18/2021,IBST,4660,4660,4660,4660,0
8/18/2021,ICBP,8250,8375,8250,8350,4277300
8/18/2021,ICON,114,114,102,102,3413900
8/18/2021,IDPR,254,302,238,284,139329600
8/18/2021,IFII,157,160,147,151,3940400
8/18/2021,IFSH,1180,1180,1180,1180,0
8/18/2021,IGAR,434,434,424,428,207900
8/18/2021,IIKP,50,50,50,50,0
8/18/2021,IKAI,50,50,50,50,0
8/18/2021,IKAN,103,110,102,103,19697900
8/18/2021,IKBI,246,246,240,240,600
8/18/2021,IMAS,875,910,870,890,4483600
8/18/2021,IMJS,316,346,298,342,25354700
8/18/2021,IMPC,2070,2070,2020,2050,1957700
8/18/2021,INAF,2360,2400,2330,2390,646900
8/18/2021,INAI,316,332,294,310,116800
8/18/2021,INCF,182,182,170,170,314600
8/18/2021,INCI,705,715,705,710,76000
8/18/2021,INCO,5100,5125,5000,5075,9604900
8/18/2021,INDF,6400,6475,6375,6400,6963400
8/18/2021,INDO,128,136,128,131,543600
8/18/2021,INDO-W,34,45,34,37,274500
8/18/2021,INDR,4110,4180,4100,4150,150300
8/18/2021,INDS,1925,1970,1920,1920,10800
8/18/2021,INDX,90,91,84,87,1723200
8/18/2021,INDY,1500,1500,1405,1405,29081000
8/18/2021,INKP,6500,6575,6350,6400,9810800
8/18/2021,INOV,170,171,166,170,288800
8/18/2021,INPC,162,167,152,155,48900500
8/18/2021,INPC-W,63,67,59,62,14164600
8/18/2021,INPP,720,790,700,700,2300
8/18/2021,INPS,1595,1630,1590,1590,1700
8/18/2021,INRU,740,740,740,740,0
8/18/2021,INTA,87,95,81,81,230800
8/18/2021,INTD,195,208,195,204,303700
8/18/2021,INTP,10750,11250,10700,11200,6002200
8/18/2021,IPAC,195,195,180,190,138500
8/18/2021,IPCC,645,650,600,600,24527100
8/18/2021,IPCM,374,376,348,348,24319400
8/18/2021,IPOL,159,174,159,166,10022700
8/18/2021,IPTV,236,246,232,240,45945600
8/18/2021,IRRA,1875,1930,1820,1820,7861100
8/18/2021,ISAT,6100,6100,5875,5975,4825700
8/18/2021,ISSP,292,296,278,290,38572300
8/18/2021,ITIC,298,304,278,278,17266500
8/18/2021,ITMA,560,620,550,575,53700
8/18/2021,ITMA-W,71,72,71,72,10200
8/18/2021,ITMG,17300,17300,16325,16400,7173500
8/18/2021,JAST,186,188,173,173,17807700
8/18/2021,JAWA,128,135,118,122,4145800
8/18/2021,JAYA,115,116,107,113,5255300
8/18/2021,JECC,6400,7000,6400,6825,2600
8/18/2021,JGLE,50,50,50,50,0
8/18/2021,JIHD,418,418,418,418,8000
8/18/2021,JKON,139,140,137,139,226600
8/18/2021,JKSW,60,60,60,60,0
8/18/2021,JMAS,170,170,167,168,209500
8/18/2021,JPFA,1670,1695,1640,1680,17510800
8/18/2021,JRPT,470,480,466,476,1448800
8/18/2021,JSKY,148,149,136,140,42677700
8/18/2021,JSMR,3840,4020,3800,4000,6364700
8/18/2021,JSPT,825,825,825,825,0
8/18/2021,JTPE,1105,1105,1095,1095,112900
8/18/2021,KAEF,2350,2430,2350,2370,2853600
8/18/2021,KARW,91,93,84,84,1400600
8/18/2021,KAYU,56,57,53,56,4992700
8/18/2021,KBAG,50,50,50,50,4790900
8/18/2021,KBAG-W,9,9,8,8,16290100
8/18/2021,KBLI,322,322,310,320,639300
8/18/2021,KBLM,202,206,202,202,16000
8/18/2021,KBLV,930,930,865,865,151300
8/18/2021,KBRI,50,50,50,50,0
8/18/2021,KDSI,900,910,900,905,31700
8/18/2021,KEEN,426,430,426,428,815800
8/18/2021,KEJU,1310,1315,1290,1290,442600
8/18/2021,KIAS,50,50,50,50,300
8/18/2021,KICI,183,188,180,184,173800
8/18/2021,KIJA,169,170,168,169,2035100
8/18/2021,KINO,2260,2310,2240,2250,242200
8/18/2021,KIOS,1060,1215,1035,1175,33487700
8/18/2021,KJEN,414,440,388,440,10700
8/18/2021,KKGI,290,320,270,294,1878300
8/18/2021,KLBF,1300,1310,1285,1310,25693500
8/18/2021,KMDS,466,466,438,464,9100
8/18/2021,KMTR,360,380,350,360,65800
8/18/2021,KOBX,153,161,152,157,3131100
8/18/2021,KOIN,159,160,158,158,107400
8/18/2021,KONI,915,955,905,920,4600
8/18/2021,KOPI,500,520,500,520,40900
8/18/2021,KOTA,194,212,186,212,483690300
8/18/2021,KOTA-W,134,138,121,136,203900
8/18/2021,KPAL,50,50,50,50,21600
8/18/2021,KPAS,63,66,61,63,2583300
8/18/2021,KPAS-W,11,13,9,10,4416100
8/18/2021,KPIG,117,122,112,114,258228400
8/18/2021,KRAH,436,436,436,436,0
8/18/2021,KRAS,488,490,480,482,13791600
8/18/2021,KREN,158,165,155,160,52022600
8/18/2021,LABA,725,725,700,715,15641300
8/18/2021,LABA-W,59,60,56,56,4420200
8/18/2021,LAND,68,71,64,69,2566500
8/18/2021,LAPD,50,50,50,50,0
8/18/2021,LCGP,114,114,114,114,0
8/18/2021,LCKM,300,302,298,298,13000
8/18/2021,LEAD,50,50,50,50,40600
8/18/2021,LFLO,62,68,60,68,815800
8/18/2021,LFLO-W,8,8,7,8,10880100
8/18/2021,LIFE,6200,6300,6200,6300,1300
8/18/2021,LINK,4200,4220,4100,4200,1713900
8/18/2021,LION,354,368,348,350,800
8/18/2021,LMAS,89,128,89,128,116970000
8/18/2021,LMPI,190,196,183,187,2488900
8/18/2021,LMSH,650,650,600,600,38100
8/18/2021,LPCK,890,895,865,885,620900
8/18/2021,LPGI,3570,3570,3550,3560,1700
8/18/2021,LPIN,446,466,434,434,1521700
8/18/2021,LPKR,133,138,130,132,84821000
8/18/2021,LPLI,326,330,318,320,739500
8/18/2021,LPPF,2110,2170,2010,2130,18572600
8/18/2021,LPPS,114,117,114,114,643700
8/18/2021,LRNA,185,185,180,184,13500
8/18/2021,LSIP,1145,1185,1140,1150,28065200
8/18/2021,LTLS,590,605,585,600,499900
8/18/2021,LUCK,212,212,198,200,4304900
8/18/2021,LUCY,41,42,40,41,80711200
8/18/2021,LUCY-W,10,11,9,9,6391500
8/18/2021,MABA,50,50,50,50,0
8/18/2021,MAGP,50,50,50,50,0
8/18/2021,MAIN,775,785,755,770,7796400
8/18/2021,MAMI,50,50,50,50,368000
8/18/2021,MAMI-W,7,7,6,6,2493200
8/18/2021,MAMIP,600,600,600,600,0
8/18/2021,MAPA,1805,1895,1745,1860,1358200
8/18/2021,MAPB,1450,1450,1445,1450,77000
8/18/2021,MAPI,680,710,680,710,13164600
8/18/2021,MARI,545,560,498,505,256210200
8/18/2021,MARK,950,950,920,940,2513700
8/18/2021,MASA,2190,2200,2040,2070,32400
8/18/2021,MASB,3410,3450,3410,3430,117900
8/18/2021,MASB-W,328,344,292,322,280000
8/18/2021,MAYA,1095,1120,1035,1045,2992800
8/18/2021,MBAP,3430,3430,3120,3190,225600
8/18/2021,MBSS,605,615,595,605,2959900
8/18/2021,MBTO,128,128,120,126,559200
8/18/2021,MCAS,12075,13950,11900,13850,4076000
8/18/2021,MCOR,137,138,132,134,32434200
8/18/2021,MDIA,50,51,50,50,4134100
8/18/2021,MDKA,2720,2770,2620,2700,64269100
8/18/2021,MDKI,204,206,202,202,1354100
8/18/2021,MDLN,51,51,51,51,0
8/18/2021,MDRN,50,50,50,50,0
8/18/2021,MEDC,460,460,440,454,73008500
8/18/2021,MEGA,7800,7825,7700,7825,1900
8/18/2021,MERK,3320,3340,3310,3320,39100
8/18/2021,META,134,134,130,133,3218800
8/18/2021,MFIN,1180,1180,1180,1180,15100
8/18/2021,MFMI,690,690,665,665,47600
8/18/2021,MGLV,95,98,93,95,35900
8/18/2021,MGLV-W,8,8,7,7,3443100
8/18/2021,MGNA,50,50,50,50,0
8/18/2021,MGRO,685,695,675,695,3641200
8/18/2021,MICE,464,488,404,404,2779300
8/18/2021,MIDI,1780,1780,1780,1780,100
8/18/2021,MIKA,2230,2290,2220,2280,31404600
8/18/2021,MINA,50,50,50,50,279800
8/18/2021,MIRA,50,50,50,50,0
8/18/2021,MITI,100,100,93,95,5375500
8/18/2021,MKNT,50,50,50,50,20200
8/18/2021,MKPI,25000,25000,25000,25000,0
8/18/2021,MLBI,7275,7300,7175,7200,149200
8/18/2021,MLIA,1400,1470,1310,1310,6451700
8/18/2021,MLPL,450,460,438,438,40175300
8/18/2021,MLPT,3590,3590,3350,3550,3078800
8/18/2021,MMLP,660,680,635,635,48549300
8/18/2021,MNCN,865,875,845,860,41319800
8/18/2021,MOLI,1070,1120,1000,1120,33400
8/18/2021,MPMX,725,770,720,730,59074100
8/18/2021,MPOW,79,97,77,83,82473900
8/18/2021,MPPA,760,770,710,765,19702200
8/18/2021,MPRO,515,515,440,440,1400
8/18/2021,MRAT,394,402,384,394,439000
8/18/2021,MREI,4210,4490,4210,4490,400
8/18/2021,MSIN,545,575,510,535,95712300
8/18/2021,MSKY,386,386,374,380,7000
8/18/2021,MTDL,2600,2620,2420,2470,8141200
8/18/2021,MTFN,50,50,50,50,0
8/18/2021,MTLA,320,340,310,312,286100
8/18/2021,MTPS,123,132,123,132,2277500
8/18/2021,MTRA,244,244,244,244,0
8/18/2021,MTSM,169,177,167,177,38500
8/18/2021,MTWI,115,115,102,105,3205100
8/18/2021,MYOH,1470,1475,1445,1475,127500
8/18/2021,MYOR,2230,2240,2200,2230,1239400
8/18/2021,MYRX,50,50,50,50,0
8/18/2021,MYRXP,50,50,50,50,0
8/18/2021,MYTX,83,86,80,83,459800
8/18/2021,NASA,100,120,99,120,11153700
8/18/2021,NATO,580,585,570,580,231812200
8/18/2021,NATO-W,260,260,260,260,0
8/18/2021,NELY,198,199,193,195,542600
8/18/2021,NFCX,12975,13475,12450,13175,1631400
8/18/2021,NICK,440,446,422,422,31400
8/18/2021,NICL,165,172,154,154,386395600
8/18/2021,NICL-W,14,14,11,11,236979700
8/18/2021,NIKL,1060,1060,1030,1050,557200
8/18/2021,NIPS,282,282,282,282,0
8/18/2021,NIRO,144,144,143,143,40000
8/18/2021,NISP,705,710,700,700,1852400
8/18/2021,NOBU,1200,1205,1120,1120,2721400
8/18/2021,NPGF,121,138,120,125,43651000
8/18/2021,NRCA,286,292,284,290,255800
8/18/2021,NUSA,50,50,50,50,0
8/18/2021,NZIA,145,157,145,151,136700
8/18/2021,OASA,224,242,224,240,158600
8/18/2021,OCAP,159,159,159,159,0
8/18/2021,OKAS,76,77,75,75,2685400
8/18/2021,OMRE,885,885,780,880,28600
8/18/2021,OPMS,328,328,310,320,2480100
8/18/2021,PADI,50,50,50,50,23400
8/18/2021,PALM,555,570,550,560,1276300
8/18/2021,PAMG,72,76,72,74,299300
8/18/2021,PANI,200,218,200,204,357300
8/18/2021,PANR,136,140,120,120,4814200
8/18/2021,PANS,1250,1300,1240,1250,180500
8/18/2021,PBID,1800,1815,1765,1790,1740400
8/18/2021,PBRX,139,139,124,127,2114300
8/18/2021,PBSA,590,590,590,590,100
8/18/2021,PCAR,302,326,300,314,44100
8/18/2021,PDES,262,300,260,272,157600
8/18/2021,PEGE,1015,1015,1015,1015,0
8/18/2021,PEHA,1155,1165,1150,1155,694300
8/18/2021,PGAS,1045,1055,1015,1025,107639300
8/18/2021,PGJO,71,78,71,77,133600
8/18/2021,PGLI,210,252,206,210,67000
8/18/2021,PGUN,200,206,198,206,5400
8/18/2021,PICO,121,121,112,117,145800
8/18/2021,PJAA,505,505,496,500,152300
8/18/2021,PKPK,60,60,58,58,4153300
8/18/2021,PLAN,29,29,27,28,8239600
8/18/2021,PLAN-W,8,9,7,9,1153600
8/18/2021,PLAS,50,50,50,50,0
8/18/2021,PLIN,2450,2450,2450,2450,0
8/18/2021,PMJS,129,129,125,129,217700
8/18/2021,PMMP,535,535,490,490,36228700
8/18/2021,PNBN,785,795,765,790,5017800
8/18/2021,PNBS,113,120,112,112,310242500
8/18/2021,PNGO,1300,1350,1300,1350,7400
8/18/2021,PNIN,755,760,735,745,1892000
8/18/2021,PNLF,181,192,181,191,72880800
8/18/2021,PNSE,394,488,370,372,344700
8/18/2021,POLA,148,157,148,148,94600
8/18/2021,POLA-W,73,73,73,73,100
8/18/2021,POLI,760,885,720,795,107100
8/18/2021,POLL,3920,3940,3870,3910,1958400
8/18/2021,POLU,272,284,272,282,1200
8/18/2021,POLY,51,62,51,55,42744800
8/18/2021,POOL,50,50,50,50,0
8/18/2021,PORT,565,580,565,580,3700
8/18/2021,POSA,50,50,50,50,0
8/18/2021,POWR,620,625,610,610,5131200
8/18/2021,PPGL,73,73,67,70,3138900
8/18/2021,PPGL-W,10,11,10,11,1163000
8/18/2021,PPRE,185,185,178,179,5851200
8/18/2021,PPRO,70,70,67,68,86643100
8/18/2021,PRAS,187,190,184,188,281800
8/18/2021,PRDA,7075,7350,6625,7000,7347600
8/18/2021,PRIM,332,336,312,314,1975500
8/18/2021,PSAB,165,166,162,164,7384600
8/18/2021,PSDN,178,188,166,166,250900
8/18/2021,PSGO,154,157,146,154,621000
8/18/2021,PSKT,50,50,50,50,11800
8/18/2021,PSSI,272,296,264,268,10616700
8/18/2021,PTBA,2320,2320,2240,2250,34384400
8/18/2021,PTDU,490,490,490,490,85800
8/18/2021,PTIS,396,400,366,366,87300
8/18/2021,PTPP,880,885,840,860,28201400
8/18/2021,PTPW,855,870,855,870,281700
8/18/2021,PTRO,2000,2040,1985,2030,1141500
8/18/2021,PTSN,296,302,280,280,17728800
8/18/2021,PTSP,5400,5400,5400,5400,0
8/18/2021,PUDP,278,294,270,286,44200
8/18/2021,PURA,50,50,50,50,1020000
8/18/2021,PURA-W,7,8,6,7,6881400
8/18/2021,PURE,84,90,84,86,4529600
8/18/2021,PURI,340,340,340,340,2900
8/18/2021,PWON,452,462,436,448,119868500
8/18/2021,PYFA,1150,1165,1115,1150,518400
8/18/2021,PZZA,660,695,660,690,648800
8/18/2021,R-ABFII,28600,28600,28600,28600,0
8/18/2021,R-LQ45X,905,919,905,919,23800
8/18/2021,RAJA,191,191,183,188,4136300
8/18/2021,RALS,620,650,620,650,10753000
8/18/2021,RANC,1790,1845,1695,1760,4855900
8/18/2021,RBMS,50,51,50,51,7726200
8/18/2021,RDTX,6800,6800,6800,6800,100
8/18/2021,REAL,90,90,75,90,206053700
8/18/2021,RELI,274,274,274,274,100
8/18/2021,RICY,87,91,85,90,3000700
8/18/2021,RIGS,200,210,200,204,312000
8/18/2021,RIMO,50,50,50,50,0
8/18/2021,RISE,384,386,380,386,282500
8/18/2021,RMBA,306,306,306,306,0
8/18/2021,ROCK,690,690,690,690,0
8/18/2021,RODA,79,86,79,82,6478500
8/18/2021,RONY,218,236,206,236,110400
8/18/2021,ROTI,1330,1340,1310,1320,1098700
8/18/2021,RUIS,212,212,200,208,237300
8/18/2021,SAFE,200,200,186,187,129600
8/18/2021,SAME,570,580,550,550,21542400
8/18/2021,SAMF,915,915,855,855,735800
8/18/2021,SAPX,1030,1035,1030,1030,28300
8/18/2021,SATU,51,53,51,52,1972300
8/18/2021,SBAT,50,50,50,50,159100
8/18/2021,SBAT-W,13,13,11,11,10156400
8/18/2021,SCCO,10925,11200,10925,11200,1600
8/18/2021,SCMA,1840,1850,1715,1745,25604000
8/18/2021,SCNP,360,364,344,344,1284500
8/18/2021,SCPI,29000,29000,29000,29000,0
8/18/2021,SDMU,50,51,50,50,189200
8/18/2021,SDPC,134,136,131,132,1535100
8/18/2021,SDRA,745,920,730,895,901300
8/18/2021,SFAN,1295,1295,1285,1295,468700
8/18/2021,SGER,438,472,436,466,4067900
8/18/2021,SGER-W,298,332,298,332,158600
8/18/2021,SGRO,1875,1875,1840,1845,13900
8/18/2021,SHID,890,895,840,840,26500
8/18/2021,SHIP,655,680,650,680,1527000
8/18/2021,SIDO,800,800,790,790,4463200
8/18/2021,SILO,8250,8350,8150,8350,262100
8/18/2021,SIMA,50,50,50,50,0
8/18/2021,SIMP,446,450,438,438,5548600
8/18/2021,SINI,262,264,250,264,15600
8/18/2021,SINI-W,183,183,183,183,100
8/18/2021,SIPD,1700,2070,1685,2070,1295000
8/18/2021,SKBM,378,378,354,356,11100
8/18/2021,SKLT,2260,2280,2260,2260,5100
8/18/2021,SKRN,730,750,720,735,1395200
8/18/2021,SKYB,51,51,51,51,0
8/18/2021,SLIS,11650,11650,11650,11650,500
8/18/2021,SMAR,3900,3900,3870,3900,1300
8/18/2021,SMBR,610,640,600,630,5327400
8/18/2021,SMCB,1950,1970,1930,1935,166500
8/18/2021,SMDM,118,118,114,117,323900
8/18/2021,SMDR,660,665,630,635,4418700
8/18/2021,SMGR,9050,9425,8925,9425,7732400
8/18/2021,SMKL,284,288,266,266,342600
8/18/2021,SMKL-W,31,32,26,29,5321100
8/18/2021,SMMA,10800,11000,10800,11000,1600
8/18/2021,SMMT,115,115,112,114,1457700
8/18/2021,SMRA,740,810,735,800,101439100
8/18/2021,SMRU,50,50,50,50,0
8/18/2021,SMSM,1370,1385,1350,1355,218100
8/18/2021,SNLK,1135,1180,1115,1180,10684400
8/18/2021,SOCI,187,188,183,185,9287500
8/18/2021,SOFA,274,274,274,274,11367300
8/18/2021,SOHO,5100,5200,5025,5175,16700
8/18/2021,SONA,5425,5425,5425,5425,0
8/18/2021,SOSS,410,410,378,394,47600
8/18/2021,SOSS-W,35,39,34,37,38100
8/18/2021,SOTS,492,498,490,498,742400
8/18/2021,SOTS-W,69,69,69,69,0
8/18/2021,SPMA,358,358,338,346,1003300
8/18/2021,SPTO,520,530,505,530,305300
8/18/2021,SQMI,120,120,109,120,3051100
8/18/2021,SRAJ,304,306,288,302,830300
8/18/2021,SRIL,146,146,146,146,0
8/18/2021,SRSN,56,56,54,54,2073100
8/18/2021,SRTG,1745,1755,1645,1680,23085600
8/18/2021,SSIA,488,492,484,486,16976600
8/18/2021,SSMS,860,865,835,845,8256300
8/18/2021,SSTM,775,800,760,760,30100
8/18/2021,STAR,137,137,130,135,34900
8/18/2021,STTP,7300,7500,7100,7500,2300
8/18/2021,SUGI,50,50,50,50,0
8/18/2021,SULI,50,50,50,50,0
8/18/2021,SUPR,7950,7950,7950,7950,0
8/18/2021,SURE,1980,1980,1980,1980,0
8/18/2021,SWAT,71,72,69,70,2182300
8/18/2021,TALF,290,320,286,288,18900
8/18/2021,TAMA,56,68,54,64,77801800
8/18/2021,TAMA-W,11,15,11,13,22271100
8/18/2021,TAMU,50,50,50,50,1500
8/18/2021,TAPG,645,650,625,640,41094400
8/18/2021,TARA,50,50,50,50,2100
8/18/2021,TAXI,50,50,50,50,2600
8/18/2021,TBIG,2990,3090,2970,2990,57053100
8/18/2021,TBLA,800,805,790,790,1677200
8/18/2021,TBMS,1735,1800,1685,1800,24300
8/18/2021,TCID,5675,5675,5600,5600,2300
8/18/2021,TCPI,7850,7900,7525,7900,7424600
8/18/2021,TDPM,119,119,119,119,0
8/18/2021,TEBE,380,380,376,380,69600
8/18/2021,TECH,6100,6100,6100,6100,0
8/18/2021,TELE,121,121,121,121,0
8/18/2021,TFAS,7700,8050,7600,8000,1638800
8/18/2021,TFCO,615,650,615,650,300
8/18/2021,TGKA,7275,7275,7275,7275,400
8/18/2021,TGRA,92,95,88,89,17019300
8/18/2021,TIFA,865,865,865,865,2300
8/18/2021,TINS,1490,1515,1465,1485,12336500
8/18/2021,TIRA,324,342,324,326,12300
8/18/2021,TIRT,50,50,50,50,135600
8/18/2021,TKIM,6400,6600,6400,6525,3401200
8/18/2021,TLKM,3360,3440,3350,3420,162921300
8/18/2021,TMAS,270,286,266,266,9698200
8/18/2021,TMPO,140,160,136,136,688100
8/18/2021,TNCA,665,670,665,665,1000400
8/18/2021,TOBA,472,500,472,480,337200
8/18/2021,TOPS,50,50,50,50,12800
8/18/2021,TOTL,320,348,312,330,28662300
8/18/2021,TOTO,200,200,199,200,55600
8/18/2021,TOWR,1325,1340,1285,1295,83889900
8/18/2021,TOYS,74,77,70,71,14839500
8/18/2021,TOYS-W,13,14,12,12,2608000
8/18/2021,TPIA,9025,9125,8975,9100,2520600
8/18/2021,TPMA,1000,1000,930,930,13000
8/18/2021,TRAM,50,50,50,50,0
8/18/2021,TRIL,50,50,50,50,0
8/18/2021,TRIM,165,165,154,157,6452500
8/18/2021,TRIN,134,141,132,137,5127200
8/18/2021,TRIN-W,18,22,18,20,15746200
8/18/2021,TRIO,426,426,426,426,0
8/18/2021,TRIS,106,108,105,106,172900
8/18/2021,TRIS-W,6,6,6,6,0
8/18/2021,TRJA,204,204,198,198,403200
8/18/2021,TRST,525,535,490,535,41800
8/18/2021,TRUE,775,835,725,725,103441000
8/18/2021,TRUE-W,26,26,22,24,59617500
8/18/2021,TRUK,96,96,90,95,12826200
8/18/2021,TRUS,332,382,312,336,64700
8/18/2021,TSPC,1490,1490,1465,1480,958100
8/18/2021,TUGU,1755,1775,1700,1750,612900
8/18/2021,TURI,1205,1235,1200,1200,557800
8/18/2021,UANG,1100,1100,1100,1100,0
8/18/2021,UCID,1550,1560,1545,1550,535500
8/18/2021,UFOE,1035,1035,990,1030,175800
8/18/2021,ULTJ,1525,1535,1520,1525,946400
8/18/2021,UNIC,8650,8650,8400,8400,2900
8/18/2021,UNIQ,89,89,86,86,1334600
8/18/2021,UNIT,316,316,316,316,0
8/18/2021,UNSP,110,112,110,112,540600
8/18/2021,UNTR,20175,20200,19600,19725,4366800
8/18/2021,UNVR,4170,4280,4150,4230,32100800
8/18/2021,URBN,570,595,545,590,80600
8/18/2021,URBN-W,50,53,49,53,1336300
8/18/2021,UVCR,402,402,392,402,18228200
8/18/2021,UVCR-W,164,186,161,173,50630800
8/18/2021,VICI,382,384,376,382,3739500
8/18/2021,VICO,119,127,116,125,5725200
8/18/2021,VINS,100,100,94,95,346700
8/18/2021,VIVA,50,50,50,50,3181800
8/18/2021,VOKS,180,180,174,176,51600
8/18/2021,VRNA,121,121,114,119,676700
8/18/2021,WAPO,100,102,99,101,166400
8/18/2021,WEGE,170,170,167,168,9371100
8/18/2021,WEHA,175,175,175,175,2029600
8/18/2021,WICO,438,438,438,438,0
8/18/2021,WIFI,910,925,860,890,26096000
8/18/2021,WIFI-W,298,308,280,300,15400
8/18/2021,WIIM,496,500,490,492,5114600
8/18/2021,WIKA,910,915,870,885,56843900
8/18/2021,WINS,139,180,137,140,418656700
8/18/2021,WMUU,160,160,151,151,17715300
8/18/2021,WOMF,234,236,234,236,16900
8/18/2021,WOOD,760,780,755,755,10029200
8/18/2021,WOWS,50,50,50,50,8983000
8/18/2021,WSBP,132,136,130,135,27275500
8/18/2021,WSKT,815,815,755,765,51803600
8/18/2021,WTON,226,230,220,222,10158100
8/18/2021,XAFA,1062,1062,1062,1062,0
8/18/2021,XAQA,842,842,842,842,0
8/18/2021,XBES,858,858,858,858,0
8/18/2021,XBID,476,478,476,478,200
8/18/2021,XBIN,441,441,441,441,0
8/18/2021,XBLQ,426,426,426,426,0
8/18/2021,XBNI,935,951,935,951,20300
8/18/2021,XBSK,337,337,337,337,0
8/18/2021,XCID,84,84,83,84,25000
8/18/2021,XCIS,105,105,105,105,0
8/18/2021,XCLQ,89,90,89,89,16800
8/18/2021,XDIF,420,420,420,420,0
8/18/2021,XDSG,889,889,889,889,0
8/18/2021,XIFE,90,94,90,94,5200
8/18/2021,XIHD,433,440,432,440,46600
8/18/2021,XIIC,875,875,875,875,0
8/18/2021,XIID,464,470,464,470,23100
8/18/2021,XIIF,483,495,483,495,327300
8/18/2021,XIIT,474,488,474,486,77800
8/18/2021,XIJI,555,566,553,559,32100
8/18/2021,XILV,103,107,103,107,1700
8/18/2021,XIML,241,241,241,241,300
8/18/2021,XIPI,161,166,161,166,13600
8/18/2021,XISB,398,398,398,398,0
8/18/2021,XISC,640,642,640,642,8400
8/18/2021,XISI,312,312,312,312,1500
8/18/2021,XISR,339,344,339,344,2400
8/18/2021,XKIV,417,417,417,417,0
8/18/2021,XKMS,954,992,954,992,9600
8/18/2021,XMIG,158,158,158,158,0
8/18/2021,XMJM,1001,1001,1001,1001,0
8/18/2021,XMTS,402,402,402,402,0
8/18/2021,XNVE,131,132,130,132,760400
8/18/2021,XPCR,820,820,820,820,0
8/18/2021,XPDV,413,413,413,413,200
8/18/2021,XPES,343,346,342,345,3000
8/18/2021,XPFT,475,475,475,475,0
8/18/2021,XPID,462,462,462,462,0
8/18/2021,XPLC,407,407,407,407,100
8/18/2021,XPLQ,448,448,448,448,0
8/18/2021,XPMI,830,830,830,830,0
8/18/2021,XPSG,335,335,335,335,0
8/18/2021,XPTD,444,444,444,444,0
8/18/2021,XSBC,95,95,95,95,100
8/18/2021,XSMU,120,120,120,120,0
8/18/2021,XSPI,750,750,750,750,0
8/18/2021,XSRI,163,163,163,163,1200
8/18/2021,XSSI,75,77,74,75,11500
8/18/2021,XSSK,577,577,577,577,200
8/18/2021,YELO,292,338,288,290,83094000
8/18/2021,YELO-W,77,86,74,77,21635200
8/18/2021,YPAS,406,480,386,388,6600
8/18/2021,YULE,432,446,430,446,1600
8/18/2021,ZBRA,1120,1160,1050,1090,6589600
8/18/2021,ZINC,137,138,133,133,422637200
8/18/2021,ZONE,392,396,386,396,311100
8/18/2021,ZYRX,665,680,615,615,16994500
8/18/2021,ZYRX-W,120,125,112,113,3020300
