<date>,<ticker>,<open>,<high>,<low>,<close>,<volume>
4/19/2021,IHSG,6084.785,6096.995,6031.832,6052.54,170553619
4/19/2021,AALI,10000,10100,9650,9700,3439700
4/19/2021,ABBA,292,292,292,292,0
4/19/2021,ABDA,7050,7050,7050,7050,0
4/19/2021,ABMM,780,790,770,780,38000
4/19/2021,ACES,1520,1520,1465,1480,22699900
4/19/2021,ACST,280,286,280,280,6440900
4/19/2021,ADES,1680,1700,1650,1650,312900
4/19/2021,ADHI,1070,1115,1065,1090,9201800
4/19/2021,ADMF,8250,8250,8225,8250,132600
4/19/2021,ADMG,163,166,163,163,348900
4/19/2021,ADRO,1185,1205,1175,1185,81678100
4/19/2021,AGAR,450,468,418,418,5400
4/19/2021,AGII,1200,1210,1125,1145,8409600
4/19/2021,AGRO,1010,1040,1000,1005,102783500
4/19/2021,AGRS,320,324,298,310,579600
4/19/2021,AHAP,77,81,77,77,5377800
4/19/2021,AIMS,284,292,284,290,118100
4/19/2021,AISA,290,292,284,288,11868300
4/19/2021,AKKU,50,50,50,50,2100
4/19/2021,AKPI,456,466,450,452,138100
4/19/2021,AKRA,3230,3230,3150,3160,5536900
4/19/2021,AKSI,800,800,765,770,800
4/19/2021,ALDO,680,790,675,750,1133200
4/19/2021,ALKA,238,242,238,242,11000
4/19/2021,ALMI,226,226,226,226,1300
4/19/2021,ALTO,328,334,306,330,11700
4/19/2021,AMAG,252,266,252,254,8600
4/19/2021,AMAN,290,290,290,290,90900
4/19/2021,AMAR,314,322,302,306,5943700
4/19/2021,AMFG,3550,3550,3500,3550,59600
4/19/2021,AMIN,204,218,202,216,6600
4/19/2021,AMOR,3880,3890,3740,3740,1448800
4/19/2021,AMRT,965,970,925,925,6366200
4/19/2021,ANDI,50,50,50,50,1216700
4/19/2021,ANJT,675,675,630,650,12100
4/19/2021,ANTM,2350,2370,2300,2340,91552300
4/19/2021,APEX,446,450,440,440,37300
4/19/2021,APIC,715,715,695,700,10037300
4/19/2021,APII,179,180,178,179,110800
4/19/2021,APLI,200,200,195,195,3300
4/19/2021,APLN,152,154,151,152,11595400
4/19/2021,ARGO,1930,1930,1800,1810,300
4/19/2021,ARII,169,169,168,169,25100
4/19/2021,ARKA,50,51,50,50,6972000
4/19/2021,ARMY,50,50,50,50,0
4/19/2021,ARNA,730,785,725,750,12109400
4/19/2021,ARTA,264,264,260,262,1500
4/19/2021,ARTI,50,50,50,50,13000
4/19/2021,ARTO,11200,11350,10800,11075,7028800
4/19/2021,ASBI,282,282,280,280,29000
4/19/2021,ASDM,950,950,920,950,48100
4/19/2021,ASGR,805,815,805,805,180900
4/19/2021,ASII,5225,5250,5200,5200,30832600
4/19/2021,ASJT,248,252,248,252,202500
4/19/2021,ASMI,905,905,900,905,3600
4/19/2021,ASPI,58,59,57,57,717000
4/19/2021,ASPI-W,17,19,17,18,8339400
4/19/2021,ASRI,206,206,200,202,21265500
4/19/2021,ASRM,1540,1540,1500,1500,8200
4/19/2021,ASSA,2190,2290,2150,2170,23783600
4/19/2021,ATAP,105,115,105,113,56800
4/19/2021,ATIC,715,715,710,710,3800
4/19/2021,AUTO,1175,1180,1155,1160,1289700
4/19/2021,AYLS,98,117,94,108,114481900
4/19/2021,BABP,88,90,86,87,52239700
4/19/2021,BABP-W3,81,84,81,84,20100
4/19/2021,BABP-W4,53,53,47,48,1731100
4/19/2021,BACA,472,480,460,462,18444900
4/19/2021,BACA-W2,80,80,80,80,0
4/19/2021,BAJA,228,286,228,272,35606600
4/19/2021,BALI,680,700,665,700,127200
4/19/2021,BANK,3800,3810,3560,3600,35356300
4/19/2021,BANK-W,3350,3410,3040,3080,177900
4/19/2021,BAPA,50,50,50,50,652900
4/19/2021,BAPI,50,50,50,50,8700
4/19/2021,BAPI-W,6,6,5,5,12383000
4/19/2021,BATA,685,685,680,680,1100
4/19/2021,BAYU,1075,1075,1045,1045,3500
4/19/2021,BBCA,31375,31400,31150,31350,9419000
4/19/2021,BBHI,1350,1445,1320,1425,4297600
4/19/2021,BBKP,484,492,484,490,26969900
4/19/2021,BBLD,494,494,494,494,500
4/19/2021,BBMD,1330,1370,1330,1370,900
4/19/2021,BBNI,5900,5975,5825,5875,11917800
4/19/2021,BBRI,4360,4380,4310,4380,56531400
4/19/2021,BBRM,50,50,50,50,12900
4/19/2021,BBSI,2690,2980,2620,2720,234800
4/19/2021,BBSS,59,64,58,60,14445900
4/19/2021,BBTN,1595,1655,1595,1650,89592400
4/19/2021,BBYB,498,500,478,486,9316900
4/19/2021,BCAP,110,112,108,110,15730600
4/19/2021,BCIC,700,700,700,700,0
4/19/2021,BCIP,70,70,68,69,3368600
4/19/2021,BDMN,2670,2670,2610,2620,1392400
4/19/2021,BEBS,480,482,460,472,669300
4/19/2021,BEEF,124,124,121,122,2662100
4/19/2021,BEKS,82,83,80,81,56241600
4/19/2021,BELL,136,137,135,135,3700000
4/19/2021,BESS,288,290,278,282,288000
4/19/2021,BESS-W,72,120,72,100,10300
4/19/2021,BEST,151,152,149,151,8093000
4/19/2021,BFIN,750,765,720,720,197478400
4/19/2021,BGTG,115,117,112,115,23539100
4/19/2021,BHAT,610,615,595,605,143318500
4/19/2021,BHIT,55,56,54,55,35959900
4/19/2021,BIKA,144,145,143,143,1100
4/19/2021,BIMA,72,89,67,67,17870100
4/19/2021,BINA,2020,2020,1940,1980,1746100
4/19/2021,BIPI,50,50,50,50,431500
4/19/2021,BIPI-W,11,11,10,11,219900
4/19/2021,BIPP,60,61,58,59,3627400
4/19/2021,BIRD,1315,1380,1310,1380,3339000
4/19/2021,BISI,1135,1135,1130,1135,64800
4/19/2021,BJBR,1490,1495,1470,1480,8939900
4/19/2021,BJTM,800,805,800,800,6377300
4/19/2021,BKDP,50,52,50,52,316200
4/19/2021,BKSL,55,62,52,57,1834044800
4/19/2021,BKSW,204,208,190,193,23318700
4/19/2021,BLTA,50,50,50,50,1500
4/19/2021,BLTZ,3980,3980,3980,3980,0
4/19/2021,BLUE,690,690,680,685,163200
4/19/2021,BMAS,2190,2310,2020,2020,560600
4/19/2021,BMRI,6250,6275,6200,6225,21799300
4/19/2021,BMSR,148,170,135,135,33517900
4/19/2021,BMTR,262,268,262,264,21348100
4/19/2021,BNBA,950,1085,950,1085,59694000
4/19/2021,BNBR,50,50,50,50,112200
4/19/2021,BNGA,1095,1095,1075,1085,11882600
4/19/2021,BNII,412,416,400,404,13365000
4/19/2021,BNLI,2310,2320,2130,2230,566600
4/19/2021,BOGA,1365,1365,1340,1350,78928900
4/19/2021,BOLA,264,264,256,256,210700
4/19/2021,BOLT,690,715,690,695,17300
4/19/2021,BOSS,104,105,103,105,5475100
4/19/2021,BPFI,1080,1080,1080,1080,100
4/19/2021,BPII,7300,7300,7300,7300,270000
4/19/2021,BPTR,106,107,102,104,3006100
4/19/2021,BRAM,4550,4550,4550,4550,0
4/19/2021,BRIS,2330,2510,2330,2460,86965900
4/19/2021,BRMS,79,81,76,80,405637700
4/19/2021,BRMS-W,21,21,18,20,85703900
4/19/2021,BRNA,1395,1395,1305,1305,1700
4/19/2021,BRPT,975,975,945,950,32999200
4/19/2021,BRPT-W,410,580,410,460,8000
4/19/2021,BSDE,1140,1200,1125,1195,39306200
4/19/2021,BSIM,690,690,645,645,213000
4/19/2021,BSIM-W3,83,83,62,74,1393500
4/19/2021,BSSR,1505,1505,1505,1505,1100
4/19/2021,BSWD,1750,1750,1750,1750,0
4/19/2021,BTEK,50,50,50,50,3800
4/19/2021,BTEL,50,50,50,50,0
4/19/2021,BTON,300,300,292,300,17900
4/19/2021,BTPN,2800,2800,2790,2800,20600
4/19/2021,BTPS,3050,3150,3050,3110,9425500
4/19/2021,BUDI,108,110,106,108,1764300
4/19/2021,BUKK,1000,1000,930,985,23900
4/19/2021,BULL,304,304,294,298,338084900
4/19/2021,BULL-W2,104,104,94,94,5200
4/19/2021,BUMI,61,62,60,61,157739200
4/19/2021,BUVA,85,88,82,82,14802000
4/19/2021,BVIC,170,174,165,170,22409600
4/19/2021,BWPT,115,117,111,113,44062100
4/19/2021,BYAN,12300,12300,12300,12300,1500
4/19/2021,CAKK,84,85,83,83,5031900
4/19/2021,CAMP,238,238,234,234,521800
4/19/2021,CANI,164,184,164,174,20400
4/19/2021,CARE,348,356,344,348,206586900
4/19/2021,CARS,50,50,50,50,1289500
4/19/2021,CASA,398,398,394,394,5770200
4/19/2021,CASA-W,368,368,368,368,100
4/19/2021,CASH,392,394,380,380,2782100
4/19/2021,CASH-W,9,10,7,8,32676200
4/19/2021,CASS,408,420,408,410,403600
4/19/2021,CBMF,140,140,140,140,0
4/19/2021,CCSI,256,280,256,270,3588000
4/19/2021,CEKA,1845,1870,1845,1850,64000
4/19/2021,CENT,336,354,322,324,157400000
4/19/2021,CFIN,302,302,286,286,12203800
4/19/2021,CINT,232,240,230,238,11500
4/19/2021,CITA,2770,2900,2770,2900,600
4/19/2021,CITY,260,260,212,212,161800
4/19/2021,CITY-W,160,160,50,57,109400
4/19/2021,CLAY,880,990,830,875,2900
4/19/2021,CLEO,456,456,450,456,4378000
4/19/2021,CLPI,830,835,825,830,11600
4/19/2021,CMNP,1985,2010,1980,2000,233000
4/19/2021,CMNP-W,910,950,910,940,2300
4/19/2021,CMPP,184,184,184,184,0
4/19/2021,CNKO,50,50,50,50,0
4/19/2021,CNTB,250,250,250,250,0
4/19/2021,CNTX,200,206,191,199,11800
4/19/2021,COCO,254,260,248,252,433600
4/19/2021,COCO-W,101,101,101,101,0
4/19/2021,COWL,50,50,50,50,0
4/19/2021,CPIN,7725,7750,7500,7575,2565800
4/19/2021,CPRI,50,50,50,50,1271300
4/19/2021,CPRI-W,18,19,18,18,105800
4/19/2021,CPRO,50,50,50,50,1200
4/19/2021,CSAP,404,404,404,404,110800
4/19/2021,CSIS,95,97,94,94,10512000
4/19/2021,CSMI,2100,2100,2100,2100,100
4/19/2021,CSRA,298,302,286,292,161400
4/19/2021,CTBN,3200,3200,3180,3180,200
4/19/2021,CTRA,1150,1155,1135,1140,5996200
4/19/2021,CTTH,72,76,70,73,2821000
4/19/2021,DADA,50,50,50,50,2169500
4/19/2021,DADA-W,9,9,8,9,17851700
4/19/2021,DART,216,218,210,218,2100
4/19/2021,DAYA,244,250,240,246,9800
4/19/2021,DCII,11775,12400,11775,12300,13100
4/19/2021,DEAL,105,106,103,103,2260600
4/19/2021,DEAL-W,63,63,40,54,166700
4/19/2021,DEFI,1660,1660,1650,1650,17500
4/19/2021,DEWA,50,50,50,50,49800
4/19/2021,DFAM,168,179,168,173,90400
4/19/2021,DFAM-W,18,18,18,18,0
4/19/2021,DGIK,64,74,63,70,111541400
4/19/2021,DGNS,560,620,560,615,29768400
4/19/2021,DIGI,454,454,434,434,28800
4/19/2021,DILD,186,189,185,187,2001800
4/19/2021,DIVA,3370,3380,3250,3350,144700
4/19/2021,DKFT,170,174,169,171,15766400
4/19/2021,DLTA,3790,3850,3790,3790,84600
4/19/2021,DMAS,242,242,236,238,12453200
4/19/2021,DMMX,565,570,555,560,11366100
4/19/2021,DMND,900,900,885,900,5300
4/19/2021,DNAR,204,204,194,195,1575800
4/19/2021,DNET,3240,3240,3170,3180,12900
4/19/2021,DOID,368,382,364,376,200580300
4/19/2021,DPNS,282,284,278,278,40300
4/19/2021,DPUM,50,50,50,50,355000
4/19/2021,DSFI,82,83,80,80,2567300
4/19/2021,DSNG,590,595,575,580,24016200
4/19/2021,DSSA,12500,12500,12500,12500,0
4/19/2021,DUCK,252,254,240,250,20664500
4/19/2021,DUTI,3600,3600,3600,3600,0
4/19/2021,DVLA,2380,2400,2370,2400,2500
4/19/2021,DWGL,186,186,183,184,12700
4/19/2021,DWGL-W,44,44,40,42,323800
4/19/2021,DYAN,104,105,101,101,5323600
4/19/2021,EAST,78,79,77,78,924700
4/19/2021,EAST-W,11,12,10,11,11966500
4/19/2021,ECII,1100,1100,1100,1100,100
4/19/2021,EDGE,12200,12200,12000,12175,3400
4/19/2021,EKAD,1270,1380,1270,1315,729900
4/19/2021,ELSA,340,340,330,332,24984600
4/19/2021,ELTY,50,50,50,50,16500
4/19/2021,EMDE,191,193,187,193,22700
4/19/2021,EMTK,2560,2580,2400,2450,56648300
4/19/2021,ENRG,107,109,106,108,13961500
4/19/2021,ENVY,50,50,50,50,0
4/19/2021,ENZO,50,50,50,50,84600
4/19/2021,ENZO-W,13,13,12,13,1683800
4/19/2021,EPAC,56,56,54,54,7083400
4/19/2021,EPMT,2160,2180,2150,2170,39900
4/19/2021,ERAA,640,660,610,615,185586100
4/19/2021,ERTX,185,202,185,194,312200
4/19/2021,ESIP,73,74,72,73,1852300
4/19/2021,ESIP-W,13,13,11,12,4932300
4/19/2021,ESSA,396,404,384,386,72903900
4/19/2021,ESTA,113,113,103,103,50600
4/19/2021,ESTI,106,109,99,104,4794400
4/19/2021,ETWA,62,62,62,62,0
4/19/2021,EXCL,2040,2080,2020,2030,27001500
4/19/2021,FAPA,2610,2610,2580,2590,59300
4/19/2021,FAST,1040,1040,1015,1015,9800
4/19/2021,FASW,7600,7600,7600,7600,0
4/19/2021,FILM,595,615,555,570,190888300
4/19/2021,FIMP,105,105,96,98,12128400
4/19/2021,FIMP-W,24,24,20,20,4873200
4/19/2021,FINN,50,50,50,50,0
4/19/2021,FIRE,585,645,565,565,17194000
4/19/2021,FISH,3680,3680,3680,3680,0
4/19/2021,FITT,93,102,90,94,927300
4/19/2021,FITT-W,54,60,50,50,596400
4/19/2021,FMII,520,585,490,585,700
4/19/2021,FOOD,103,113,100,113,19128200
4/19/2021,FORU,189,189,182,185,140600
4/19/2021,FORZ,50,50,50,50,101700
4/19/2021,FPNI,210,218,208,208,3909800
4/19/2021,FREN,98,99,89,89,2652792900
4/19/2021,FREN-W,43,45,41,42,6291900
4/19/2021,FUJI,159,159,151,157,115900
4/19/2021,GAMA,50,50,50,50,500
4/19/2021,GDST,103,112,101,105,51922500
4/19/2021,GDYR,1520,1520,1495,1520,14200
4/19/2021,GEMA,340,340,338,338,10800
4/19/2021,GEMS,2550,2550,2550,2550,0
4/19/2021,GGRM,36400,36450,36100,36250,711300
4/19/2021,GGRP,412,480,400,432,29400
4/19/2021,GHON,1885,2050,1885,2050,900
4/19/2021,GIAA,332,336,330,332,6120700
4/19/2021,GJTL,900,915,895,910,18270900
4/19/2021,GLOB,266,270,252,268,32900
4/19/2021,GLVA,330,332,326,326,9400
4/19/2021,GMFI,118,122,118,120,1999600
4/19/2021,GMTD,16725,16725,16725,16725,0
4/19/2021,GOLD,290,300,290,296,6800
4/19/2021,GOLL,50,50,50,50,0
4/19/2021,GOOD,1700,1710,1680,1700,745700
4/19/2021,GPRA,72,75,69,71,6448700
4/19/2021,GSMF,127,137,127,137,600
4/19/2021,GTBO,75,75,75,75,0
4/19/2021,GWSA,150,150,141,142,1144500
4/19/2021,GZCO,50,50,50,50,5600
4/19/2021,HADE,50,50,50,50,600
4/19/2021,HDFA,106,122,106,106,5300
4/19/2021,HDIT,163,170,158,166,5276400
4/19/2021,HDTX,120,120,120,120,0
4/19/2021,HEAL,4580,4590,4530,4590,308300
4/19/2021,HELI,478,480,470,480,16100
4/19/2021,HERO,945,945,900,925,73300
4/19/2021,HEXA,3510,3550,3480,3490,76100
4/19/2021,HITS,418,420,400,402,7400
4/19/2021,HKMU,86,90,85,87,10419800
4/19/2021,HMSP,1330,1335,1310,1315,25386600
4/19/2021,HOKI,238,238,234,236,32160600
4/19/2021,HOME,50,50,50,50,0
4/19/2021,HOMI,2280,2300,2240,2240,970700
4/19/2021,HOTL,50,50,50,50,1000
4/19/2021,HRME,59,69,59,63,151221200
4/19/2021,HRTA,206,218,204,214,19597400
4/19/2021,HRUM,4940,5025,4890,4900,3172900
4/19/2021,IATA,50,50,50,50,19200
4/19/2021,IBFN,178,178,178,178,9300
4/19/2021,IBFN-W,20,20,17,20,501800
4/19/2021,IBST,6450,6450,6450,6450,0
4/19/2021,ICBP,8975,9000,8900,8950,4496300
4/19/2021,ICON,75,76,74,76,102800
4/19/2021,IDPR,238,248,220,220,487500
4/19/2021,IFII,140,140,138,140,112100
4/19/2021,IFSH,1120,1120,1060,1100,6200
4/19/2021,IGAR,358,366,354,360,883800
4/19/2021,IIKP,50,50,50,50,0
4/19/2021,IKAI,50,50,50,50,23300
4/19/2021,IKAN,131,133,125,126,18578200
4/19/2021,IKBI,230,232,230,230,45200
4/19/2021,IMAS,1085,1130,1055,1080,4174300
4/19/2021,IMJS,330,376,328,350,45527100
4/19/2021,IMPC,1480,1495,1470,1480,1978900
4/19/2021,INAF,2170,2330,2170,2320,1461800
4/19/2021,INAI,332,342,332,342,117100
4/19/2021,INCF,93,97,92,92,1627900
4/19/2021,INCI,1035,1065,1015,1040,174300
4/19/2021,INCO,4350,4350,4300,4310,10661100
4/19/2021,INDF,6750,6775,6675,6750,6456700
4/19/2021,INDO,222,224,212,214,461700
4/19/2021,INDO-W,99,101,97,97,1070300
4/19/2021,INDR,3470,3470,3360,3450,2500
4/19/2021,INDS,1885,1885,1865,1865,700
4/19/2021,INDX,123,161,117,131,93643300
4/19/2021,INDY,1455,1495,1395,1465,21819600
4/19/2021,INKP,10000,10025,9300,9325,13775300
4/19/2021,INOV,200,200,185,187,162400
4/19/2021,INPC,171,171,167,169,4964500
4/19/2021,INPC-W,59,59,56,56,6302000
4/19/2021,INPP,800,800,640,705,32000
4/19/2021,INPS,1835,1835,1825,1825,1100
4/19/2021,INRU,815,975,815,955,7600
4/19/2021,INTA,170,170,170,170,47500
4/19/2021,INTD,95,100,95,100,200
4/19/2021,INTP,13025,13050,12575,12600,2955100
4/19/2021,IPCC,550,585,550,560,1688800
4/19/2021,IPCM,298,300,292,292,1345800
4/19/2021,IPOL,156,162,156,158,1993700
4/19/2021,IPTV,244,244,240,244,4171700
4/19/2021,IPTV-W,35,35,30,34,1773400
4/19/2021,IRRA,1595,1865,1590,1865,16642000
4/19/2021,ISAT,6550,6700,6400,6400,6527100
4/19/2021,ISSP,212,224,210,218,26045200
4/19/2021,ITIC,515,525,505,510,530300
4/19/2021,ITMA,585,600,585,585,16000
4/19/2021,ITMA-W,81,81,66,79,1800
4/19/2021,ITMG,11950,12875,11900,12600,5021800
4/19/2021,JAST,178,180,172,173,5924100
4/19/2021,JAWA,88,92,88,92,60700
4/19/2021,JAYA,121,124,119,124,14263700
4/19/2021,JECC,7800,7800,7800,7800,0
4/19/2021,JGLE,50,50,50,50,0
4/19/2021,JIHD,434,446,434,446,2500
4/19/2021,JKON,195,195,190,191,59918300
4/19/2021,JKSW,60,60,60,60,0
4/19/2021,JMAS,165,165,154,154,18800
4/19/2021,JPFA,2210,2270,2200,2220,30622500
4/19/2021,JRPT,580,600,540,555,14377500
4/19/2021,JSKY,126,126,122,123,4199700
4/19/2021,JSMR,4160,4270,4160,4250,2229000
4/19/2021,JSPT,825,825,825,825,100
4/19/2021,JTPE,1240,1250,1240,1250,232800
4/19/2021,KAEF,2530,2710,2490,2700,6302500
4/19/2021,KARW,97,98,92,93,8316400
4/19/2021,KAYU,88,88,85,88,5436700
4/19/2021,KBAG,50,50,50,50,5767900
4/19/2021,KBAG-W,7,7,6,7,10817300
4/19/2021,KBLI,376,376,364,364,766800
4/19/2021,KBLM,216,216,208,210,114400
4/19/2021,KBLV,400,430,380,428,172700
4/19/2021,KBRI,50,50,50,50,0
4/19/2021,KDSI,835,835,805,820,24900
4/19/2021,KEEN,340,374,340,352,3631700
4/19/2021,KEJU,1340,1350,1320,1345,50300
4/19/2021,KIAS,60,64,59,62,85331000
4/19/2021,KICI,228,242,228,228,4600
4/19/2021,KIJA,175,176,171,172,5982000
4/19/2021,KINO,2750,2750,2630,2640,984600
4/19/2021,KIOS,482,482,462,462,47000
4/19/2021,KJEN,720,790,720,730,2600
4/19/2021,KKGI,288,290,280,288,98000
4/19/2021,KLBF,1500,1500,1490,1495,9322500
4/19/2021,KMDS,500,505,474,494,1800
4/19/2021,KMTR,414,416,408,416,11500
4/19/2021,KOBX,126,129,126,127,76800
4/19/2021,KOIN,153,153,148,151,78900
4/19/2021,KONI,525,655,525,655,64000
4/19/2021,KOPI,545,550,545,550,26500
4/19/2021,KOTA,346,348,324,330,44466700
4/19/2021,KOTA-W,320,320,71,80,1300
4/19/2021,KPAL,50,50,50,50,249200
4/19/2021,KPAS,82,85,81,82,26959400
4/19/2021,KPAS-W,23,25,22,23,2406400
4/19/2021,KPIG,110,111,108,110,20249000
4/19/2021,KRAH,436,436,436,436,0
4/19/2021,KRAS,635,650,630,635,15776200
4/19/2021,KREN,93,96,90,93,7341600
4/19/2021,LAND,100,130,95,130,9100300
4/19/2021,LAPD,50,50,50,50,0
4/19/2021,LCGP,114,114,114,114,0
4/19/2021,LCKM,250,250,250,250,1600
4/19/2021,LEAD,50,50,50,50,900
4/19/2021,LFLO,157,157,157,157,528000
4/19/2021,LFLO-W,15,16,12,13,37233300
4/19/2021,LIFE,4580,4580,4500,4500,500
4/19/2021,LINK,3820,4120,3820,4100,19132200
4/19/2021,LION,362,362,358,358,1800
4/19/2021,LMAS,50,50,50,50,0
4/19/2021,LMPI,133,133,132,132,331500
4/19/2021,LMSH,336,358,336,358,400
4/19/2021,LPCK,1200,1215,1195,1200,406800
4/19/2021,LPGI,3570,3570,3500,3500,200
4/19/2021,LPIN,258,258,248,250,268700
4/19/2021,LPKR,197,199,195,196,8071800
4/19/2021,LPLI,126,131,126,130,16700
4/19/2021,LPPF,1595,1645,1545,1555,20700100
4/19/2021,LPPS,92,94,91,93,287300
4/19/2021,LRNA,180,185,176,176,27200
4/19/2021,LSIP,1310,1320,1275,1280,18620000
4/19/2021,LTLS,505,505,500,500,101500
4/19/2021,LUCK,139,140,136,138,409600
4/19/2021,MABA,50,50,50,50,0
4/19/2021,MAGP,50,50,50,50,2600
4/19/2021,MAIN,955,965,915,925,14461900
4/19/2021,MAMI,50,50,50,50,24800
4/19/2021,MAMI-W,7,8,7,8,3457100
4/19/2021,MAMIP,600,600,600,600,0
4/19/2021,MAPA,2350,2450,2250,2290,1862400
4/19/2021,MAPB,1380,1380,1360,1360,400
4/19/2021,MAPI,795,830,795,815,51641700
4/19/2021,MARI,318,324,306,308,93339700
4/19/2021,MARK,970,990,960,970,4369100
4/19/2021,MASA,1360,1360,1360,1360,0
4/19/2021,MAYA,2350,2380,2200,2200,540000
4/19/2021,MBAP,2650,2680,2640,2650,24800
4/19/2021,MBSS,416,420,410,410,916600
4/19/2021,MBTO,111,117,107,107,44900
4/19/2021,MCAS,6025,6025,5800,5850,496800
4/19/2021,MCOR,144,147,143,144,13722800
4/19/2021,MDIA,67,68,65,66,12499200
4/19/2021,MDKA,2470,2560,2340,2380,71137200
4/19/2021,MDKI,210,212,204,208,1793600
4/19/2021,MDLN,51,51,51,51,0
4/19/2021,MDRN,50,50,50,50,800
4/19/2021,MEDC,575,580,565,565,16503300
4/19/2021,MEGA,8825,8825,8750,8800,7100
4/19/2021,MERK,3300,3400,3300,3320,91700
4/19/2021,META,140,141,138,140,4226100
4/19/2021,MFIN,1110,1140,1085,1140,12100
4/19/2021,MFMI,690,695,675,680,178100
4/19/2021,MGNA,50,50,50,50,0
4/19/2021,MGRO,795,805,755,760,3614400
4/19/2021,MICE,294,294,290,292,20000
4/19/2021,MIDI,1995,1995,1990,1990,21400
4/19/2021,MIKA,2620,2660,2590,2590,19387800
4/19/2021,MINA,87,90,85,86,21348600
4/19/2021,MIRA,50,50,50,50,1500
4/19/2021,MITI,63,63,63,63,0
4/19/2021,MKNT,50,50,50,50,61842700
4/19/2021,MKPI,27025,27025,27025,27025,0
4/19/2021,MLBI,9075,9075,9000,9025,10400
4/19/2021,MLIA,615,635,615,620,4375300
4/19/2021,MLPL,160,164,150,151,59783500
4/19/2021,MLPT,1335,1340,1310,1340,181100
4/19/2021,MMLP,430,452,420,420,8101200
4/19/2021,MNCN,930,950,930,930,29685500
4/19/2021,MOLI,1180,1195,1180,1195,13000
4/19/2021,MPMX,645,680,630,680,41749600
4/19/2021,MPOW,149,157,144,151,38016500
4/19/2021,MPPA,710,710,660,665,43378500
4/19/2021,MPRO,665,665,640,640,18800
4/19/2021,MRAT,204,212,204,210,67900
4/19/2021,MREI,4700,4700,4700,4700,0
4/19/2021,MSIN,153,154,149,152,1171300
4/19/2021,MSKY,670,670,665,670,11800
4/19/2021,MTDL,1650,1675,1650,1660,384900
4/19/2021,MTFN,50,50,50,50,0
4/19/2021,MTLA,426,426,422,426,9300
4/19/2021,MTPS,131,132,123,125,4215800
4/19/2021,MTRA,244,244,244,244,0
4/19/2021,MTSM,160,168,153,163,31400
4/19/2021,MTWI,179,179,130,140,93835700
4/19/2021,MYOH,1385,1385,1380,1380,51400
4/19/2021,MYOR,2570,2570,2530,2540,796400
4/19/2021,MYRX,50,50,50,50,0
4/19/2021,MYRXP,50,50,50,50,0
4/19/2021,MYTX,104,115,98,102,10378000
4/19/2021,NASA,104,104,104,104,0
4/19/2021,NATO,565,570,545,560,259651900
4/19/2021,NATO-W,300,300,300,300,100
4/19/2021,NELY,146,147,145,146,597400
4/19/2021,NFCX,2580,2710,2570,2630,89500
4/19/2021,NICK,298,298,284,284,900
4/19/2021,NIKL,1035,1040,1010,1020,265000
4/19/2021,NIPS,282,282,282,282,0
4/19/2021,NIRO,136,152,135,143,84200
4/19/2021,NISP,855,855,845,845,272500
4/19/2021,NOBU,780,785,755,780,400600
4/19/2021,NPGF,161,165,159,159,3044800
4/19/2021,NRCA,336,338,336,336,27700
4/19/2021,NUSA,50,50,50,50,0
4/19/2021,NZIA,163,175,160,160,208000
4/19/2021,OASA,272,330,272,328,3600
4/19/2021,OCAP,159,159,159,159,0
4/19/2021,OKAS,95,102,92,96,13019400
4/19/2021,OMRE,955,955,955,955,0
4/19/2021,OPMS,770,855,765,850,21478400
4/19/2021,PADI,50,50,50,50,10200
4/19/2021,PALM,314,336,310,316,1946700
4/19/2021,PAMG,87,88,86,86,651600
4/19/2021,PANI,120,127,120,120,93200
4/19/2021,PANR,142,144,142,144,1484400
4/19/2021,PANS,1195,1195,1155,1160,78200
4/19/2021,PBID,1720,1735,1710,1735,1046500
4/19/2021,PBRX,156,160,154,156,7465700
4/19/2021,PBSA,500,500,500,500,0
4/19/2021,PCAR,232,240,228,240,61800
4/19/2021,PDES,300,310,296,304,12900
4/19/2021,PEGE,129,129,129,129,0
4/19/2021,PEHA,1200,1250,1180,1250,622200
4/19/2021,PGAS,1175,1205,1175,1190,55559900
4/19/2021,PGJO,50,50,49,50,131900
4/19/2021,PGLI,196,202,186,190,11200
4/19/2021,PGUN,210,220,200,216,6800
4/19/2021,PICO,130,135,128,131,176900
4/19/2021,PJAA,545,565,545,550,570900
4/19/2021,PKPK,87,88,84,84,7039700
4/19/2021,PLAN,33,34,32,34,6914400
4/19/2021,PLAN-W,11,11,10,10,5301300
4/19/2021,PLAS,50,50,50,50,0
4/19/2021,PLIN,2450,2450,2450,2450,0
4/19/2021,PMJS,130,132,129,132,803500
4/19/2021,PMMP,342,366,340,354,40169300
4/19/2021,PNBN,1010,1010,975,985,3329800
4/19/2021,PNBS,121,121,112,115,137969400
4/19/2021,PNGO,1380,1380,1380,1380,100
4/19/2021,PNIN,785,790,780,785,361100
4/19/2021,PNLF,194,202,193,194,59356000
4/19/2021,PNSE,680,680,635,635,1800
4/19/2021,POLA,125,125,114,121,194100
4/19/2021,POLA-W,65,77,62,73,34500
4/19/2021,POLI,1375,1375,1375,1375,100
4/19/2021,POLL,2750,2780,2600,2750,4710900
4/19/2021,POLU,372,448,372,422,14600
4/19/2021,POLY,67,72,67,68,17431100
4/19/2021,POOL,50,50,50,50,0
4/19/2021,PORT,450,530,440,496,16100
4/19/2021,POSA,50,50,50,50,0
4/19/2021,POSA-W,2,2,2,2,0
4/19/2021,POWR,705,705,695,700,1861600
4/19/2021,PPGL,85,87,77,80,38888000
4/19/2021,PPGL-W,11,15,10,12,15293900
4/19/2021,PPRE,202,204,200,202,6303100
4/19/2021,PPRO,71,75,71,71,94995800
4/19/2021,PRAS,139,150,139,149,1500
4/19/2021,PRDA,4000,4080,3880,3890,558700
4/19/2021,PRIM,177,178,176,177,249200
4/19/2021,PRIM-W,8,8,6,7,7108000
4/19/2021,PSAB,216,220,202,206,77337500
4/19/2021,PSDN,185,194,183,185,533100
4/19/2021,PSGO,126,130,122,128,24500
4/19/2021,PSKT,50,50,50,50,2000
4/19/2021,PSSI,230,230,224,224,873100
4/19/2021,PTBA,2390,2450,2380,2420,26395000
4/19/2021,PTDU,2000,2050,1920,1920,1107200
4/19/2021,PTIS,300,324,294,298,14900
4/19/2021,PTPP,1225,1270,1220,1245,38151900
4/19/2021,PTPW,1250,1250,1245,1250,400
4/19/2021,PTRO,2020,2050,2010,2030,639400
4/19/2021,PTSN,202,206,199,202,1737600
4/19/2021,PTSP,5150,5150,5000,5000,600
4/19/2021,PUDP,258,282,258,264,7100
4/19/2021,PURA,102,108,101,106,447993500
4/19/2021,PURA-W,26,29,25,28,3705400
4/19/2021,PURE,124,126,120,121,5786500
4/19/2021,PURI,346,346,322,322,800
4/19/2021,PWON,505,510,500,505,35856400
4/19/2021,PYFA,960,1010,960,1010,1296900
4/19/2021,PZZA,740,750,705,745,631600
4/19/2021,R-ABFII,28600,28600,28600,28600,0
4/19/2021,R-LQ45X,1000,1000,945,954,24700
4/19/2021,RAJA,244,246,238,240,26099100
4/19/2021,RALS,830,945,830,920,198306200
4/19/2021,RANC,480,488,480,484,597000
4/19/2021,RBMS,64,64,62,62,7656200
4/19/2021,RDTX,8025,8200,8025,8200,2000
4/19/2021,REAL,50,50,50,50,1407700
4/19/2021,RELI,310,358,310,342,5500
4/19/2021,RICY,89,90,89,90,2600
4/19/2021,RIGS,206,212,199,202,628900
4/19/2021,RIMO,50,50,50,50,0
4/19/2021,RISE,444,444,440,444,237000
4/19/2021,RMBA,298,298,298,298,2200
4/19/2021,ROCK,650,650,650,650,200
4/19/2021,RODA,75,90,74,82,29180600
4/19/2021,RONY,140,152,138,144,4000
4/19/2021,ROTI,1335,1340,1330,1330,110900
4/19/2021,RUIS,258,258,240,246,1186400
4/19/2021,SAFE,197,198,187,188,10700
4/19/2021,SAME,560,575,530,530,131214300
4/19/2021,SAMF,398,398,396,398,126000
4/19/2021,SAPX,875,970,840,855,1778100
4/19/2021,SATU,67,68,63,64,5868800
4/19/2021,SBAT,54,55,53,53,154723500
4/19/2021,SBAT-W,11,12,10,11,8522800
4/19/2021,SCCO,11150,11150,11150,11150,400
4/19/2021,SCMA,1680,1695,1630,1635,16778800
4/19/2021,SCNP,250,252,250,250,121800
4/19/2021,SCPI,29000,29000,29000,29000,0
4/19/2021,SDMU,50,67,50,67,98396500
4/19/2021,SDPC,128,128,127,127,304300
4/19/2021,SDRA,700,710,695,700,100300
4/19/2021,SFAN,1295,1295,1280,1285,364200
4/19/2021,SGER,270,270,268,268,841100
4/19/2021,SGER-W,122,122,122,122,3100
4/19/2021,SGRO,1750,1750,1720,1750,337200
4/19/2021,SHID,2370,2370,2370,2370,0
4/19/2021,SHIP,685,690,660,660,1192000
4/19/2021,SIDO,790,800,780,800,22871600
4/19/2021,SILO,6900,6925,6525,6525,454400
4/19/2021,SIMA,50,50,50,50,0
4/19/2021,SIMP,505,510,496,496,5589400
4/19/2021,SINI,336,344,336,338,3600
4/19/2021,SINI-W,212,212,125,125,1100
4/19/2021,SIPD,1400,1400,1400,1400,600
4/19/2021,SKBM,392,392,392,392,4400
4/19/2021,SKLT,2130,2130,2030,2130,1600
4/19/2021,SKRN,825,850,815,825,3847000
4/19/2021,SKYB,51,51,51,51,0
4/19/2021,SLIS,7600,7600,7400,7400,7200
4/19/2021,SMAR,3860,3880,3860,3880,2900
4/19/2021,SMBR,845,845,820,825,2854000
4/19/2021,SMCB,1755,1770,1725,1730,54300
4/19/2021,SMDM,109,113,105,107,5744800
4/19/2021,SMDR,290,292,288,290,403500
4/19/2021,SMGR,10550,10650,10350,10425,2117100
4/19/2021,SMKL,197,200,197,197,634800
4/19/2021,SMKL-W,16,16,15,15,2278800
4/19/2021,SMMA,13475,13475,13425,13425,1200
4/19/2021,SMMT,100,103,99,100,16800
4/19/2021,SMRA,945,955,935,940,21028500
4/19/2021,SMRU,50,50,50,50,0
4/19/2021,SMSM,1335,1345,1310,1345,799400
4/19/2021,SNLK,444,466,432,466,13038400
4/19/2021,SOCI,206,212,206,208,5043100
4/19/2021,SOFA,106,106,97,101,21100
4/19/2021,SOFA-W,7,8,6,7,15238100
4/19/2021,SOHO,4680,4690,4590,4590,11600
4/19/2021,SONA,5325,5325,5325,5325,0
4/19/2021,SOSS,406,406,366,388,8400
4/19/2021,SOSS-W,39,39,32,37,25700
4/19/2021,SOTS,418,428,412,412,3886300
4/19/2021,SOTS-W,66,75,51,74,13200
4/19/2021,SPMA,422,422,414,414,291100
4/19/2021,SPTO,478,484,470,474,713600
4/19/2021,SQMI,326,326,318,320,1021800
4/19/2021,SRAJ,179,189,175,175,275700
4/19/2021,SRIL,181,183,177,182,55052200
4/19/2021,SRSN,64,67,63,63,5420400
4/19/2021,SRTG,6125,6300,6050,6050,2803500
4/19/2021,SSIA,478,478,470,470,2564500
4/19/2021,SSMS,935,935,890,900,6054800
4/19/2021,SSTM,498,498,498,498,400
4/19/2021,STAR,104,104,101,104,54400
4/19/2021,STTP,7600,7700,7600,7600,11200
4/19/2021,SUGI,50,50,50,50,0
4/19/2021,SULI,50,50,50,50,1300
4/19/2021,SUPR,6625,6625,6625,6625,100
4/19/2021,SURE,2100,2100,2100,2100,46300
4/19/2021,SWAT,98,99,97,98,558600
4/19/2021,TALF,300,318,298,298,27300
4/19/2021,TAMA,59,59,57,58,711300
4/19/2021,TAMA-W,15,16,15,16,350600
4/19/2021,TAMU,50,50,50,50,8800
4/19/2021,TAPG,700,775,615,680,1077729200
4/19/2021,TARA,50,50,50,50,1700
4/19/2021,TAXI,50,50,50,50,4300
4/19/2021,TBIG,2500,2570,2470,2490,46187900
4/19/2021,TBLA,890,900,880,885,1148700
4/19/2021,TBMS,1025,1030,1025,1025,7200
4/19/2021,TCID,6375,6375,6350,6375,5900
4/19/2021,TCPI,7300,7350,7125,7350,7146100
4/19/2021,TDPM,113,119,113,113,1430800
4/19/2021,TEBE,408,408,336,340,56000
4/19/2021,TECH,2380,2380,2380,2380,0
4/19/2021,TELE,121,121,121,121,0
4/19/2021,TFAS,2350,2900,2350,2900,2288500
4/19/2021,TFCO,585,585,545,545,8200
4/19/2021,TGKA,8525,8525,8150,8250,900
4/19/2021,TGRA,159,159,137,137,188654700
4/19/2021,TIFA,1285,1400,1200,1400,139000
4/19/2021,TINS,1565,1585,1545,1575,26059200
4/19/2021,TIRA,270,288,268,270,7600
4/19/2021,TIRT,50,50,50,50,3700
4/19/2021,TKIM,10400,10425,9700,9750,6720500
4/19/2021,TLKM,3330,3360,3330,3340,44899700
4/19/2021,TMAS,158,164,156,159,423200
4/19/2021,TMPO,143,144,137,137,4100
4/19/2021,TNCA,428,430,414,424,944400
4/19/2021,TOBA,500,500,492,500,769300
4/19/2021,TOPS,50,50,50,50,38300
4/19/2021,TOTL,338,338,330,334,3367800
4/19/2021,TOTO,214,216,212,216,289900
4/19/2021,TOWR,1140,1145,1100,1100,56001000
4/19/2021,TOYS,236,250,220,220,57372500
4/19/2021,TOYS-W,20,21,18,19,8185500
4/19/2021,TPIA,10625,10675,10325,10425,1737200
4/19/2021,TPMA,1005,1005,1005,1005,600
4/19/2021,TRAM,50,50,50,50,0
4/19/2021,TRIL,50,50,50,50,0
4/19/2021,TRIM,135,151,133,143,8559000
4/19/2021,TRIN,175,182,169,180,8727000
4/19/2021,TRIN-W,22,24,21,24,7787900
4/19/2021,TRIO,426,426,426,426,0
4/19/2021,TRIS,105,105,102,103,2974700
4/19/2021,TRIS-W,101,101,101,101,0
4/19/2021,TRJA,168,168,160,160,102300
4/19/2021,TRST,450,450,450,450,100
4/19/2021,TRUK,134,134,124,124,17232100
4/19/2021,TRUS,310,322,302,316,10700
4/19/2021,TSPC,1535,1555,1520,1555,2126300
4/19/2021,TUGU,1475,1475,1425,1470,91300
4/19/2021,TURI,1270,1270,1210,1220,151800
4/19/2021,UANG,500,500,480,500,18600
4/19/2021,UCID,1680,1700,1665,1685,808100
4/19/2021,UFOE,820,820,820,820,0
4/19/2021,ULTJ,1515,1525,1505,1520,986900
4/19/2021,UNIC,7650,7650,7575,7575,2300
4/19/2021,UNIQ,119,121,114,114,10880000
4/19/2021,UNIT,316,316,316,316,0
4/19/2021,UNSP,116,117,113,115,344200
4/19/2021,UNTR,22225,22225,21900,22200,2435100
4/19/2021,UNVR,6350,6375,6225,6300,7032700
4/19/2021,URBN,400,400,360,384,33400
4/19/2021,URBN-W,24,25,22,24,615400
4/19/2021,VICI,368,370,362,366,4630400
4/19/2021,VICO,128,136,128,132,1417500
4/19/2021,VINS,110,121,110,119,3438200
4/19/2021,VIVA,70,71,68,69,35211900
4/19/2021,VOKS,200,204,198,198,26600
4/19/2021,VRNA,176,214,155,155,10262000
4/19/2021,WAPO,74,79,74,79,4800
4/19/2021,WEGE,202,208,202,202,23343200
4/19/2021,WEHA,103,104,96,97,13932900
4/19/2021,WICO,412,438,400,438,1000
4/19/2021,WIFI,770,775,750,755,9648700
4/19/2021,WIFI-W,79,80,70,79,23300
4/19/2021,WIIM,975,975,940,960,11164300
4/19/2021,WIKA,1390,1445,1370,1405,68592000
4/19/2021,WINS,94,100,94,97,3878600
4/19/2021,WMUU,234,242,224,226,134446300
4/19/2021,WOMF,248,248,246,246,63700
4/19/2021,WOOD,850,855,810,810,25665600
4/19/2021,WOWS,57,58,56,57,5083500
4/19/2021,WSBP,200,206,197,202,44780800
4/19/2021,WSKT,1020,1090,1020,1080,88913100
4/19/2021,WTON,300,306,296,298,7746100
4/19/2021,XAFA,1055,1055,1055,1055,0
4/19/2021,XAQA,886,886,886,886,0
4/19/2021,XASG,87,87,87,87,0
4/19/2021,XBES,907,907,907,907,0
4/19/2021,XBID,499,499,499,499,0
4/19/2021,XBIN,467,467,467,467,0
4/19/2021,XBLQ,452,452,452,452,300
4/19/2021,XBNI,981,981,981,981,100
4/19/2021,XBSK,364,364,364,364,0
4/19/2021,XCID,81,81,78,79,52000
4/19/2021,XCIS,105,105,105,105,0
4/19/2021,XCLQ,96,96,94,94,14400
4/19/2021,XDIF,451,451,440,440,200
4/19/2021,XDSG,926,926,926,926,500
4/19/2021,XIFE,98,98,98,98,11900
4/19/2021,XIHD,446,447,446,447,5300
4/19/2021,XIIC,990,990,973,988,1300
4/19/2021,XIID,487,487,487,487,300
4/19/2021,XIIF,552,553,552,553,2300
4/19/2021,XIIT,500,503,496,503,119300
4/19/2021,XIJI,611,613,605,606,36700
4/19/2021,XILV,108,108,107,107,300
4/19/2021,XIML,249,249,249,249,3100
4/19/2021,XIPI,173,173,173,173,7400
4/19/2021,XISB,398,398,398,398,0
4/19/2021,XISC,711,711,701,702,39500
4/19/2021,XISI,314,314,311,311,8800
4/19/2021,XISR,360,360,356,360,14100
4/19/2021,XKIV,452,452,452,452,0
4/19/2021,XKMS,995,1007,995,1004,400
4/19/2021,XMIG,171,171,171,171,0
4/19/2021,XMJM,1001,1001,1001,1001,0
4/19/2021,XMTS,443,443,443,443,0
4/19/2021,XNVE,142,144,141,143,10200
4/19/2021,XPCR,864,864,864,864,0
4/19/2021,XPDV,431,431,431,431,0
4/19/2021,XPES,381,382,374,375,600
4/19/2021,XPFT,515,515,515,515,0
4/19/2021,XPID,488,488,488,488,0
4/19/2021,XPLC,438,438,431,431,400
4/19/2021,XPLQ,451,451,451,451,0
4/19/2021,XPMI,870,870,870,870,0
4/19/2021,XPSG,375,375,369,369,400
4/19/2021,XPTD,480,480,480,480,0
4/19/2021,XSBC,99,101,99,101,400
4/19/2021,XSMU,130,130,130,130,0
4/19/2021,XSPI,750,750,750,750,0
4/19/2021,XSRI,174,174,174,174,0
4/19/2021,XSSI,88,88,83,87,62900
4/19/2021,XSSK,620,620,610,610,200
4/19/2021,YELO,101,134,101,123,161029400
4/19/2021,YELO-W,27,39,27,37,63140700
4/19/2021,YPAS,432,440,432,432,3800
4/19/2021,YULE,400,400,390,390,15100
4/19/2021,ZBRA,1180,1300,1165,1270,10366800
4/19/2021,ZINC,135,140,128,128,691716100
4/19/2021,ZONE,438,440,438,440,84200
4/19/2021,ZYRX,730,730,685,720,18386000
4/19/2021,ZYRX-W,50,51,46,47,5653600
