<date>,<ticker>,<open>,<high>,<low>,<close>,<volume>
9/27/2021,IHSG,6141.47,6163.28,6109.666,6122.495,220224344
9/27/2021,AALI,8475,8575,8400,8550,976600
9/27/2021,ABBA,595,595,555,560,13695200
9/27/2021,ABDA,6950,6950,6950,6950,100
9/27/2021,ABMM,1200,1230,1190,1195,1004400
9/27/2021,ACES,1290,1295,1255,1255,22574000
9/27/2021,ACST,252,260,248,258,50974800
9/27/2021,ADES,2810,2820,2800,2800,3390000
9/27/2021,ADHI,910,940,905,925,24069900
9/27/2021,ADMF,7700,7725,7675,7700,35400
9/27/2021,ADMG,216,226,212,216,4176800
9/27/2021,ADRO,1515,1560,1505,1510,158865800
9/27/2021,AGAR,358,358,356,358,3800
9/27/2021,AGII,1400,1410,1375,1400,5334400
9/27/2021,AGRO,2570,2650,2520,2520,104040000
9/27/2021,AGRS,226,228,214,214,27496100
9/27/2021,AHAP,74,75,69,71,30977500
9/27/2021,AIMS,336,336,314,318,181200
9/27/2021,AISA,202,208,202,204,12665300
9/27/2021,AKKU,50,50,50,50,392000
9/27/2021,AKPI,590,600,585,595,8100
9/27/2021,AKRA,4140,4200,4100,4130,5494500
9/27/2021,AKSI,416,416,414,414,4500
9/27/2021,ALDO,735,735,715,725,5300100
9/27/2021,ALKA,252,252,238,238,40800
9/27/2021,ALMI,238,260,238,246,14200
9/27/2021,ALTO,318,324,306,324,6200
9/27/2021,AMAG,344,358,344,352,705800
9/27/2021,AMAN,450,450,448,448,1724800
9/27/2021,AMAR,286,300,280,280,2833500
9/27/2021,AMFG,3900,3980,3900,3980,500
9/27/2021,AMIN,186,190,182,189,36800
9/27/2021,AMOR,3800,3800,3690,3800,446800
9/27/2021,AMRT,1330,1395,1310,1395,9785000
9/27/2021,ANDI,50,50,50,50,906400
9/27/2021,ANJT,695,710,695,695,9100
9/27/2021,ANTM,2310,2330,2280,2290,52714300
9/27/2021,APEX,540,610,535,550,227100
9/27/2021,APIC,870,880,860,865,7461000
9/27/2021,APII,184,188,182,188,385200
9/27/2021,APLI,208,208,202,208,19800
9/27/2021,APLN,128,128,124,125,7696000
9/27/2021,ARCI,580,595,570,585,17582200
9/27/2021,ARGO,1820,1820,1795,1800,13400
9/27/2021,ARII,304,310,294,310,92200
9/27/2021,ARKA,102,109,102,102,18640100
9/27/2021,ARMY,50,50,50,50,0
9/27/2021,ARNA,735,765,700,735,8853700
9/27/2021,ARTA,1525,1550,1485,1500,330300
9/27/2021,ARTI,50,50,50,50,55500
9/27/2021,ARTO,15950,16400,15800,15900,19340200
9/27/2021,ASBI,272,274,270,274,5200
9/27/2021,ASDM,895,895,885,890,6800
9/27/2021,ASGR,755,760,735,755,651800
9/27/2021,ASII,5150,5225,5125,5175,25252300
9/27/2021,ASJT,157,158,151,153,2627900
9/27/2021,ASMI,280,374,280,374,3289800
9/27/2021,ASPI,87,87,87,87,1036700
9/27/2021,ASPI-W,21,21,19,19,12318900
9/27/2021,ASRI,168,169,165,168,11092500
9/27/2021,ASRM,1715,1720,1715,1720,1000
9/27/2021,ASSA,3360,3550,3350,3510,10649900
9/27/2021,ATAP,102,102,100,102,22600
9/27/2021,ATIC,700,700,685,690,139100
9/27/2021,AUTO,1005,1015,1005,1010,1514300
9/27/2021,AYLS,216,246,202,238,264624300
9/27/2021,BABP,290,290,262,280,624156900
9/27/2021,BABP-W3,218,220,181,199,28000
9/27/2021,BABP-W4,240,240,216,222,133300
9/27/2021,BACA,348,356,328,330,118873500
9/27/2021,BACA-W2,202,202,202,202,0
9/27/2021,BAJA,348,372,348,354,1734600
9/27/2021,BALI,715,730,710,730,337200
9/27/2021,BANK,3090,3110,3060,3070,22573500
9/27/2021,BANK-W,2850,2890,2850,2890,2600
9/27/2021,BAPA,69,69,64,64,11097300
9/27/2021,BAPI,50,50,50,50,4565500
9/27/2021,BAPI-W,6,9,6,7,421601900
9/27/2021,BATA,700,700,700,700,51200
9/27/2021,BAYU,1000,1030,1000,1010,500
9/27/2021,BBCA,32925,32975,32775,32900,11010500
9/27/2021,BBHI,3980,4030,3820,3870,6575000
9/27/2021,BBKP,426,430,422,422,67941400
9/27/2021,BBLD,412,412,412,412,10000
9/27/2021,BBMD,1930,1930,1900,1900,10500
9/27/2021,BBNI,5100,5125,5025,5075,13341600
9/27/2021,BBRI,3770,3800,3730,3750,380151200
9/27/2021,BBRM,50,50,50,50,43700
9/27/2021,BBSI,5900,6075,5900,5950,31800
9/27/2021,BBSS,54,61,52,60,49370800
9/27/2021,BBTN,1375,1380,1355,1360,8936500
9/27/2021,BBYB,1470,1490,1435,1460,34149500
9/27/2021,BCAP,110,110,106,106,31389800
9/27/2021,BCIC,208,208,208,208,0
9/27/2021,BCIP,68,68,61,62,10526600
9/27/2021,BDMN,2530,2580,2530,2570,2672700
9/27/2021,BEBS,1425,1430,1370,1395,28004500
9/27/2021,BEEF,85,97,83,95,215913000
9/27/2021,BEKS,98,98,92,93,267044200
9/27/2021,BELL,138,139,136,137,25000
9/27/2021,BESS,950,1075,910,1060,236700
9/27/2021,BESS-W,790,790,785,785,9000
9/27/2021,BEST,123,124,121,123,19464600
9/27/2021,BFIN,1070,1075,1025,1025,48707900
9/27/2021,BGTG,220,220,202,206,34885000
9/27/2021,BHAT,805,820,800,820,1696100
9/27/2021,BHIT,84,85,80,81,279660100
9/27/2021,BIKA,264,264,264,264,610200
9/27/2021,BIMA,183,226,183,183,162473300
9/27/2021,BINA,3990,4000,3890,3930,419700
9/27/2021,BIPI,50,50,50,50,478700
9/27/2021,BIPI-W,10,11,9,11,10738400
9/27/2021,BIPP,57,61,55,57,26884400
9/27/2021,BIRD,1200,1200,1190,1200,737200
9/27/2021,BISI,1025,1035,1010,1035,346100
9/27/2021,BJBR,1360,1375,1340,1360,2156100
9/27/2021,BJTM,710,715,710,710,3869600
9/27/2021,BKDP,52,52,50,51,1534900
9/27/2021,BKSL,61,63,58,58,179811000
9/27/2021,BKSW,206,206,192,194,23885600
9/27/2021,BLTA,50,50,50,50,22000
9/27/2021,BLTZ,3400,3900,3300,3700,6600
9/27/2021,BLUE,755,765,750,765,191500
9/27/2021,BMAS,1255,1265,1205,1205,23000
9/27/2021,BMHS,1075,1150,1075,1145,129581700
9/27/2021,BMRI,6000,6025,5900,5900,34250400
9/27/2021,BMSR,199,204,190,192,2912600
9/27/2021,BMTR,266,268,260,264,38156900
9/27/2021,BNBA,1320,1325,1280,1290,5264000
9/27/2021,BNBR,50,50,50,50,4900
9/27/2021,BNGA,975,985,960,960,6187200
9/27/2021,BNII,334,336,332,334,759800
9/27/2021,BNLI,1750,1765,1735,1735,423600
9/27/2021,BOGA,1380,1385,1360,1365,106032400
9/27/2021,BOLA,670,760,660,715,74787700
9/27/2021,BOLT,650,680,650,680,800
9/27/2021,BOSS,89,95,89,92,141078300
9/27/2021,BPFI,1000,1000,1000,1000,0
9/27/2021,BPII,4750,4750,4750,4750,3930000
9/27/2021,BPTR,202,202,188,190,3039000
9/27/2021,BRAM,5725,6700,5700,5775,10200
9/27/2021,BRIS,2110,2140,2070,2070,26093100
9/27/2021,BRMS,96,96,93,94,309740000
9/27/2021,BRMS-W,26,26,24,24,35535400
9/27/2021,BRNA,1230,1320,1230,1320,2700
9/27/2021,BRPT,975,980,955,965,22980700
9/27/2021,BSDE,990,995,975,990,27063600
9/27/2021,BSIM,1010,1015,995,995,586200
9/27/2021,BSSR,2110,2170,2100,2120,230100
9/27/2021,BSWD,1750,1750,1750,1750,0
9/27/2021,BTEK,50,50,50,50,25800
9/27/2021,BTEL,50,50,50,50,0
9/27/2021,BTON,510,525,498,498,71700
9/27/2021,BTPN,2760,2820,2740,2800,49400
9/27/2021,BTPS,3490,3490,3350,3380,6872000
9/27/2021,BUDI,182,183,180,181,5961100
9/27/2021,BUKA,885,885,870,870,104803200
9/27/2021,BUKK,1000,1030,1000,1030,5000
9/27/2021,BULL,274,276,268,272,93940200
9/27/2021,BULL-W2,56,60,52,57,121500
9/27/2021,BUMI,56,58,56,56,279925200
9/27/2021,BUVA,60,60,60,60,0
9/27/2021,BVIC,154,157,152,155,4266300
9/27/2021,BWPT,70,72,70,70,22078400
9/27/2021,BYAN,17500,18375,17500,18300,233700
9/27/2021,CAKK,101,106,100,100,27802900
9/27/2021,CAMP,302,320,302,316,3081900
9/27/2021,CANI,127,152,123,133,10913000
9/27/2021,CARE,426,428,418,422,427896100
9/27/2021,CARS,50,50,50,50,31500
9/27/2021,CASA,398,398,398,398,0
9/27/2021,CASH,154,160,148,150,20588000
9/27/2021,CASS,432,480,432,450,4754400
9/27/2021,CBMF,115,115,107,109,30741600
9/27/2021,CCSI,600,640,580,600,3756600
9/27/2021,CEKA,1790,1795,1780,1780,37700
9/27/2021,CENT,310,314,306,306,22621200
9/27/2021,CFIN,260,262,258,260,852900
9/27/2021,CINT,190,194,187,187,4600
9/27/2021,CITA,2960,3000,2760,2770,28600
9/27/2021,CITY,148,148,142,148,17800
9/27/2021,CLAY,795,840,790,840,500
9/27/2021,CLEO,450,452,448,452,4250000
9/27/2021,CLPI,1025,1035,1025,1030,20000
9/27/2021,CMNP,1270,1270,1200,1200,298900
9/27/2021,CMNP-W,366,366,272,366,1900
9/27/2021,CMNT,960,970,950,960,28751800
9/27/2021,CMPP,184,184,184,184,0
9/27/2021,CNKO,50,50,50,50,500
9/27/2021,CNTB,250,250,250,250,0
9/27/2021,CNTX,180,190,178,178,5200
9/27/2021,COCO,276,278,258,268,22529100
9/27/2021,COCO-W,376,376,376,376,0
9/27/2021,COWL,50,50,50,50,0
9/27/2021,CPIN,6600,6600,6375,6525,4698700
9/27/2021,CPRI,50,50,50,50,0
9/27/2021,CPRI-W,12,12,12,12,0
9/27/2021,CPRO,50,50,50,50,0
9/27/2021,CSAP,545,555,545,545,43500
9/27/2021,CSIS,107,110,100,100,142090200
9/27/2021,CSMI,3130,3130,3130,3130,1000
9/27/2021,CSRA,320,354,316,352,4932300
9/27/2021,CTBN,3700,3700,3600,3600,1100
9/27/2021,CTRA,905,905,885,895,32857600
9/27/2021,CTTH,51,53,50,50,25827600
9/27/2021,DADA,50,50,50,50,16374700
9/27/2021,DADA-W,14,15,13,14,71617000
9/27/2021,DART,208,208,208,208,1100
9/27/2021,DAYA,250,268,250,264,684400
9/27/2021,DCII,47250,47575,47000,47000,3000
9/27/2021,DEAL,50,51,50,50,21757300
9/27/2021,DEAL-W,23,32,23,25,11479900
9/27/2021,DEFI,1280,1280,1275,1275,200
9/27/2021,DEWA,50,50,50,50,227000
9/27/2021,DFAM,384,390,370,384,1307300
9/27/2021,DGIK,76,79,76,76,8338400
9/27/2021,DGNS,840,855,835,840,11667200
9/27/2021,DIGI,520,520,510,515,8023900
9/27/2021,DILD,170,170,167,169,4705400
9/27/2021,DIVA,2270,2300,2220,2220,390200
9/27/2021,DKFT,139,140,133,134,5563800
9/27/2021,DLTA,3710,3730,3700,3700,83700
9/27/2021,DMAS,191,192,190,190,8047600
9/27/2021,DMMX,2740,2780,2700,2710,6540400
9/27/2021,DMND,795,795,770,775,16100
9/27/2021,DNAR,312,322,302,304,4699700
9/27/2021,DNET,3180,3180,3140,3170,22400
9/27/2021,DOID,324,324,314,316,186753000
9/27/2021,DPNS,346,352,340,352,332900
9/27/2021,DPUM,50,50,50,50,0
9/27/2021,DSFI,117,126,117,123,24859800
9/27/2021,DSNG,500,505,496,505,29796500
9/27/2021,DSSA,17500,17500,17500,17500,0
9/27/2021,DUCK,176,176,176,176,0
9/27/2021,DUTI,3350,3350,3350,3350,100
9/27/2021,DVLA,2470,2500,2420,2490,41800
9/27/2021,DWGL,200,200,191,191,22000
9/27/2021,DWGL-W,25,39,25,36,217600
9/27/2021,DYAN,92,92,87,89,30918500
9/27/2021,EAST,72,76,67,73,14609200
9/27/2021,EAST-W,12,13,11,12,17242100
9/27/2021,ECII,985,985,980,980,600
9/27/2021,EDGE,26325,26500,26325,26350,5400
9/27/2021,EKAD,1415,1450,1400,1445,776300
9/27/2021,ELSA,286,308,284,304,324558400
9/27/2021,ELTY,50,50,50,50,0
9/27/2021,EMDE,196,196,196,196,0
9/27/2021,EMTK,1940,1950,1920,1925,8551200
9/27/2021,ENRG,128,129,124,126,404147800
9/27/2021,ENVY,50,50,50,50,0
9/27/2021,ENZO,50,57,50,50,206183500
9/27/2021,ENZO-W,17,23,17,20,102211000
9/27/2021,EPAC,57,59,55,57,8999600
9/27/2021,EPMT,2260,2270,2250,2250,10100
9/27/2021,ERAA,625,630,605,605,73276400
9/27/2021,ERTX,192,192,187,190,141600
9/27/2021,ESIP,86,89,79,83,12645000
9/27/2021,ESIP-W,15,16,15,16,19227900
9/27/2021,ESSA,294,298,274,280,89816100
9/27/2021,ESTA,103,107,100,107,127100
9/27/2021,ESTI,160,160,153,158,2563500
9/27/2021,ETWA,62,62,62,62,0
9/27/2021,EXCL,2950,3000,2820,2890,40972800
9/27/2021,FAPA,2920,2940,2920,2930,110800
9/27/2021,FAST,970,970,960,960,3100
9/27/2021,FASW,7600,7600,7600,7600,0
9/27/2021,FILM,342,352,342,348,5358300
9/27/2021,FIMP,48,49,47,47,901800
9/27/2021,FIMP-W,18,19,17,18,1776800
9/27/2021,FIRE,530,540,500,505,4518000
9/27/2021,FISH,7825,7850,7825,7850,1500
9/27/2021,FITT,143,153,137,141,167300
9/27/2021,FITT-W,47,58,43,48,582000
9/27/2021,FLMC,336,340,326,330,978400
9/27/2021,FMII,424,460,410,454,31900
9/27/2021,FOOD,92,122,90,122,166879400
9/27/2021,FORU,149,149,146,146,17800
9/27/2021,FORZ,50,50,50,50,0
9/27/2021,FPNI,242,264,242,258,4029400
9/27/2021,FREN,116,117,112,116,815990900
9/27/2021,FREN-W,49,49,45,47,2934600
9/27/2021,FREN-W2,41,44,40,43,550225700
9/27/2021,FUJI,414,414,380,380,1212100
9/27/2021,GAMA,50,50,50,50,124500
9/27/2021,GDST,100,115,100,103,92074600
9/27/2021,GDYR,1425,1430,1420,1420,104000
9/27/2021,GEMA,362,362,362,362,0
9/27/2021,GEMS,3550,3610,3550,3550,28200
9/27/2021,GGRM,31075,31450,31025,31025,315500
9/27/2021,GGRP,448,450,446,446,120800
9/27/2021,GHON,2270,2270,2230,2250,5200
9/27/2021,GIAA,222,222,222,222,0
9/27/2021,GJTL,720,720,705,710,4654500
9/27/2021,GLOB,174,174,170,170,5000
9/27/2021,GLVA,276,276,274,274,36600
9/27/2021,GMFI,96,99,94,99,3472700
9/27/2021,GMTD,16725,16725,16725,16725,0
9/27/2021,GOLD,440,440,420,424,18600
9/27/2021,GOLL,50,50,50,50,0
9/27/2021,GOOD,394,396,384,392,10183800
9/27/2021,GPRA,75,77,72,74,7369700
9/27/2021,GPSO,196,200,181,181,5086200
9/27/2021,GPSO-W,74,75,64,66,4120000
9/27/2021,GSMF,194,194,190,193,130500
9/27/2021,GTBO,75,75,75,75,0
9/27/2021,GTSI,80,81,78,78,25772600
9/27/2021,GWSA,127,130,126,129,441300
9/27/2021,GZCO,50,50,50,50,28100
9/27/2021,HADE,50,50,50,50,5000
9/27/2021,HAIS,264,278,262,266,13380900
9/27/2021,HDFA,192,192,180,191,14600
9/27/2021,HDIT,312,316,296,298,1691700
9/27/2021,HDTX,120,120,120,120,0
9/27/2021,HEAL,1185,1190,1155,1175,14005600
9/27/2021,HELI,346,396,328,350,52400
9/27/2021,HERO,1750,1810,1750,1810,22800
9/27/2021,HEXA,4870,4950,4870,4910,5103900
9/27/2021,HITS,368,390,368,370,5500
9/27/2021,HKMU,55,55,55,55,58252100
9/27/2021,HMSP,975,985,960,970,17326700
9/27/2021,HOKI,188,190,187,189,4632700
9/27/2021,HOME,50,50,50,50,0
9/27/2021,HOMI,1900,1900,1850,1895,4300
9/27/2021,HOPE,130,130,127,127,10244600
9/27/2021,HOPE-W,21,22,20,21,15325300
9/27/2021,HOTL,50,50,50,50,41000
9/27/2021,HRME,59,64,56,60,60950900
9/27/2021,HRTA,212,214,204,206,9866400
9/27/2021,HRUM,7675,8375,7350,7675,25159100
9/27/2021,IATA,50,50,50,50,19000
9/27/2021,IBFN,62,64,59,61,344700
9/27/2021,IBFN-W,16,17,14,15,3731800
9/27/2021,IBST,5500,5500,5500,5500,300
9/27/2021,ICBP,8300,8350,8200,8350,5104700
9/27/2021,ICON,115,116,110,111,8795800
9/27/2021,IDEA,224,224,184,184,15476500
9/27/2021,IDPR,228,228,212,216,9095700
9/27/2021,IFII,158,160,156,156,303000
9/27/2021,IFSH,1670,1700,1650,1680,9200
9/27/2021,IGAR,424,428,420,428,250000
9/27/2021,IIKP,50,50,50,50,0
9/27/2021,IKAI,50,50,50,50,2200
9/27/2021,IKAN,108,115,107,109,39377700
9/27/2021,IKBI,240,240,238,240,32200
9/27/2021,IMAS,980,1000,970,975,2093100
9/27/2021,IMJS,560,590,555,560,36894700
9/27/2021,IMPC,2070,2070,2000,2020,2110300
9/27/2021,INAF,2270,2270,2240,2240,161300
9/27/2021,INAI,294,300,280,300,26100
9/27/2021,INCF,444,530,430,460,9902500
9/27/2021,INCI,620,630,615,625,58700
9/27/2021,INCO,4720,4750,4650,4660,8843900
9/27/2021,INDF,6150,6175,6100,6100,4794800
9/27/2021,INDO,186,189,175,178,756500
9/27/2021,INDO-W,70,72,67,70,129900
9/27/2021,INDR,3930,4040,3930,3980,16300
9/27/2021,INDS,1890,1940,1815,1875,4100
9/27/2021,INDX,114,116,112,112,1279400
9/27/2021,INDY,1560,1640,1520,1525,80871700
9/27/2021,INKP,7100,7150,7050,7100,2797700
9/27/2021,INOV,178,185,167,180,883900
9/27/2021,INPC,155,156,145,145,17729400
9/27/2021,INPC-W,57,59,50,50,5383700
9/27/2021,INPP,640,640,640,640,0
9/27/2021,INPS,1690,2010,1690,2010,10600
9/27/2021,INRU,670,670,660,670,1100
9/27/2021,INTA,81,84,79,81,346800
9/27/2021,INTD,157,157,150,153,71400
9/27/2021,INTP,10500,10600,10425,10575,1105900
9/27/2021,IPAC,204,204,193,204,93800
9/27/2021,IPCC,565,590,565,580,2470600
9/27/2021,IPCM,376,388,376,384,6650100
9/27/2021,IPOL,167,169,165,165,2287200
9/27/2021,IPTV,248,248,242,248,19718600
9/27/2021,IRRA,1655,1670,1625,1625,1808000
9/27/2021,ISAT,6700,6700,6350,6400,4441300
9/27/2021,ISSP,286,292,284,284,9348000
9/27/2021,ITIC,334,338,318,324,10839100
9/27/2021,ITMA,530,545,530,535,102700
9/27/2021,ITMA-W,64,64,62,64,14100
9/27/2021,ITMG,18550,19000,18325,18525,2815300
9/27/2021,JAST,170,170,161,161,24336900
9/27/2021,JAWA,137,138,135,136,2815400
9/27/2021,JAYA,125,143,124,131,97381700
9/27/2021,JECC,6150,6525,6150,6475,1800
9/27/2021,JGLE,50,50,50,50,28900
9/27/2021,JIHD,418,418,418,418,5000
9/27/2021,JKON,171,171,167,167,128800
9/27/2021,JKSW,60,60,60,60,0
9/27/2021,JMAS,170,189,167,170,4110300
9/27/2021,JPFA,1875,1890,1820,1845,15670900
9/27/2021,JRPT,468,472,458,466,1806700
9/27/2021,JSKY,125,125,122,123,8430000
9/27/2021,JSMR,3800,3840,3760,3770,3073800
9/27/2021,JSPT,790,790,790,790,0
9/27/2021,JTPE,1075,1075,1070,1075,60100
9/27/2021,KAEF,2340,2360,2340,2350,628700
9/27/2021,KARW,98,100,94,96,3219400
9/27/2021,KAYU,74,78,70,72,176345300
9/27/2021,KBAG,55,56,53,53,143427200
9/27/2021,KBAG-W,15,15,13,13,84851700
9/27/2021,KBLI,300,302,298,300,621700
9/27/2021,KBLM,200,204,200,204,22300
9/27/2021,KBLV,780,800,750,755,71200
9/27/2021,KBRI,50,50,50,50,0
9/27/2021,KDSI,880,885,880,885,12400
9/27/2021,KEEN,432,432,424,424,923100
9/27/2021,KEJU,1225,1240,1225,1240,74300
9/27/2021,KIAS,51,54,50,50,47069200
9/27/2021,KICI,250,252,244,248,304700
9/27/2021,KIJA,159,159,154,158,4158000
9/27/2021,KINO,2130,2140,2070,2090,1186900
9/27/2021,KIOS,1100,1105,1045,1060,28060500
9/27/2021,KJEN,416,500,410,498,74000
9/27/2021,KKGI,284,290,284,288,567000
9/27/2021,KLBF,1410,1410,1390,1400,10494500
9/27/2021,KMDS,470,476,460,472,66100
9/27/2021,KMTR,372,380,362,374,34400
9/27/2021,KOBX,175,178,174,175,851000
9/27/2021,KOIN,168,168,166,167,48800
9/27/2021,KONI,950,950,890,940,1200
9/27/2021,KOPI,545,545,520,520,8200
9/27/2021,KOTA,182,186,170,170,386547500
9/27/2021,KOTA-W,111,111,106,106,21500
9/27/2021,KPAL,50,50,50,50,0
9/27/2021,KPAS,62,62,62,62,0
9/27/2021,KPAS-W,13,13,13,13,0
9/27/2021,KPIG,107,107,105,105,31719700
9/27/2021,KRAH,436,436,436,436,0
9/27/2021,KRAS,515,520,505,510,9220100
9/27/2021,KREN,145,152,145,146,47860200
9/27/2021,LABA,276,278,260,260,14799000
9/27/2021,LABA-W,27,27,25,25,19690500
9/27/2021,LAND,118,119,113,113,5048400
9/27/2021,LAPD,50,50,50,50,0
9/27/2021,LCGP,114,114,114,114,0
9/27/2021,LCKM,318,334,318,330,500
9/27/2021,LEAD,50,50,50,50,315000
9/27/2021,LFLO,84,87,82,83,125600
9/27/2021,LFLO-W,11,11,10,10,6483900
9/27/2021,LIFE,6900,6900,6900,6900,0
9/27/2021,LINK,4250,4250,3950,3950,14448600
9/27/2021,LION,366,378,366,378,20500
9/27/2021,LMAS,101,101,101,101,0
9/27/2021,LMPI,192,194,187,190,596400
9/27/2021,LMSH,800,925,800,895,1366100
9/27/2021,LPCK,930,935,920,935,974800
9/27/2021,LPGI,3890,3890,3890,3890,200
9/27/2021,LPIN,364,382,364,380,144200
9/27/2021,LPKR,153,160,151,158,165970500
9/27/2021,LPLI,262,284,262,276,255000
9/27/2021,LPPF,2860,2860,2720,2770,8537400
9/27/2021,LPPS,111,113,108,109,1565100
9/27/2021,LRNA,182,182,175,176,800
9/27/2021,LSIP,1070,1115,1070,1115,26362300
9/27/2021,LTLS,620,630,620,630,776200
9/27/2021,LUCK,238,252,228,236,18675100
9/27/2021,LUCY,60,61,58,59,27052700
9/27/2021,LUCY-W,15,16,14,15,9113100
9/27/2021,MABA,50,50,50,50,0
9/27/2021,MAGP,50,50,50,50,200
9/27/2021,MAIN,790,800,780,780,1941900
9/27/2021,MAMI,50,50,50,50,0
9/27/2021,MAMI-W,6,6,6,6,0
9/27/2021,MAMIP,600,600,600,600,0
9/27/2021,MAPA,2490,2490,2400,2410,457800
9/27/2021,MAPB,1600,1600,1550,1550,10500
9/27/2021,MAPI,790,790,740,765,26457400
9/27/2021,MARI,535,550,520,520,62787000
9/27/2021,MARK,980,995,970,970,1752900
9/27/2021,MASA,4850,5950,4850,5450,246400
9/27/2021,MASB,3440,3450,3440,3450,18900
9/27/2021,MASB-W,306,312,294,306,49900
9/27/2021,MAYA,800,835,770,775,7601900
9/27/2021,MBAP,3420,3600,3410,3490,1567900
9/27/2021,MBSS,650,665,645,645,1424400
9/27/2021,MBTO,120,121,120,121,7300
9/27/2021,MCAS,9850,10125,9850,10100,829600
9/27/2021,MCOL,1630,1645,1615,1625,826700
9/27/2021,MCOR,130,131,125,127,42913400
9/27/2021,MDIA,52,53,51,51,3935300
9/27/2021,MDKA,2670,2740,2620,2650,55295400
9/27/2021,MDKI,200,200,199,200,988900
9/27/2021,MDLN,51,51,51,51,0
9/27/2021,MDRN,50,50,50,50,100
9/27/2021,MEDC,498,520,498,505,105937600
9/27/2021,MEGA,7900,8000,7750,8000,23300
9/27/2021,MERK,3330,3340,3300,3320,62100
9/27/2021,META,127,127,125,127,1886200
9/27/2021,MFIN,1025,1070,1025,1070,25200
9/27/2021,MFMI,825,950,825,880,60100
9/27/2021,MGLV,230,246,216,222,663800
9/27/2021,MGLV-W,17,18,16,16,19105100
9/27/2021,MGNA,50,50,50,50,0
9/27/2021,MGRO,740,740,730,730,2201500
9/27/2021,MICE,374,380,368,374,338900
9/27/2021,MIDI,2500,2530,2350,2350,21200
9/27/2021,MIKA,2400,2400,2350,2360,21378500
9/27/2021,MINA,57,58,55,56,13930200
9/27/2021,MIRA,50,50,50,50,29400
9/27/2021,MITI,127,140,117,117,54611800
9/27/2021,MKNT,50,50,50,50,1092100
9/27/2021,MKPI,25000,25000,25000,25000,0
9/27/2021,MLBI,7900,7900,7700,7825,19800
9/27/2021,MLIA,1310,1330,1240,1240,9799100
9/27/2021,MLPL,585,595,570,575,33299600
9/27/2021,MLPT,3500,3600,3480,3530,1399400
9/27/2021,MMLP,640,650,625,630,9268100
9/27/2021,MNCN,815,825,810,815,31391900
9/27/2021,MOLI,965,975,920,960,41400
9/27/2021,MPMX,775,780,765,770,4395400
9/27/2021,MPOW,138,151,138,141,22197000
9/27/2021,MPPA,995,1050,980,1050,90278200
9/27/2021,MPRO,825,930,765,800,182600
9/27/2021,MRAT,306,314,304,304,240600
9/27/2021,MREI,4870,4870,4870,4870,500
9/27/2021,MSIN,520,520,505,520,15130600
9/27/2021,MSKY,366,368,360,368,18100
9/27/2021,MTDL,2900,2940,2880,2900,2812900
9/27/2021,MTFN,50,50,50,50,11400
9/27/2021,MTLA,332,350,318,342,230200
9/27/2021,MTPS,140,140,135,136,1436000
9/27/2021,MTRA,244,244,244,244,0
9/27/2021,MTSM,146,156,146,156,23300
9/27/2021,MTWI,113,122,113,120,4627500
9/27/2021,MYOH,1545,1545,1525,1540,24400
9/27/2021,MYOR,2400,2400,2370,2380,455000
9/27/2021,MYRX,50,50,50,50,0
9/27/2021,MYRXP,50,50,50,50,0
9/27/2021,MYTX,85,87,82,83,872900
9/27/2021,NASA,80,86,77,78,79787500
9/27/2021,NATO,590,605,585,595,296921200
9/27/2021,NATO-W,350,350,350,350,0
9/27/2021,NELY,194,197,194,195,762600
9/27/2021,NFCX,10075,10075,9550,9600,258600
9/27/2021,NICK,540,540,496,520,50000
9/27/2021,NICL,87,88,81,83,108369500
9/27/2021,NICL-W,11,12,10,11,117358300
9/27/2021,NIKL,1075,1195,1070,1140,2918200
9/27/2021,NIPS,282,282,282,282,0
9/27/2021,NIRO,138,140,132,132,247700
9/27/2021,NISP,695,700,685,695,2496100
9/27/2021,NOBU,1070,1090,1025,1075,1743100
9/27/2021,NPGF,125,131,123,126,25014500
9/27/2021,NRCA,298,300,294,294,173600
9/27/2021,NUSA,50,50,50,50,0
9/27/2021,NZIA,160,166,156,156,4600
9/27/2021,OASA,206,214,206,208,232100
9/27/2021,OCAP,159,159,159,159,0
9/27/2021,OILS,360,360,336,338,33484800
9/27/2021,OILS-W,155,155,135,139,2337800
9/27/2021,OKAS,88,93,85,90,32590200
9/27/2021,OMRE,930,930,870,870,113200
9/27/2021,OPMS,190,194,176,185,84287200
9/27/2021,PADI,50,50,50,50,68700
9/27/2021,PALM,450,458,448,454,324700
9/27/2021,PAMG,93,94,90,92,2863400
9/27/2021,PANI,288,304,288,298,7500
9/27/2021,PANR,169,179,161,165,4989900
9/27/2021,PANS,1295,1295,1275,1280,36200
9/27/2021,PBID,1690,1700,1675,1680,1398600
9/27/2021,PBRX,129,130,126,130,928500
9/27/2021,PBSA,525,650,515,650,204800
9/27/2021,PCAR,298,304,294,296,79400
9/27/2021,PDES,292,298,290,290,16500
9/27/2021,PEGE,1570,1600,1500,1555,915500
9/27/2021,PEHA,1160,1165,1155,1160,237000
9/27/2021,PGAS,1130,1175,1125,1165,199049800
9/27/2021,PGJO,75,78,75,77,236100
9/27/2021,PGLI,206,208,206,208,1400
9/27/2021,PGUN,256,274,248,266,6000
9/27/2021,PICO,105,112,100,105,52700
9/27/2021,PJAA,535,545,530,540,65500
9/27/2021,PKPK,109,145,108,145,575062900
9/27/2021,PLAN,33,36,33,36,22721500
9/27/2021,PLAN-W,11,12,10,12,35184700
9/27/2021,PLAS,50,50,50,50,0
9/27/2021,PLIN,2450,2450,2450,2450,0
9/27/2021,PMJS,129,130,127,127,33500
9/27/2021,PMMP,498,505,474,476,42541200
9/27/2021,PNBN,735,740,730,730,5431800
9/27/2021,PNBS,94,95,88,90,190395300
9/27/2021,PNGO,1435,1435,1430,1430,1600
9/27/2021,PNIN,720,720,705,710,928500
9/27/2021,PNLF,182,183,178,179,60168000
9/27/2021,PNSE,362,362,362,362,2400
9/27/2021,POLA,156,160,147,157,30700
9/27/2021,POLA-W,69,69,68,69,30100
9/27/2021,POLI,1370,1490,1330,1400,164400
9/27/2021,POLL,3020,3270,2890,2890,2227500
9/27/2021,POLU,276,276,274,274,6000
9/27/2021,POLY,54,55,53,54,2107000
9/27/2021,POOL,50,50,50,50,0
9/27/2021,PORT,585,620,585,600,11000
9/27/2021,POSA,50,50,50,50,0
9/27/2021,POWR,615,625,605,605,9761000
9/27/2021,PPGL,108,118,108,118,11615500
9/27/2021,PPGL-W,13,15,11,14,59349600
9/27/2021,PPRE,226,230,220,226,11724600
9/27/2021,PPRO,73,73,70,71,46153200
9/27/2021,PRAS,250,250,238,240,398400
9/27/2021,PRDA,7050,7450,7000,7250,1699600
9/27/2021,PRIM,352,374,342,348,10088300
9/27/2021,PSAB,153,156,152,155,16615600
9/27/2021,PSDN,178,182,173,177,116100
9/27/2021,PSGO,150,150,140,150,45100
9/27/2021,PSKT,50,50,50,50,365000
9/27/2021,PSSI,294,320,292,304,5344800
9/27/2021,PTBA,2460,2510,2440,2460,28935900
9/27/2021,PTDU,266,284,266,266,5505600
9/27/2021,PTIS,274,308,274,304,3600
9/27/2021,PTPP,1065,1100,1065,1075,28251200
9/27/2021,PTPW,985,1000,965,980,407400
9/27/2021,PTRO,2400,2400,2320,2320,1028100
9/27/2021,PTSN,286,288,282,284,4191900
9/27/2021,PTSP,5200,6200,4840,4840,5000
9/27/2021,PUDP,322,322,320,320,73200
9/27/2021,PURA,50,67,50,67,3026706900
9/27/2021,PURA-W,8,28,8,27,1566109300
9/27/2021,PURE,98,100,96,98,6632200
9/27/2021,PURI,390,390,370,370,2000
9/27/2021,PWON,482,484,480,482,11374600
9/27/2021,PYFA,1190,1190,1135,1180,133500
9/27/2021,PZZA,670,675,665,675,107000
9/27/2021,R-ABFII,28600,28600,28600,28600,0
9/27/2021,R-LQ45X,920,926,919,919,11000
9/27/2021,RAJA,200,206,196,202,47347300
9/27/2021,RALS,695,705,680,685,2885800
9/27/2021,RANC,2340,2370,2310,2320,1270400
9/27/2021,RBMS,50,51,50,50,4365600
9/27/2021,RDTX,6725,6725,6725,6725,100
9/27/2021,REAL,113,125,107,119,809890600
9/27/2021,RELI,414,440,410,440,14600
9/27/2021,RICY,90,114,88,104,41269700
9/27/2021,RIGS,272,282,270,274,1124500
9/27/2021,RIMO,50,50,50,50,0
9/27/2021,RISE,384,386,382,386,250900
9/27/2021,RMBA,306,306,306,306,0
9/27/2021,ROCK,570,610,570,610,400
9/27/2021,RODA,102,124,101,120,635445300
9/27/2021,RONY,190,190,190,190,200
9/27/2021,ROTI,1340,1340,1330,1335,1043900
9/27/2021,RSGK,1835,1835,1800,1805,610000
9/27/2021,RUIS,200,204,198,202,99300
9/27/2021,RUNS,915,915,760,800,79871400
9/27/2021,SAFE,189,198,189,194,42000
9/27/2021,SAME,515,525,510,515,13587000
9/27/2021,SAMF,765,770,745,750,547000
9/27/2021,SAPX,1120,1150,1065,1075,31300
9/27/2021,SATU,77,80,70,74,72457500
9/27/2021,SBAT,50,57,50,50,419605300
9/27/2021,SBAT-W,13,19,12,14,212577000
9/27/2021,SBMA,400,426,386,418,21319600
9/27/2021,SBMA-W,218,226,212,212,209400
9/27/2021,SCCO,10400,10600,10400,10600,1100
9/27/2021,SCMA,2110,2120,2030,2030,8499800
9/27/2021,SCNP,286,286,266,266,1897900
9/27/2021,SCPI,29000,29000,29000,29000,0
9/27/2021,SDMU,51,55,50,51,4331000
9/27/2021,SDPC,135,143,135,137,124200
9/27/2021,SDRA,750,755,710,720,3992200
9/27/2021,SFAN,1435,1435,1420,1430,507100
9/27/2021,SGER,585,725,585,725,28705200
9/27/2021,SGER-W,456,670,456,645,168000
9/27/2021,SGRO,1815,1815,1810,1810,13300
9/27/2021,SHID,1010,1015,1005,1005,24700
9/27/2021,SHIP,900,925,865,900,745600
9/27/2021,SIDO,790,795,780,795,11484100
9/27/2021,SILO,9525,9525,8900,9500,555700
9/27/2021,SIMA,50,50,50,50,0
9/27/2021,SIMP,422,436,420,432,3846900
9/27/2021,SINI,298,298,262,284,1500
9/27/2021,SINI-W,116,150,116,150,200
9/27/2021,SIPD,2000,2000,1880,1880,17500
9/27/2021,SKBM,360,374,360,368,1600
9/27/2021,SKLT,2270,2520,2270,2520,3000
9/27/2021,SKRN,670,675,660,670,1670900
9/27/2021,SKYB,51,51,51,51,0
9/27/2021,SLIS,3200,3220,3000,3000,52500
9/27/2021,SMAR,4270,4400,4270,4300,3300
9/27/2021,SMBR,625,635,625,630,2669400
9/27/2021,SMCB,1785,1785,1770,1770,1052700
9/27/2021,SMDM,124,134,121,126,2856400
9/27/2021,SMDR,640,650,630,635,3383800
9/27/2021,SMGR,8300,8450,8150,8200,5943400
9/27/2021,SMKL,316,318,300,318,557500
9/27/2021,SMKL-W,37,37,34,34,3164900
9/27/2021,SMMA,10600,10600,10600,10600,2100
9/27/2021,SMMT,184,187,178,178,31870700
9/27/2021,SMRA,820,830,810,815,34231900
9/27/2021,SMRU,50,50,50,50,0
9/27/2021,SMSM,1330,1345,1325,1335,320300
9/27/2021,SNLK,850,865,850,865,1208500
9/27/2021,SOCI,186,190,186,186,4727200
9/27/2021,SOFA,38,39,37,38,10755400
9/27/2021,SOHO,5150,5200,5050,5050,8600
9/27/2021,SONA,4380,4380,4380,4380,200
9/27/2021,SOSS,386,400,384,392,112900
9/27/2021,SOSS-W,46,48,40,47,80800
9/27/2021,SOTS,474,474,460,472,4100
9/27/2021,SOTS-W,62,62,62,62,0
9/27/2021,SPMA,344,346,342,344,345100
9/27/2021,SPTO,550,555,545,545,565600
9/27/2021,SQMI,126,147,126,134,27685900
9/27/2021,SRAJ,300,306,288,290,6441200
9/27/2021,SRIL,146,146,146,146,0
9/27/2021,SRSN,58,62,57,58,26540400
9/27/2021,SRTG,1825,1865,1820,1840,11094900
9/27/2021,SSIA,500,505,496,498,8272000
9/27/2021,SSMS,810,820,805,815,4872900
9/27/2021,SSTM,815,845,805,805,23400
9/27/2021,STAR,139,139,131,137,41500
9/27/2021,STTP,6900,6900,6900,6900,2100
9/27/2021,SUGI,50,50,50,50,0
9/27/2021,SULI,75,87,63,63,71149800
9/27/2021,SUPR,12625,12900,12625,12900,5400
9/27/2021,SURE,1870,2000,1860,2000,1900
9/27/2021,SWAT,135,148,125,144,111069800
9/27/2021,TALF,296,296,284,286,5700
9/27/2021,TAMA,63,63,58,60,17064700
9/27/2021,TAMA-W,18,19,18,18,2160800
9/27/2021,TAMU,50,50,50,50,29500
9/27/2021,TAPG,585,600,570,580,11824900
9/27/2021,TARA,50,50,50,50,305000
9/27/2021,TAXI,50,50,50,50,102100
9/27/2021,TBIG,3010,3020,2950,2990,50246600
9/27/2021,TBLA,775,785,775,785,777400
9/27/2021,TBMS,1685,1685,1620,1620,5300
9/27/2021,TCID,5300,5425,5275,5425,600
9/27/2021,TCPI,9325,9350,9050,9300,11204500
9/27/2021,TDPM,119,119,119,119,0
9/27/2021,TEBE,685,685,650,660,1087900
9/27/2021,TECH,6400,6550,6250,6275,1644800
9/27/2021,TELE,121,121,121,121,0
9/27/2021,TFAS,5300,5600,5200,5300,282100
9/27/2021,TFCO,680,680,680,680,100
9/27/2021,TGKA,7000,7150,7000,7125,3100
9/27/2021,TGRA,96,96,94,95,8355600
9/27/2021,TIFA,540,655,535,560,2314600
9/27/2021,TINS,1565,1585,1505,1510,53697200
9/27/2021,TIRA,350,352,330,352,35200
9/27/2021,TIRT,64,70,59,59,28009100
9/27/2021,TKIM,6900,7000,6850,6850,2209300
9/27/2021,TLKM,3530,3560,3480,3520,87303000
9/27/2021,TMAS,304,318,290,292,31700200
9/27/2021,TMPO,131,133,130,130,3100
9/27/2021,TNCA,1135,1170,1060,1060,5352900
9/27/2021,TOBA,482,482,476,480,162800
9/27/2021,TOPS,50,50,50,50,529400
9/27/2021,TOTL,332,334,324,328,1743200
9/27/2021,TOTO,200,200,199,200,59400
9/27/2021,TOWR,1310,1325,1300,1320,34218000
9/27/2021,TOYS,234,242,220,220,67391400
9/27/2021,TOYS-W,31,32,29,29,8722300
9/27/2021,TPIA,7250,7250,7075,7150,2191000
9/27/2021,TPMA,505,525,490,520,3815600
9/27/2021,TRAM,50,50,50,50,0
9/27/2021,TRIL,50,50,50,50,0
9/27/2021,TRIM,350,358,330,338,64876100
9/27/2021,TRIN,238,242,222,228,10933700
9/27/2021,TRIN-W,35,39,34,35,3039500
9/27/2021,TRIO,426,426,426,426,0
9/27/2021,TRIS,175,175,163,163,444400
9/27/2021,TRIS-W,6,6,6,6,0
9/27/2021,TRJA,296,302,280,288,20991500
9/27/2021,TRST,640,640,610,625,11800
9/27/2021,TRUE,236,236,220,220,17390100
9/27/2021,TRUE-W,23,24,22,22,34025700
9/27/2021,TRUK,184,206,172,173,306504800
9/27/2021,TRUS,358,366,324,326,228000
9/27/2021,TSPC,1435,1435,1420,1420,825800
9/27/2021,TUGU,1640,1640,1620,1620,79000
9/27/2021,TURI,1415,1415,1305,1305,20800
9/27/2021,UANG,1065,1065,1065,1065,3600
9/27/2021,UCID,1580,1600,1555,1570,136100
9/27/2021,UFOE,905,930,875,905,572100
9/27/2021,ULTJ,1535,1550,1525,1525,364000
9/27/2021,UNIC,8675,8900,8675,8775,6600
9/27/2021,UNIQ,89,89,86,87,9578000
9/27/2021,UNIT,316,316,316,316,0
9/27/2021,UNSP,110,110,109,110,251800
9/27/2021,UNTR,22100,22975,22100,22875,7360400
9/27/2021,UNVR,3970,3970,3850,3860,26324200
9/27/2021,URBN,940,945,880,895,1388100
9/27/2021,URBN-W,67,68,64,66,1724600
9/27/2021,UVCR,700,715,680,690,18561700
9/27/2021,UVCR-W,296,298,288,294,2737800
9/27/2021,VICI,378,378,372,378,2988300
9/27/2021,VICO,142,143,137,143,744400
9/27/2021,VINS,113,114,111,112,1231700
9/27/2021,VIVA,51,52,51,51,8569100
9/27/2021,VOKS,181,185,179,180,11500
9/27/2021,VRNA,122,155,122,139,10283600
9/27/2021,WAPO,97,103,95,96,1316400
9/27/2021,WEGE,195,197,192,195,18101300
9/27/2021,WEHA,236,252,224,230,98185100
9/27/2021,WICO,404,424,404,424,13200
9/27/2021,WIFI,825,835,800,825,34191100
9/27/2021,WIFI-W,230,246,226,236,8400
9/27/2021,WIIM,472,480,472,476,2471800
9/27/2021,WIKA,1165,1195,1155,1190,52474200
9/27/2021,WINS,130,141,129,136,89324400
9/27/2021,WMUU,164,166,160,165,11802000
9/27/2021,WOMF,230,234,230,232,342000
9/27/2021,WOOD,725,735,715,715,3402400
9/27/2021,WOWS,57,59,55,56,51908700
9/27/2021,WSBP,143,146,142,146,37781300
9/27/2021,WSKT,835,850,825,845,35028600
9/27/2021,WTON,254,260,254,256,10675200
9/27/2021,XAFA,1071,1071,1070,1071,1600
9/27/2021,XAQA,861,861,861,861,200
9/27/2021,XBES,870,870,870,870,0
9/27/2021,XBID,481,481,481,481,100
9/27/2021,XBIG,507,507,496,505,5900
9/27/2021,XBIN,443,443,443,443,0
9/27/2021,XBLQ,435,435,435,435,300
9/27/2021,XBNI,944,944,943,943,200
9/27/2021,XBSK,342,342,342,342,0
9/27/2021,XCID,85,85,82,84,13100
9/27/2021,XCIS,105,105,105,105,0
9/27/2021,XCLQ,91,91,90,91,4600
9/27/2021,XDIF,430,430,430,430,0
9/27/2021,XDSG,892,892,892,892,100
9/27/2021,XIFE,95,95,93,95,2600
9/27/2021,XIHD,445,445,438,445,8500
9/27/2021,XIIC,908,908,908,908,0
9/27/2021,XIID,472,472,472,472,0
9/27/2021,XIIF,499,499,499,499,8500
9/27/2021,XIIT,482,482,480,481,12800
9/27/2021,XIJI,560,561,559,559,13600
9/27/2021,XILV,103,103,103,103,200
9/27/2021,XIML,238,238,238,238,16600
9/27/2021,XIPI,163,164,163,164,7000
9/27/2021,XISB,398,398,398,398,0
9/27/2021,XISC,660,660,656,656,9600
9/27/2021,XISI,317,317,316,316,900
9/27/2021,XISR,346,346,344,344,13300
9/27/2021,XKIV,420,420,420,420,800
9/27/2021,XKMS,969,980,968,980,300
9/27/2021,XMIG,163,163,163,163,0
9/27/2021,XMJM,1001,1001,1001,1001,0
9/27/2021,XMTS,412,412,412,412,0
9/27/2021,XNVE,133,133,133,133,400
9/27/2021,XPCR,833,833,833,833,0
9/27/2021,XPDV,419,419,419,419,0
9/27/2021,XPES,360,360,354,354,1600
9/27/2021,XPFT,491,491,491,491,3000
9/27/2021,XPID,470,470,470,470,0
9/27/2021,XPLC,418,418,418,418,100
9/27/2021,XPLQ,448,448,448,448,0
9/27/2021,XPMI,845,845,845,845,0
9/27/2021,XPSG,346,346,346,346,0
9/27/2021,XPTD,464,464,464,464,100
9/27/2021,XSBC,99,99,99,99,700
9/27/2021,XSMU,125,125,125,125,0
9/27/2021,XSPI,750,750,750,750,0
9/27/2021,XSRI,165,165,165,165,0
9/27/2021,XSSI,75,75,72,73,6600
9/27/2021,XSSK,583,583,583,583,0
9/27/2021,YELO,438,438,408,408,28105900
9/27/2021,YELO-W,74,74,66,72,2193200
9/27/2021,YPAS,955,955,900,900,6600
9/27/2021,YULE,595,620,595,615,1100
9/27/2021,ZBRA,695,780,685,730,31640700
9/27/2021,ZINC,124,125,120,121,490883500
9/27/2021,ZONE,406,408,404,406,272500
9/27/2021,ZYRX,595,600,580,580,4034600
9/27/2021,ZYRX-W,115,115,103,112,2733500
