<date>,<ticker>,<open>,<high>,<low>,<close>,<volume>
5/19/2021,IHSG,5817.136,5828.211,5752.257,5760.584,154610698
5/19/2021,AALI,10025,10150,9700,9775,2121300
5/19/2021,ABBA,224,236,222,224,82675600
5/19/2021,ABDA,7050,7050,7050,7050,0
5/19/2021,ABMM,850,900,815,835,129300
5/19/2021,ACES,1450,1470,1445,1465,8036500
5/19/2021,ACST,258,262,250,250,8959300
5/19/2021,ADES,1650,1670,1620,1665,322000
5/19/2021,ADHI,1065,1065,1005,1015,5331100
5/19/2021,ADMF,8000,8000,7950,8000,94100
5/19/2021,ADMG,160,164,159,159,896300
5/19/2021,ADRO,1195,1195,1175,1175,23994100
5/19/2021,AGAR,426,426,420,420,3000
5/19/2021,AGII,1040,1045,1015,1020,2720600
5/19/2021,AGRO,865,875,835,840,32014000
5/19/2021,AGRS,515,530,478,505,1254400
5/19/2021,AHAP,69,71,68,68,699400
5/19/2021,AIMS,490,510,472,494,264700
5/19/2021,AISA,250,254,246,250,8873700
5/19/2021,AKKU,50,50,50,50,3100
5/19/2021,AKPI,580,580,555,555,2800
5/19/2021,AKRA,3150,3170,3120,3140,2671000
5/19/2021,AKSI,770,770,680,680,8600
5/19/2021,ALDO,825,845,795,795,6373100
5/19/2021,ALKA,236,278,236,262,61900
5/19/2021,ALMI,262,262,240,240,10000
5/19/2021,ALTO,310,324,304,324,208400
5/19/2021,AMAG,296,298,286,286,2720400
5/19/2021,AMAN,284,284,284,284,96300
5/19/2021,AMAR,254,260,246,246,1999400
5/19/2021,AMFG,4580,4580,4260,4260,30600
5/19/2021,AMIN,196,197,196,196,4900
5/19/2021,AMOR,4130,4130,4070,4070,2100200
5/19/2021,AMRT,900,920,880,895,4847000
5/19/2021,ANDI,50,50,50,50,14700
5/19/2021,ANJT,735,735,700,735,23200
5/19/2021,ANTM,2580,2640,2530,2550,111892800
5/19/2021,APEX,860,865,800,800,236200
5/19/2021,APIC,710,725,710,715,11259000
5/19/2021,APII,187,188,182,188,188200
5/19/2021,APLI,199,204,197,200,123900
5/19/2021,APLN,153,154,150,150,8734300
5/19/2021,ARGO,1715,1725,1715,1725,300
5/19/2021,ARII,166,224,166,224,1588800
5/19/2021,ARKA,50,50,50,50,7800
5/19/2021,ARMY,50,50,50,50,0
5/19/2021,ARNA,725,730,715,730,883400
5/19/2021,ARTA,260,260,258,258,300
5/19/2021,ARTI,50,50,50,50,1800
5/19/2021,ARTO,10575,10675,10150,10200,14848700
5/19/2021,ASBI,284,286,284,284,21400
5/19/2021,ASDM,940,970,925,925,11300
5/19/2021,ASGR,760,770,755,765,13200
5/19/2021,ASII,5100,5125,5025,5050,47008800
5/19/2021,ASJT,236,236,230,230,83900
5/19/2021,ASMI,710,710,710,710,2500
5/19/2021,ASPI,53,54,52,52,550400
5/19/2021,ASPI-W,16,17,15,16,2545800
5/19/2021,ASRI,184,185,179,179,21638800
5/19/2021,ASRM,1550,1600,1550,1600,1300
5/19/2021,ASSA,2040,2180,2030,2090,26597400
5/19/2021,ATAP,118,135,115,117,7429000
5/19/2021,ATIC,705,750,705,750,110700
5/19/2021,AUTO,1165,1165,1140,1140,754700
5/19/2021,AYLS,93,94,88,90,9509700
5/19/2021,BABP,85,88,84,87,106990400
5/19/2021,BABP-W3,69,69,60,68,6500
5/19/2021,BABP-W4,48,50,47,47,2185100
5/19/2021,BACA,390,434,384,392,20707700
5/19/2021,BACA-W2,222,222,222,222,2200
5/19/2021,BAJA,408,412,380,388,17926400
5/19/2021,BALI,590,605,585,600,27200
5/19/2021,BANK,3210,3210,3090,3100,30201400
5/19/2021,BANK-W,2790,2790,2670,2670,109100
5/19/2021,BAPA,50,50,50,50,2900
5/19/2021,BAPI,50,50,50,50,102500
5/19/2021,BAPI-W,6,6,5,6,9073200
5/19/2021,BATA,690,690,690,690,0
5/19/2021,BAYU,1045,1045,1045,1045,0
5/19/2021,BBCA,31900,32000,31675,31725,12982500
5/19/2021,BBHI,1125,1125,1060,1065,1446800
5/19/2021,BBKP,414,414,396,400,86201300
5/19/2021,BBLD,470,490,470,490,36100
5/19/2021,BBMD,1370,1370,1370,1370,0
5/19/2021,BBNI,5400,5425,5200,5250,29198100
5/19/2021,BBRI,3850,3940,3850,3870,123005100
5/19/2021,BBRM,50,50,50,50,800
5/19/2021,BBSI,2750,2920,2750,2900,103800
5/19/2021,BBSS,55,55,53,53,857500
5/19/2021,BBTN,1575,1575,1550,1550,19964100
5/19/2021,BBYB,448,458,440,446,5668300
5/19/2021,BCAP,106,106,104,105,20712400
5/19/2021,BCIC,700,700,700,700,0
5/19/2021,BCIP,63,63,61,61,2043800
5/19/2021,BDMN,2520,2520,2460,2460,1150200
5/19/2021,BEBS,326,326,306,306,1373800
5/19/2021,BEEF,114,116,110,112,3701800
5/19/2021,BEKS,81,85,80,80,119553500
5/19/2021,BELL,134,136,128,133,2585000
5/19/2021,BESS,308,342,298,298,846000
5/19/2021,BESS-W,185,200,175,200,16900
5/19/2021,BEST,145,146,143,145,15268200
5/19/2021,BFIN,630,650,615,635,33037000
5/19/2021,BGTG,111,119,108,115,46445400
5/19/2021,BHAT,590,605,585,595,169275000
5/19/2021,BHIT,51,52,50,52,35473700
5/19/2021,BIKA,152,170,150,151,90300
5/19/2021,BIMA,63,68,62,63,1320800
5/19/2021,BINA,1930,1975,1835,1900,1627700
5/19/2021,BIPI,50,50,50,50,28200
5/19/2021,BIPI-W,10,11,10,10,690500
5/19/2021,BIPP,55,55,54,55,780800
5/19/2021,BIRD,1275,1275,1250,1255,346000
5/19/2021,BISI,1130,1130,1080,1125,91100
5/19/2021,BJBR,1380,1400,1370,1380,3781500
5/19/2021,BJTM,755,760,735,735,21484800
5/19/2021,BKDP,50,50,50,50,410500
5/19/2021,BKSL,86,89,80,80,909545400
5/19/2021,BKSW,145,150,140,142,3870100
5/19/2021,BLTA,50,50,50,50,1900
5/19/2021,BLTZ,2960,2960,2930,2930,600
5/19/2021,BLUE,665,665,660,665,95400
5/19/2021,BMAS,1910,1910,1785,1800,97300
5/19/2021,BMRI,5800,5850,5625,5675,49218000
5/19/2021,BMSR,180,220,178,178,18644900
5/19/2021,BMTR,262,272,258,264,81809000
5/19/2021,BNBA,730,760,700,705,1974000
5/19/2021,BNBR,50,50,50,50,129600
5/19/2021,BNGA,970,975,965,965,1362900
5/19/2021,BNII,360,366,350,350,4081200
5/19/2021,BNLI,2050,2050,2000,2000,105400
5/19/2021,BOGA,1410,1435,1395,1405,88184900
5/19/2021,BOLA,234,234,222,226,125600
5/19/2021,BOLT,700,820,700,755,22400
5/19/2021,BOSS,89,90,86,88,5018600
5/19/2021,BPFI,1050,1050,1050,1050,0
5/19/2021,BPII,7300,7300,7300,7300,0
5/19/2021,BPTR,99,102,98,99,855300
5/19/2021,BRAM,4980,4980,4980,4980,100
5/19/2021,BRIS,1990,2010,1890,1905,53428400
5/19/2021,BRMS,104,105,96,102,565746600
5/19/2021,BRMS-W,37,37,32,35,316066600
5/19/2021,BRNA,1295,1295,1295,1295,0
5/19/2021,BRPT,885,885,865,875,28531000
5/19/2021,BRPT-W,745,745,745,745,0
5/19/2021,BSDE,1155,1155,1135,1145,4526600
5/19/2021,BSIM,585,600,545,550,414500
5/19/2021,BSSR,2180,2300,2180,2280,734400
5/19/2021,BSWD,1750,1750,1750,1750,0
5/19/2021,BTEK,50,50,50,50,600
5/19/2021,BTEL,50,50,50,50,0
5/19/2021,BTON,394,402,382,382,84200
5/19/2021,BTPN,2810,2810,2800,2810,7200
5/19/2021,BTPS,2890,2890,2810,2830,6751700
5/19/2021,BUDI,208,234,198,226,123529600
5/19/2021,BUKK,960,960,895,905,77200
5/19/2021,BULL,300,306,298,300,305069000
5/19/2021,BULL-W2,103,103,99,102,40400
5/19/2021,BUMI,62,63,60,61,158944700
5/19/2021,BUVA,69,71,66,66,2153300
5/19/2021,BVIC,152,158,152,153,7183200
5/19/2021,BWPT,116,116,112,113,30117600
5/19/2021,BYAN,14200,14800,14200,14200,50100
5/19/2021,CAKK,67,74,67,70,1069400
5/19/2021,CAMP,254,258,242,246,3968000
5/19/2021,CANI,172,190,172,187,26600
5/19/2021,CARE,310,310,302,304,289681800
5/19/2021,CARS,50,50,50,50,1017300
5/19/2021,CASA,378,378,378,378,100
5/19/2021,CASA-W,348,348,348,348,0
5/19/2021,CASH,298,306,298,298,2974600
5/19/2021,CASS,390,394,388,392,163800
5/19/2021,CBMF,140,140,140,140,0
5/19/2021,CCSI,278,288,274,278,1250400
5/19/2021,CEKA,1890,2100,1885,2000,551500
5/19/2021,CENT,238,238,226,228,26825900
5/19/2021,CFIN,306,306,298,300,3038500
5/19/2021,CINT,216,216,202,204,151100
5/19/2021,CITA,2730,2730,2700,2720,700
5/19/2021,CITY,172,172,158,158,126200
5/19/2021,CITY-W,60,60,50,52,59700
5/19/2021,CLAY,875,875,815,815,2200
5/19/2021,CLEO,450,454,450,452,4568400
5/19/2021,CLPI,840,845,830,835,285100
5/19/2021,CMNP,1960,1970,1950,1970,5500
5/19/2021,CMNP-W,950,950,950,950,200
5/19/2021,CMPP,184,184,184,184,0
5/19/2021,CNKO,50,50,50,50,0
5/19/2021,CNTB,250,250,250,250,0
5/19/2021,CNTX,193,193,189,189,23100
5/19/2021,COCO,250,252,244,248,256900
5/19/2021,COCO-W,148,148,148,148,0
5/19/2021,COWL,50,50,50,50,0
5/19/2021,CPIN,6475,6500,6125,6300,4613800
5/19/2021,CPRI,50,50,50,50,0
5/19/2021,CPRI-W,15,15,15,15,1400
5/19/2021,CPRO,50,50,50,50,2700
5/19/2021,CSAP,348,348,346,348,28800
5/19/2021,CSIS,80,81,77,79,2255100
5/19/2021,CSMI,2200,2200,2200,2200,100
5/19/2021,CSRA,300,302,294,294,95300
5/19/2021,CTBN,2730,2730,2700,2700,700
5/19/2021,CTRA,1120,1125,1100,1100,7713600
5/19/2021,CTTH,61,66,61,64,826900
5/19/2021,DADA,50,50,50,50,225800
5/19/2021,DADA-W,11,11,9,10,105936200
5/19/2021,DART,202,216,198,212,434000
5/19/2021,DAYA,264,264,250,264,23900
5/19/2021,DCII,11000,11975,11000,11975,4600
5/19/2021,DEAL,87,95,87,91,2048600
5/19/2021,DEAL-W,45,45,45,45,200
5/19/2021,DEFI,1615,1615,1610,1610,4600
5/19/2021,DEWA,50,50,50,50,71200
5/19/2021,DFAM,151,159,151,156,15700
5/19/2021,DGIK,81,82,78,79,35566300
5/19/2021,DGNS,700,740,680,705,26671000
5/19/2021,DIGI,398,398,386,388,24500
5/19/2021,DILD,179,192,175,189,22794000
5/19/2021,DIVA,3170,3170,3100,3100,37800
5/19/2021,DKFT,165,166,160,162,7238200
5/19/2021,DLTA,3800,3810,3770,3800,139300
5/19/2021,DMAS,230,230,226,226,23244200
5/19/2021,DMMX,755,940,740,940,137664600
5/19/2021,DMND,845,880,805,805,73500
5/19/2021,DNAR,192,198,192,192,905900
5/19/2021,DNET,3260,3300,3260,3300,500
5/19/2021,DOID,378,398,372,388,271773900
5/19/2021,DPNS,278,280,274,278,41300
5/19/2021,DPUM,50,50,50,50,142500
5/19/2021,DSFI,67,72,67,68,1194700
5/19/2021,DSNG,580,585,565,570,27064500
5/19/2021,DSSA,11550,11550,11550,11550,200
5/19/2021,DUCK,188,197,183,186,16515000
5/19/2021,DUTI,3600,3600,3570,3600,1400
5/19/2021,DVLA,2350,2350,2300,2340,30400
5/19/2021,DWGL,167,182,158,178,95800
5/19/2021,DWGL-W,37,38,36,37,368500
5/19/2021,DYAN,82,82,77,77,1590300
5/19/2021,EAST,66,74,66,69,1065500
5/19/2021,EAST-W,10,11,9,10,5766900
5/19/2021,ECII,1100,1100,1100,1100,0
5/19/2021,EDGE,11000,11600,10975,11250,2100
5/19/2021,EKAD,1270,1285,1270,1275,113900
5/19/2021,ELSA,336,336,322,324,26882200
5/19/2021,ELTY,50,50,50,50,400
5/19/2021,EMDE,187,194,187,194,10500
5/19/2021,EMTK,2190,2320,2150,2270,61781800
5/19/2021,ENRG,108,110,103,103,36339400
5/19/2021,ENVY,50,50,50,50,0
5/19/2021,ENZO,50,50,50,50,60700
5/19/2021,ENZO-W,15,16,13,14,5438600
5/19/2021,EPAC,51,51,50,50,2150800
5/19/2021,EPMT,2280,2300,2270,2290,180800
5/19/2021,ERAA,580,590,565,585,44057800
5/19/2021,ERTX,187,220,187,198,904500
5/19/2021,ESIP,67,73,67,71,1622800
5/19/2021,ESIP-W,12,13,11,12,1559900
5/19/2021,ESSA,344,344,334,334,13404500
5/19/2021,ESTA,102,105,95,105,652400
5/19/2021,ESTI,109,110,107,110,3437700
5/19/2021,ETWA,62,62,62,62,0
5/19/2021,EXCL,2050,2090,2010,2060,28031700
5/19/2021,FAPA,2630,2630,2630,2630,7100
5/19/2021,FAST,1010,1015,1010,1010,12300
5/19/2021,FASW,7600,7600,7600,7600,0
5/19/2021,FILM,442,456,422,424,26749500
5/19/2021,FIMP,59,59,55,56,1568700
5/19/2021,FIMP-W,23,23,20,22,2353600
5/19/2021,FIRE,490,510,490,496,1100100
5/19/2021,FISH,3560,3560,3560,3560,0
5/19/2021,FITT,124,151,120,128,17616200
5/19/2021,FITT-W,45,58,45,50,5183500
5/19/2021,FMII,595,600,595,600,4900
5/19/2021,FOOD,101,109,101,103,2929800
5/19/2021,FORU,200,220,190,194,3050400
5/19/2021,FORZ,50,50,50,50,50700
5/19/2021,FPNI,240,254,240,242,4007100
5/19/2021,FREN,79,83,78,80,785769700
5/19/2021,FREN-W,32,37,31,32,12393900
5/19/2021,FREN-W2,39,48,38,43,990873200
5/19/2021,FUJI,177,195,177,184,153700
5/19/2021,GAMA,50,50,50,50,0
5/19/2021,GDST,131,132,123,125,25366200
5/19/2021,GDYR,1475,1495,1450,1495,7600
5/19/2021,GEMA,340,340,340,340,10000
5/19/2021,GEMS,3860,3900,3800,3810,37400
5/19/2021,GGRM,33800,33800,33050,33075,1242400
5/19/2021,GGRP,374,450,360,366,25700
5/19/2021,GHON,1760,1950,1745,1950,20400
5/19/2021,GIAA,322,322,316,316,5972500
5/19/2021,GJTL,865,885,855,860,6149200
5/19/2021,GLOB,244,244,242,242,3600
5/19/2021,GLVA,336,336,324,336,13400
5/19/2021,GMFI,117,117,114,115,2000100
5/19/2021,GMTD,16725,16725,16725,16725,0
5/19/2021,GOLD,280,286,278,280,20600
5/19/2021,GOLL,50,50,50,50,0
5/19/2021,GOOD,1645,1690,1630,1635,2211300
5/19/2021,GPRA,57,61,57,60,2235500
5/19/2021,GSMF,125,125,125,125,100
5/19/2021,GTBO,75,75,75,75,0
5/19/2021,GWSA,118,157,117,136,41574700
5/19/2021,GZCO,50,50,50,50,510200
5/19/2021,HADE,50,50,50,50,0
5/19/2021,HDFA,114,115,114,115,800
5/19/2021,HDIT,155,155,145,148,1659700
5/19/2021,HDTX,120,120,120,120,0
5/19/2021,HEAL,4650,4870,4650,4830,2732400
5/19/2021,HELI,340,340,318,338,30100
5/19/2021,HERO,950,990,950,985,4800
5/19/2021,HEXA,3520,3520,3490,3500,34700
5/19/2021,HITS,430,430,416,416,700
5/19/2021,HKMU,81,82,80,80,5124700
5/19/2021,HMSP,1260,1260,1220,1220,49634100
5/19/2021,HOKI,230,230,224,226,22020000
5/19/2021,HOME,50,50,50,50,0
5/19/2021,HOMI,2200,2200,2150,2150,541900
5/19/2021,HOTL,50,50,50,50,1100
5/19/2021,HRME,53,54,52,54,3181500
5/19/2021,HRTA,199,200,197,199,7411800
5/19/2021,HRUM,5750,5925,5700,5800,4413100
5/19/2021,IATA,50,50,50,50,22200
5/19/2021,IBFN,175,175,175,175,22100
5/19/2021,IBFN-W,17,19,17,18,45900
5/19/2021,IBST,5250,6500,5100,6500,1000
5/19/2021,ICBP,8300,8350,8250,8275,4186400
5/19/2021,ICON,102,104,99,100,1873600
5/19/2021,IDPR,200,206,196,206,9400
5/19/2021,IFII,141,143,140,140,45000
5/19/2021,IFSH,1050,1105,1035,1085,31100
5/19/2021,IGAR,356,356,354,356,194400
5/19/2021,IIKP,50,50,50,50,0
5/19/2021,IKAI,50,50,50,50,200
5/19/2021,IKAN,102,135,101,134,200154500
5/19/2021,IKBI,232,236,232,236,900
5/19/2021,IMAS,1010,1020,970,970,2748400
5/19/2021,IMJS,334,334,322,322,5208200
5/19/2021,IMPC,1740,1750,1725,1740,1449800
5/19/2021,INAF,2260,2260,2220,2230,246200
5/19/2021,INAI,342,344,340,344,6300
5/19/2021,INCF,104,105,100,101,1167800
5/19/2021,INCI,830,890,785,835,952800
5/19/2021,INCO,5275,5350,5025,5050,21685100
5/19/2021,INDF,6375,6450,6350,6375,6071500
5/19/2021,INDO,140,165,140,143,3297700
5/19/2021,INDO-W,80,80,62,71,1942300
5/19/2021,INDR,4650,4720,4450,4500,47900
5/19/2021,INDS,1945,1950,1915,1940,21600
5/19/2021,INDX,119,119,113,115,2759200
5/19/2021,INDY,1455,1495,1435,1440,13973600
5/19/2021,INKP,9425,9475,9100,9100,7570600
5/19/2021,INOV,182,182,164,164,475200
5/19/2021,INPC,152,153,146,148,2627200
5/19/2021,INPC-W,45,45,40,42,8111300
5/19/2021,INPP,630,660,625,645,1500
5/19/2021,INPS,1150,1390,1150,1360,34900
5/19/2021,INRU,750,830,750,825,4200
5/19/2021,INTA,150,150,150,150,148700
5/19/2021,INTD,204,204,186,186,413700
5/19/2021,INTP,12275,12375,12025,12025,1288500
5/19/2021,IPCC,505,505,492,496,2901800
5/19/2021,IPCM,274,274,260,266,1130200
5/19/2021,IPOL,168,170,163,168,2274500
5/19/2021,IPTV,242,264,240,264,94511600
5/19/2021,IPTV-W,28,40,28,39,22030000
5/19/2021,IRRA,1615,1630,1515,1585,6188200
5/19/2021,ISAT,6100,6150,5925,5950,1057400
5/19/2021,ISSP,276,284,272,276,29197000
5/19/2021,ITIC,496,498,492,492,1049300
5/19/2021,ITMA,535,540,525,540,118000
5/19/2021,ITMA-W,57,76,57,76,35000
5/19/2021,ITMG,13075,13100,12675,12775,2014400
5/19/2021,JAST,147,155,139,155,29583800
5/19/2021,JAWA,95,99,90,90,1019500
5/19/2021,JAYA,126,131,125,130,37405000
5/19/2021,JECC,5950,5950,5950,5950,0
5/19/2021,JGLE,50,50,50,50,0
5/19/2021,JIHD,438,438,438,438,100
5/19/2021,JKON,180,180,178,179,31300
5/19/2021,JKSW,60,60,60,60,0
5/19/2021,JMAS,170,170,156,163,5200
5/19/2021,JPFA,2040,2040,1950,1975,17756000
5/19/2021,JRPT,555,555,535,540,2270100
5/19/2021,JSKY,135,136,129,130,17965600
5/19/2021,JSMR,4130,4130,4000,4010,2537300
5/19/2021,JSPT,815,815,815,815,500
5/19/2021,JTPE,1225,1225,1215,1215,153200
5/19/2021,KAEF,2610,2630,2550,2550,1000800
5/19/2021,KARW,120,120,108,110,4908700
5/19/2021,KAYU,68,75,68,71,7322900
5/19/2021,KBAG,50,50,50,50,365200
5/19/2021,KBAG-W,8,8,7,7,7545100
5/19/2021,KBLI,336,336,328,336,249900
5/19/2021,KBLM,210,210,202,206,63500
5/19/2021,KBLV,410,410,410,410,10500
5/19/2021,KBRI,50,50,50,50,0
5/19/2021,KDSI,880,880,845,845,4700
5/19/2021,KEEN,380,404,380,402,8063700
5/19/2021,KEJU,1325,1325,1265,1295,76800
5/19/2021,KIAS,50,50,50,50,73000
5/19/2021,KICI,298,370,278,296,325900
5/19/2021,KIJA,202,202,197,197,17012700
5/19/2021,KINO,2100,2180,2100,2160,1346300
5/19/2021,KIOS,980,1115,950,970,45636700
5/19/2021,KJEN,530,530,530,530,0
5/19/2021,KKGI,268,278,252,252,223100
5/19/2021,KLBF,1445,1450,1430,1445,22644700
5/19/2021,KMDS,490,490,490,490,0
5/19/2021,KMTR,416,440,410,436,255700
5/19/2021,KOBX,169,222,163,180,62527900
5/19/2021,KOIN,167,169,163,163,113600
5/19/2021,KONI,2150,2150,2150,2150,24200
5/19/2021,KOPI,520,520,520,520,0
5/19/2021,KOTA,280,294,262,262,766952900
5/19/2021,KOTA-W,256,256,200,204,55100
5/19/2021,KPAL,50,50,50,50,1400
5/19/2021,KPAS,64,65,61,63,1660200
5/19/2021,KPAS-W,17,19,15,17,4407800
5/19/2021,KPIG,104,105,102,104,24590600
5/19/2021,KRAH,436,436,436,436,0
5/19/2021,KRAS,620,635,615,615,25183600
5/19/2021,KREN,138,138,124,124,35495200
5/19/2021,LAND,109,109,103,103,1588000
5/19/2021,LAPD,50,50,50,50,0
5/19/2021,LCGP,114,114,114,114,0
5/19/2021,LCKM,246,288,246,278,67900
5/19/2021,LEAD,50,50,50,50,110100
5/19/2021,LFLO,100,102,100,100,866600
5/19/2021,LFLO-W,11,11,10,10,5840200
5/19/2021,LIFE,5000,5000,5000,5000,9000
5/19/2021,LINK,4000,4030,3920,4000,3157100
5/19/2021,LION,396,408,396,396,54300
5/19/2021,LMAS,50,50,50,50,0
5/19/2021,LMPI,128,129,120,120,606500
5/19/2021,LMSH,1215,1455,1215,1455,1380300
5/19/2021,LPCK,1130,1130,1095,1095,1699800
5/19/2021,LPGI,3630,3630,3630,3630,1400
5/19/2021,LPIN,240,250,240,250,10300
5/19/2021,LPKR,174,174,162,166,142447300
5/19/2021,LPLI,193,216,185,186,3834700
5/19/2021,LPPF,1865,1915,1765,1765,27522900
5/19/2021,LPPS,119,126,113,116,9867200
5/19/2021,LRNA,175,238,175,204,1051900
5/19/2021,LSIP,1375,1380,1350,1360,12188100
5/19/2021,LTLS,545,545,530,530,512400
5/19/2021,LUCK,246,280,236,264,46827200
5/19/2021,LUCY,61,61,61,61,4381000
5/19/2021,LUCY-W,15,16,14,14,9635800
5/19/2021,MABA,50,50,50,50,0
5/19/2021,MAGP,50,50,50,50,300
5/19/2021,MAIN,885,885,855,855,3037400
5/19/2021,MAMI,50,50,50,50,12400
5/19/2021,MAMI-W,8,8,7,8,1042700
5/19/2021,MAMIP,600,600,600,600,0
5/19/2021,MAPA,2230,2230,2140,2150,90200
5/19/2021,MAPB,1330,1330,1330,1330,100
5/19/2021,MAPI,770,770,730,740,10072400
5/19/2021,MARI,264,286,264,276,245623900
5/19/2021,MARK,940,965,935,940,4113300
5/19/2021,MASA,1360,1360,1360,1360,0
5/19/2021,MAYA,1800,1800,1750,1750,156900
5/19/2021,MBAP,3030,3030,3000,3010,47900
5/19/2021,MBSS,462,462,454,456,1304500
5/19/2021,MBTO,120,140,114,126,3087300
5/19/2021,MCAS,4950,5125,4850,5025,952000
5/19/2021,MCOR,131,131,126,127,23044300
5/19/2021,MDIA,52,55,51,52,12516700
5/19/2021,MDKA,2630,2640,2590,2630,80697200
5/19/2021,MDKI,210,214,208,212,620300
5/19/2021,MDLN,51,51,51,51,0
5/19/2021,MDRN,50,50,50,50,0
5/19/2021,MEDC,755,780,740,740,117013400
5/19/2021,MEGA,8175,8175,7975,8000,11100
5/19/2021,MERK,3120,3330,3090,3210,85100
5/19/2021,META,136,137,129,129,4939600
5/19/2021,MFIN,1125,1125,1125,1125,0
5/19/2021,MFMI,660,705,650,655,32400
5/19/2021,MGNA,50,50,50,50,0
5/19/2021,MGRO,725,725,715,720,3770100
5/19/2021,MICE,344,356,338,338,132900
5/19/2021,MIDI,2000,2050,2000,2050,700
5/19/2021,MIKA,2620,2660,2590,2610,30512500
5/19/2021,MINA,61,68,61,66,4213100
5/19/2021,MIRA,50,50,50,50,0
5/19/2021,MITI,63,63,63,63,0
5/19/2021,MKNT,50,50,50,50,334200
5/19/2021,MKPI,25800,25800,25800,25800,0
5/19/2021,MLBI,8750,8775,8700,8750,64400
5/19/2021,MLIA,1170,1295,1130,1290,6886900
5/19/2021,MLPL,346,412,340,362,1173711900
5/19/2021,MLPT,1840,1845,1720,1720,295300
5/19/2021,MMLP,420,422,408,410,6036000
5/19/2021,MNCN,920,940,915,925,41263000
5/19/2021,MOLI,875,875,870,870,3500
5/19/2021,MPMX,720,745,710,720,13936200
5/19/2021,MPOW,114,122,114,118,3575900
5/19/2021,MPPA,1055,1090,985,1055,189585000
5/19/2021,MPRO,600,600,590,590,200
5/19/2021,MRAT,210,216,204,210,993000
5/19/2021,MREI,4950,4950,4950,4950,500
5/19/2021,MSIN,145,149,143,148,975500
5/19/2021,MSKY,650,650,650,650,30800
5/19/2021,MTDL,1705,1710,1695,1700,596600
5/19/2021,MTFN,50,50,50,50,41000
5/19/2021,MTLA,426,426,426,426,2900
5/19/2021,MTPS,133,135,127,127,707100
5/19/2021,MTRA,244,244,244,244,0
5/19/2021,MTSM,173,173,173,173,300
5/19/2021,MTWI,135,141,135,136,1919500
5/19/2021,MYOH,1430,1430,1400,1430,28300
5/19/2021,MYOR,2530,2540,2460,2510,1043800
5/19/2021,MYRX,50,50,50,50,0
5/19/2021,MYRXP,50,50,50,50,0
5/19/2021,MYTX,128,138,119,125,24532400
5/19/2021,NASA,104,104,104,104,0
5/19/2021,NATO,595,600,555,575,247705800
5/19/2021,NATO-W,173,390,173,390,200
5/19/2021,NELY,214,218,206,218,5660500
5/19/2021,NFCX,3020,3800,3000,3730,2384500
5/19/2021,NICK,268,268,268,268,100
5/19/2021,NIKL,1005,1005,975,980,995400
5/19/2021,NIPS,282,282,282,282,0
5/19/2021,NIRO,152,152,142,151,21200
5/19/2021,NISP,805,805,800,805,72400
5/19/2021,NOBU,810,815,805,805,334000
5/19/2021,NPGF,102,111,98,103,102753300
5/19/2021,NRCA,300,306,300,304,339300
5/19/2021,NUSA,50,50,50,50,0
5/19/2021,NZIA,157,168,153,160,576700
5/19/2021,OASA,270,280,244,262,206000
5/19/2021,OCAP,159,159,159,159,0
5/19/2021,OKAS,90,90,88,89,902500
5/19/2021,OMRE,1380,1665,1380,1380,458400
5/19/2021,OPMS,655,685,640,665,13461900
5/19/2021,PADI,50,50,50,50,3400
5/19/2021,PALM,358,366,342,346,2538500
5/19/2021,PAMG,83,83,81,81,660100
5/19/2021,PANI,109,115,105,112,145500
5/19/2021,PANR,137,137,134,135,514300
5/19/2021,PANS,1170,1185,1170,1175,632200
5/19/2021,PBID,1965,1990,1925,1930,2491300
5/19/2021,PBRX,158,158,149,153,4877300
5/19/2021,PBSA,500,530,500,530,1900
5/19/2021,PCAR,254,254,242,250,24300
5/19/2021,PDES,308,308,300,300,80200
5/19/2021,PEGE,148,166,138,158,24600
5/19/2021,PEHA,1185,1210,1185,1190,114200
5/19/2021,PGAS,1140,1140,1100,1110,80498400
5/19/2021,PGJO,49,49,47,49,20300
5/19/2021,PGLI,200,202,194,202,67700
5/19/2021,PGUN,216,230,216,230,3200
5/19/2021,PICO,132,134,132,134,94200
5/19/2021,PJAA,535,540,525,525,120600
5/19/2021,PKPK,63,70,63,64,4853100
5/19/2021,PLAN,31,31,29,30,4079600
5/19/2021,PLAN-W,9,9,8,9,4318800
5/19/2021,PLAS,50,50,50,50,0
5/19/2021,PLIN,2450,2450,2450,2450,0
5/19/2021,PMJS,120,120,115,115,449600
5/19/2021,PMMP,356,370,350,358,18517800
5/19/2021,PNBN,875,880,860,870,1530900
5/19/2021,PNBS,136,139,127,127,198677600
5/19/2021,PNGO,1450,1450,1450,1450,0
5/19/2021,PNIN,755,755,735,755,228200
5/19/2021,PNLF,185,186,181,181,22118500
5/19/2021,PNSE,488,488,488,488,0
5/19/2021,POLA,153,157,149,149,408400
5/19/2021,POLA-W,66,70,63,63,13500
5/19/2021,POLI,1360,1360,1360,1360,0
5/19/2021,POLL,2500,2540,2300,2410,4824800
5/19/2021,POLU,440,440,436,436,400
5/19/2021,POLY,63,63,59,61,1342100
5/19/2021,POOL,50,50,50,50,0
5/19/2021,PORT,466,466,434,442,700
5/19/2021,POSA,50,50,50,50,0
5/19/2021,POWR,670,680,660,665,4540100
5/19/2021,PPGL,64,65,60,61,13821000
5/19/2021,PPGL-W,11,12,11,11,1125900
5/19/2021,PPRE,189,191,186,187,15889800
5/19/2021,PPRO,81,88,81,83,500552500
5/19/2021,PRAS,144,148,138,140,258000
5/19/2021,PRDA,4410,4480,4370,4430,108500
5/19/2021,PRIM,186,186,180,182,363700
5/19/2021,PSAB,204,206,195,199,65861200
5/19/2021,PSDN,172,173,166,166,37000
5/19/2021,PSGO,120,122,120,122,31200
5/19/2021,PSKT,50,50,50,50,2100
5/19/2021,PSSI,250,250,244,248,1406400
5/19/2021,PTBA,2270,2280,2220,2230,17102600
5/19/2021,PTDU,2140,2220,2140,2210,1411300
5/19/2021,PTIS,372,374,294,310,27100
5/19/2021,PTPP,1175,1180,1125,1135,16775600
5/19/2021,PTPW,1180,1180,1165,1165,391100
5/19/2021,PTRO,2070,2080,2010,2020,511700
5/19/2021,PTSN,198,200,197,197,224700
5/19/2021,PTSP,5600,5600,5600,5600,500
5/19/2021,PUDP,236,238,226,238,63400
5/19/2021,PURA,115,124,113,123,615389700
5/19/2021,PURA-W,26,32,26,30,34883700
5/19/2021,PURE,112,115,108,109,5893500
5/19/2021,PURI,390,390,390,390,100
5/19/2021,PWON,505,510,498,498,28577700
5/19/2021,PYFA,910,975,910,970,1294200
5/19/2021,PZZA,665,665,650,660,1422800
5/19/2021,R-ABFII,28600,28600,28600,28600,0
5/19/2021,R-LQ45X,921,921,905,905,38000
5/19/2021,RAJA,230,232,220,222,20112300
5/19/2021,RALS,710,715,690,705,21673400
5/19/2021,RANC,640,785,590,735,16019800
5/19/2021,RBMS,52,55,50,50,29400500
5/19/2021,RDTX,7250,7250,7250,7250,0
5/19/2021,REAL,50,50,50,50,2700
5/19/2021,RELI,328,328,328,328,0
5/19/2021,RICY,103,107,98,103,160600
5/19/2021,RIGS,208,208,200,200,322200
5/19/2021,RIMO,50,50,50,50,0
5/19/2021,RISE,438,438,436,438,305200
5/19/2021,RMBA,294,296,294,296,3800
5/19/2021,ROCK,515,550,515,545,2800
5/19/2021,RODA,68,83,67,71,33492600
5/19/2021,RONY,152,152,151,151,2700
5/19/2021,ROTI,1380,1385,1300,1350,1172800
5/19/2021,RUIS,238,244,238,242,1052900
5/19/2021,SAFE,165,197,164,170,68000
5/19/2021,SAME,535,535,520,520,18128100
5/19/2021,SAMF,1735,2030,1700,1900,56703800
5/19/2021,SAPX,1105,1105,1050,1075,54600
5/19/2021,SATU,51,51,50,50,1437700
5/19/2021,SBAT,50,50,50,50,564600
5/19/2021,SBAT-W,9,10,9,10,4261400
5/19/2021,SCCO,11350,11350,11350,11350,0
5/19/2021,SCMA,1435,1490,1415,1475,13834300
5/19/2021,SCNP,248,248,236,240,753500
5/19/2021,SCPI,29000,29000,29000,29000,0
5/19/2021,SDMU,53,54,50,50,9481700
5/19/2021,SDPC,130,131,130,130,98600
5/19/2021,SDRA,685,685,670,680,53800
5/19/2021,SFAN,1290,1295,1290,1295,162400
5/19/2021,SGER,248,266,246,256,2568200
5/19/2021,SGER-W,125,125,103,120,17200
5/19/2021,SGRO,1935,1970,1935,1955,11600
5/19/2021,SHID,2440,2480,2400,2480,3200
5/19/2021,SHIP,680,685,670,680,1159700
5/19/2021,SIDO,780,780,765,765,4545300
5/19/2021,SILO,8400,8500,8325,8325,392400
5/19/2021,SIMA,50,50,50,50,0
5/19/2021,SIMP,565,565,540,545,6343800
5/19/2021,SINI,318,338,318,338,2100
5/19/2021,SINI-W,180,180,180,180,0
5/19/2021,SIPD,1275,1275,1200,1200,2800
5/19/2021,SKBM,372,372,338,356,4000
5/19/2021,SKLT,2250,2490,2200,2470,6100
5/19/2021,SKRN,685,700,655,660,1897600
5/19/2021,SKYB,51,51,51,51,0
5/19/2021,SLIS,9275,9275,9200,9225,3900
5/19/2021,SMAR,4810,5200,4810,5000,45000
5/19/2021,SMBR,720,720,695,700,3256600
5/19/2021,SMCB,1720,1745,1720,1720,11600
5/19/2021,SMDM,123,126,121,124,204800
5/19/2021,SMDR,490,505,464,484,8080300
5/19/2021,SMGR,9500,9550,9150,9275,4802100
5/19/2021,SMKL,202,204,200,204,736000
5/19/2021,SMKL-W,14,15,14,14,2382000
5/19/2021,SMMA,13000,13000,13000,13000,0
5/19/2021,SMMT,92,96,92,95,81300
5/19/2021,SMRA,935,945,915,920,4791200
5/19/2021,SMRU,50,50,50,50,0
5/19/2021,SMSM,1210,1215,1200,1200,353000
5/19/2021,SNLK,810,810,785,790,15457200
5/19/2021,SOCI,228,232,216,216,48515800
5/19/2021,SOFA,93,97,93,97,7100
5/19/2021,SOFA-W,6,7,6,7,4219700
5/19/2021,SOHO,4750,4950,4750,4800,14300
5/19/2021,SONA,5475,5475,5475,5475,0
5/19/2021,SOSS,394,394,378,388,8500
5/19/2021,SOSS-W,38,38,36,36,24800
5/19/2021,SOTS,454,480,448,476,4818500
5/19/2021,SOTS-W,63,125,63,102,189100
5/19/2021,SPMA,550,565,550,560,145600
5/19/2021,SPTO,468,472,468,468,313600
5/19/2021,SQMI,306,306,298,300,993600
5/19/2021,SRAJ,157,168,151,151,113800
5/19/2021,SRIL,146,146,146,146,0
5/19/2021,SRSN,57,58,55,56,8223900
5/19/2021,SRTG,1100,1135,1090,1115,4406800
5/19/2021,SSIA,448,448,442,444,1141300
5/19/2021,SSMS,915,925,865,880,8205100
5/19/2021,SSTM,436,478,436,478,1900
5/19/2021,STAR,110,110,99,100,79100
5/19/2021,STTP,7300,7300,6850,7000,600
5/19/2021,SUGI,50,50,50,50,0
5/19/2021,SULI,50,50,50,50,5400
5/19/2021,SUPR,6400,6400,6400,6400,0
5/19/2021,SURE,2000,2000,2000,2000,0
5/19/2021,SWAT,94,110,92,94,7732200
5/19/2021,TALF,288,288,286,288,4600
5/19/2021,TAMA,52,52,51,51,1647800
5/19/2021,TAMA-W,12,14,12,13,743200
5/19/2021,TAMU,50,50,50,50,100
5/19/2021,TAPG,780,795,760,785,132428000
5/19/2021,TARA,50,50,50,50,1400
5/19/2021,TAXI,50,50,50,50,0
5/19/2021,TBIG,2500,2560,2400,2410,54782600
5/19/2021,TBLA,885,890,875,875,1630900
5/19/2021,TBMS,1480,1550,1380,1550,39000
5/19/2021,TCID,6025,6050,6025,6025,11900
5/19/2021,TCPI,7725,7875,7625,7775,15054300
5/19/2021,TDPM,119,119,119,119,0
5/19/2021,TEBE,430,430,402,402,142700
5/19/2021,TECH,2380,2380,2380,2380,0
5/19/2021,TELE,121,121,121,121,0
5/19/2021,TFAS,2900,2900,2900,2900,0
5/19/2021,TFCO,410,410,410,410,0
5/19/2021,TGKA,9025,9025,8850,8900,17800
5/19/2021,TGRA,126,129,122,123,43297300
5/19/2021,TIFA,1115,1115,1045,1110,1400
5/19/2021,TINS,1755,1790,1720,1730,45239600
5/19/2021,TIRA,270,270,268,270,1200
5/19/2021,TIRT,50,51,50,50,243400
5/19/2021,TKIM,10800,10800,10000,10200,3324500
5/19/2021,TLKM,3150,3220,3150,3160,48958100
5/19/2021,TMAS,228,282,226,282,18169100
5/19/2021,TMPO,133,149,133,146,27800
5/19/2021,TNCA,340,366,340,348,52200
5/19/2021,TOBA,500,500,494,498,49000
5/19/2021,TOPS,50,50,50,50,1100
5/19/2021,TOTL,318,320,316,316,623300
5/19/2021,TOTO,212,212,210,212,299200
5/19/2021,TOWR,1185,1185,1165,1175,27565200
5/19/2021,TOYS,157,166,147,147,69227300
5/19/2021,TOYS-W,16,18,14,15,17155200
5/19/2021,TPIA,7975,7975,7425,7450,10567100
5/19/2021,TPMA,1020,1020,1020,1020,1000
5/19/2021,TRAM,50,50,50,50,0
5/19/2021,TRIL,50,50,50,50,0
5/19/2021,TRIM,134,134,128,134,559700
5/19/2021,TRIN,160,162,153,159,2503400
5/19/2021,TRIN-W,17,17,15,16,7309600
5/19/2021,TRIO,426,426,426,426,0
5/19/2021,TRIS,138,138,132,132,1536100
5/19/2021,TRIS-W,14,30,14,30,200
5/19/2021,TRJA,171,171,164,171,91300
5/19/2021,TRST,430,436,430,436,69900
5/19/2021,TRUK,92,106,89,94,26721500
5/19/2021,TRUS,290,304,290,292,7000
5/19/2021,TSPC,1505,1520,1495,1500,1038400
5/19/2021,TUGU,1535,1545,1515,1520,58000
5/19/2021,TURI,1260,1310,1260,1310,204500
5/19/2021,UANG,484,486,466,484,352800
5/19/2021,UCID,1550,1575,1545,1560,549700
5/19/2021,UFOE,1010,1010,1010,1010,0
5/19/2021,ULTJ,1535,1535,1515,1530,1681500
5/19/2021,UNIC,7200,7450,7200,7450,800
5/19/2021,UNIQ,108,108,104,104,5452500
5/19/2021,UNIT,316,316,316,316,0
5/19/2021,UNSP,115,116,111,114,103100
5/19/2021,UNTR,21900,21950,21725,21875,2617700
5/19/2021,UNVR,5550,5550,5425,5450,16176000
5/19/2021,URBN,456,456,408,432,89600
5/19/2021,URBN-W,30,32,29,31,750200
5/19/2021,VICI,360,362,358,360,2438400
5/19/2021,VICO,133,138,131,135,327300
5/19/2021,VINS,103,106,102,105,601200
5/19/2021,VIVA,55,57,55,56,55965200
5/19/2021,VOKS,196,200,196,198,13700
5/19/2021,VRNA,161,166,150,152,1582500
5/19/2021,WAPO,96,100,94,94,2490300
5/19/2021,WEGE,200,202,199,199,12751600
5/19/2021,WEHA,71,72,68,68,1252400
5/19/2021,WICO,406,428,406,428,200
5/19/2021,WIFI,1055,1100,1015,1030,37191000
5/19/2021,WIFI-W,690,690,500,505,193600
5/19/2021,WIIM,710,725,675,710,18014100
5/19/2021,WIKA,1365,1370,1290,1315,16065300
5/19/2021,WINS,99,107,96,104,77580900
5/19/2021,WMUU,196,197,193,193,23402600
5/19/2021,WOMF,242,242,240,240,637600
5/19/2021,WOOD,775,780,755,780,11477500
5/19/2021,WOWS,52,53,51,51,13944200
5/19/2021,WSBP,184,184,178,178,16907500
5/19/2021,WSKT,1015,1020,990,1000,15700000
5/19/2021,WTON,282,284,276,276,5018900
5/19/2021,XAFA,1067,1067,1067,1067,100
5/19/2021,XAQA,860,860,849,849,1100
5/19/2021,XBES,854,854,854,854,100
5/19/2021,XBID,473,473,473,473,100
5/19/2021,XBIN,449,449,449,449,0
5/19/2021,XBLQ,438,438,438,438,0
5/19/2021,XBNI,930,930,930,930,1100
5/19/2021,XBSK,349,349,349,349,0
5/19/2021,XCID,85,87,83,86,21700
5/19/2021,XCIS,105,105,105,105,0
5/19/2021,XCLQ,91,91,87,87,114400
5/19/2021,XDIF,430,430,430,430,100
5/19/2021,XDSG,881,881,881,881,100
5/19/2021,XIFE,93,93,93,93,201000
5/19/2021,XIHD,425,428,424,424,48300
5/19/2021,XIIC,938,938,931,931,11000
5/19/2021,XIID,468,468,464,464,4400
5/19/2021,XIIF,529,529,521,521,17000
5/19/2021,XIIT,482,483,478,479,123000
5/19/2021,XIJI,575,576,560,560,79800
5/19/2021,XILV,104,104,104,104,1200
5/19/2021,XIML,243,243,243,243,400
5/19/2021,XIPI,161,161,160,160,4700
5/19/2021,XISB,398,398,398,398,0
5/19/2021,XISC,687,687,675,675,34400
5/19/2021,XISI,309,311,306,306,1300
5/19/2021,XISR,346,346,340,344,31600
5/19/2021,XKIV,450,450,450,450,0
5/19/2021,XKMS,962,963,943,944,20600
5/19/2021,XMIG,158,158,158,158,100
5/19/2021,XMJM,1001,1001,1001,1001,0
5/19/2021,XMTS,430,430,427,427,5200
5/19/2021,XNVE,138,138,138,138,82000
5/19/2021,XPCR,825,825,825,825,100
5/19/2021,XPDV,415,415,415,415,0
5/19/2021,XPES,357,357,350,350,5000
5/19/2021,XPFT,488,488,488,488,0
5/19/2021,XPID,474,474,474,474,0
5/19/2021,XPLC,413,413,413,413,0
5/19/2021,XPLQ,448,448,448,448,0
5/19/2021,XPMI,840,840,835,835,800
5/19/2021,XPSG,368,368,368,368,0
5/19/2021,XPTD,476,476,476,476,0
5/19/2021,XSBC,100,100,100,100,100
5/19/2021,XSMU,125,125,125,125,0
5/19/2021,XSPI,750,750,750,750,0
5/19/2021,XSRI,171,172,171,172,600
5/19/2021,XSSI,80,80,79,80,44300
5/19/2021,XSSK,584,584,584,584,100
5/19/2021,YELO,109,109,103,105,5528200
5/19/2021,YELO-W,30,31,29,29,1018000
5/19/2021,YPAS,400,400,400,400,800
5/19/2021,YULE,438,438,438,438,6300
5/19/2021,ZBRA,960,960,895,910,1448400
5/19/2021,ZINC,164,168,153,153,737591400
5/19/2021,ZONE,430,430,430,430,137900
5/19/2021,ZYRX,505,515,486,486,3897300
5/19/2021,ZYRX-W,51,53,50,51,2412800
