<date>,<ticker>,<open>,<high>,<low>,<close>,<volume>
9/24/2021,IHSG,6142.287,6163.884,6119.137,6144.815,210552627
9/24/2021,AALI,8500,8550,8400,8400,661800
9/24/2021,ABBA,600,600,565,590,25592300
9/24/2021,ABDA,6950,6950,6950,6950,0
9/24/2021,ABMM,1250,1250,1175,1200,1586100
9/24/2021,ACES,1305,1310,1285,1290,18472100
9/24/2021,ACST,248,250,246,248,10128100
9/24/2021,ADES,2800,2810,2750,2800,308800
9/24/2021,ADHI,910,920,895,905,19744700
9/24/2021,ADMF,7725,7725,7675,7700,79600
9/24/2021,ADMG,216,222,214,216,1870600
9/24/2021,ADRO,1430,1515,1425,1500,303647800
9/24/2021,AGAR,356,356,356,356,1300
9/24/2021,AGII,1360,1415,1360,1395,8378500
9/24/2021,AGRO,2470,2610,2430,2570,153440800
9/24/2021,AGRS,244,244,228,228,20560300
9/24/2021,AHAP,70,72,69,70,12188000
9/24/2021,AIMS,338,338,332,336,19700
9/24/2021,AISA,204,208,202,202,11437600
9/24/2021,AKKU,50,51,50,50,3171700
9/24/2021,AKPI,580,605,560,590,8100
9/24/2021,AKRA,4120,4240,4080,4130,13046200
9/24/2021,AKSI,416,426,412,414,18300
9/24/2021,ALDO,715,740,705,730,5787700
9/24/2021,ALKA,272,272,254,254,130300
9/24/2021,ALMI,236,238,236,238,900
9/24/2021,ALTO,304,324,304,324,16800
9/24/2021,AMAG,330,380,330,344,2326100
9/24/2021,AMAN,448,450,448,450,1918100
9/24/2021,AMAR,296,298,286,286,3491400
9/24/2021,AMFG,3950,3950,3900,3900,2100
9/24/2021,AMIN,191,191,186,190,3200
9/24/2021,AMOR,3800,3850,3750,3800,8868100
9/24/2021,AMRT,1380,1390,1315,1330,14493500
9/24/2021,ANDI,50,50,50,50,29200
9/24/2021,ANJT,695,695,690,695,17100
9/24/2021,ANTM,2290,2340,2280,2290,159085400
9/24/2021,APEX,530,540,530,530,11700
9/24/2021,APIC,865,875,860,870,9287300
9/24/2021,APII,186,190,184,184,140700
9/24/2021,APLI,206,210,206,208,60200
9/24/2021,APLN,127,128,124,126,8836100
9/24/2021,ARCI,565,580,550,580,17572700
9/24/2021,ARGO,1645,1860,1645,1820,24400
9/24/2021,ARII,304,318,286,304,312500
9/24/2021,ARKA,117,118,109,109,89398800
9/24/2021,ARMY,50,50,50,50,0
9/24/2021,ARNA,735,745,725,735,779100
9/24/2021,ARTA,1470,1525,1465,1520,210200
9/24/2021,ARTI,50,50,50,50,20600
9/24/2021,ARTO,16675,16700,15850,15950,30631800
9/24/2021,ASBI,274,274,270,270,34200
9/24/2021,ASDM,890,890,885,890,8800
9/24/2021,ASGR,755,755,745,755,84400
9/24/2021,ASII,5150,5225,5125,5150,29394300
9/24/2021,ASJT,151,163,143,157,17829000
9/24/2021,ASMI,300,300,300,300,615000
9/24/2021,ASPI,93,97,93,93,12481800
9/24/2021,ASPI-W,25,25,20,20,19563700
9/24/2021,ASRI,172,172,167,167,18642200
9/24/2021,ASRM,1730,1730,1725,1725,300
9/24/2021,ASSA,3400,3570,3290,3330,17854000
9/24/2021,ATAP,102,103,99,102,162200
9/24/2021,ATIC,705,710,690,700,234200
9/24/2021,AUTO,1010,1015,1005,1005,1677200
9/24/2021,AYLS,230,242,214,216,48477900
9/24/2021,BABP,298,310,280,280,621503000
9/24/2021,BABP-W3,103,230,103,181,10900
9/24/2021,BABP-W4,250,250,230,240,92300
9/24/2021,BACA,370,370,346,352,223901500
9/24/2021,BACA-W2,202,202,202,202,100
9/24/2021,BAJA,372,374,364,364,848100
9/24/2021,BALI,720,720,705,710,743900
9/24/2021,BANK,3150,3150,3090,3090,20247900
9/24/2021,BANK-W,2880,2880,2880,2880,0
9/24/2021,BAPA,71,72,66,68,29176500
9/24/2021,BAPI,50,50,50,50,7000
9/24/2021,BAPI-W,6,7,5,7,11963300
9/24/2021,BATA,700,720,700,720,28600
9/24/2021,BAYU,1000,1000,1000,1000,1200
9/24/2021,BBCA,32500,32925,32500,32925,12107900
9/24/2021,BBHI,3890,4100,3770,4010,16981000
9/24/2021,BBKP,430,434,426,426,77539600
9/24/2021,BBLD,412,412,412,412,10100
9/24/2021,BBMD,1920,2010,1910,1930,111600
9/24/2021,BBNI,5125,5175,5075,5100,19727500
9/24/2021,BBRI,3790,3860,3770,3820,634549600
9/24/2021,BBRM,50,50,50,50,27900
9/24/2021,BBSI,5925,6100,5925,5925,38900
9/24/2021,BBSS,58,58,54,54,18964000
9/24/2021,BBTN,1380,1390,1360,1365,15656200
9/24/2021,BBYB,1455,1495,1435,1465,39012100
9/24/2021,BCAP,111,113,110,110,27805700
9/24/2021,BCIC,224,230,206,208,6862200
9/24/2021,BCIP,69,70,65,65,17501000
9/24/2021,BDMN,2570,2600,2530,2530,2730000
9/24/2021,BEBS,1370,1460,1365,1420,28312300
9/24/2021,BEEF,87,88,83,85,10130300
9/24/2021,BEKS,99,100,98,98,70526900
9/24/2021,BELL,138,142,138,138,121800
9/24/2021,BESS,1000,1000,950,950,61400
9/24/2021,BESS-W,765,765,765,765,1100
9/24/2021,BEST,127,127,122,123,8144600
9/24/2021,BFIN,1040,1065,1015,1065,84386400
9/24/2021,BGTG,216,224,210,210,87865700
9/24/2021,BHAT,810,810,795,810,1515100
9/24/2021,BHIT,89,89,84,84,247548300
9/24/2021,BIKA,312,334,282,282,1034900
9/24/2021,BIMA,196,196,196,196,901200
9/24/2021,BINA,3970,4000,3870,3950,782900
9/24/2021,BIPI,50,50,50,50,171800
9/24/2021,BIPI-W,10,11,9,10,7306400
9/24/2021,BIPP,56,63,56,57,67410300
9/24/2021,BIRD,1205,1205,1170,1200,2339600
9/24/2021,BISI,1030,1030,1010,1025,163600
9/24/2021,BJBR,1365,1375,1335,1340,4515800
9/24/2021,BJTM,715,715,705,710,4193300
9/24/2021,BKDP,52,53,51,52,3224800
9/24/2021,BKSL,63,64,61,62,73338600
9/24/2021,BKSW,212,214,204,206,10238900
9/24/2021,BLTA,50,50,50,50,5800
9/24/2021,BLTZ,3390,3590,3390,3400,3500
9/24/2021,BLUE,760,765,740,755,143900
9/24/2021,BMAS,1250,1265,1250,1255,5900
9/24/2021,BMHS,1090,1100,1085,1085,96567400
9/24/2021,BMRI,6075,6100,5925,5975,25139200
9/24/2021,BMSR,214,216,198,199,6041300
9/24/2021,BMTR,268,270,266,266,21747600
9/24/2021,BNBA,1300,1340,1290,1305,3607900
9/24/2021,BNBR,50,50,50,50,2500
9/24/2021,BNGA,980,985,975,975,1360100
9/24/2021,BNII,338,338,332,334,1409900
9/24/2021,BNLI,1760,1765,1750,1750,329700
9/24/2021,BOGA,1370,1395,1370,1380,130007700
9/24/2021,BOLA,620,725,620,650,77980300
9/24/2021,BOLT,685,685,685,685,0
9/24/2021,BOSS,89,97,88,88,280238200
9/24/2021,BPFI,1000,1000,1000,1000,500
9/24/2021,BPII,4750,4750,4750,4750,1875000
9/24/2021,BPTR,208,212,196,202,3159600
9/24/2021,BRAM,5700,5850,5700,5850,300
9/24/2021,BRIS,2140,2170,2100,2110,33830500
9/24/2021,BRMS,96,97,94,95,377380900
9/24/2021,BRMS-W,26,27,25,26,71152500
9/24/2021,BRNA,1400,1400,1300,1320,4400
9/24/2021,BRPT,995,1005,965,975,35103700
9/24/2021,BSDE,970,985,965,980,16984400
9/24/2021,BSIM,1015,1035,1010,1015,596600
9/24/2021,BSSR,2100,2200,2100,2110,416400
9/24/2021,BSWD,1750,1750,1750,1750,0
9/24/2021,BTEK,50,50,50,50,10600
9/24/2021,BTEL,50,50,50,50,0
9/24/2021,BTON,498,515,498,515,328300
9/24/2021,BTPN,2750,2750,2730,2740,40800
9/24/2021,BTPS,3390,3610,3370,3480,11107100
9/24/2021,BUDI,182,184,180,182,8729500
9/24/2021,BUKA,880,895,875,885,266931300
9/24/2021,BUKK,1005,1010,1005,1010,15500
9/24/2021,BULL,270,278,270,274,153445100
9/24/2021,BULL-W2,53,65,53,56,1010200
9/24/2021,BUMI,53,58,53,56,584708600
9/24/2021,BUVA,60,60,60,60,0
9/24/2021,BVIC,159,160,155,156,5733700
9/24/2021,BWPT,72,72,70,70,19389400
9/24/2021,BYAN,15900,17975,15900,17425,185500
9/24/2021,CAKK,114,115,107,107,26374100
9/24/2021,CAMP,344,344,318,318,3471500
9/24/2021,CANI,126,134,124,127,805200
9/24/2021,CARE,434,436,424,426,402152000
9/24/2021,CARS,50,50,50,50,10900
9/24/2021,CASA,398,398,398,398,0
9/24/2021,CASH,159,164,152,154,26750800
9/24/2021,CASS,382,426,382,426,4613600
9/24/2021,CBMF,105,124,105,112,122736100
9/24/2021,CCSI,545,620,545,595,10916600
9/24/2021,CEKA,1780,1790,1775,1775,26500
9/24/2021,CENT,314,318,310,310,24039700
9/24/2021,CFIN,260,262,258,258,970700
9/24/2021,CINT,189,190,185,190,17800
9/24/2021,CITA,2970,2970,2960,2960,1200
9/24/2021,CITY,149,149,145,148,65100
9/24/2021,CITY-W,58,58,58,58,0
9/24/2021,CLAY,790,840,790,840,600
9/24/2021,CLEO,450,452,448,450,3888000
9/24/2021,CLPI,1030,1035,1025,1030,43500
9/24/2021,CMNP,1365,1425,1265,1265,953500
9/24/2021,CMNP-W,410,410,312,366,70900
9/24/2021,CMNT,945,960,945,960,26863700
9/24/2021,CMPP,184,184,184,184,0
9/24/2021,CNKO,50,50,50,50,10400
9/24/2021,CNTB,250,250,250,250,0
9/24/2021,CNTX,184,188,178,180,7000
9/24/2021,COCO,290,296,274,276,23926800
9/24/2021,COCO-W,376,376,376,376,0
9/24/2021,COWL,50,50,50,50,0
9/24/2021,CPIN,6500,6600,6400,6600,3600600
9/24/2021,CPRI,50,50,50,50,0
9/24/2021,CPRI-W,12,12,12,12,0
9/24/2021,CPRO,50,50,50,50,0
9/24/2021,CSAP,550,550,535,545,18700
9/24/2021,CSIS,88,117,86,107,688414100
9/24/2021,CSMI,3270,3270,3270,3270,100
9/24/2021,CSRA,314,340,310,318,4218700
9/24/2021,CTBN,3700,3700,3700,3700,200
9/24/2021,CTRA,910,915,890,895,17696300
9/24/2021,CTTH,51,55,50,51,51791300
9/24/2021,DADA,50,50,50,50,4895000
9/24/2021,DADA-W,15,15,14,15,27185600
9/24/2021,DART,210,210,204,210,10900
9/24/2021,DAYA,260,260,248,256,977800
9/24/2021,DCII,46750,47250,46500,47250,18200
9/24/2021,DEAL,50,50,50,50,131900
9/24/2021,DEAL-W,21,28,21,26,3938600
9/24/2021,DEFI,1320,1320,1230,1290,3200
9/24/2021,DEWA,50,50,50,50,385600
9/24/2021,DFAM,376,394,376,384,2525100
9/24/2021,DGIK,76,79,75,76,12079100
9/24/2021,DGNS,850,870,840,840,11383100
9/24/2021,DIGI,530,540,515,515,2774600
9/24/2021,DILD,170,171,168,168,9334500
9/24/2021,DIVA,2300,2350,2280,2290,420500
9/24/2021,DKFT,133,141,133,136,30535300
9/24/2021,DLTA,3710,3740,3710,3710,134400
9/24/2021,DMAS,192,193,191,191,4765800
9/24/2021,DMMX,2750,2880,2700,2740,27268800
9/24/2021,DMND,800,800,770,795,6400
9/24/2021,DNAR,318,328,310,312,5946100
9/24/2021,DNET,3190,3190,3180,3180,2600
9/24/2021,DOID,302,320,300,314,380983100
9/24/2021,DPNS,350,360,346,346,98400
9/24/2021,DPUM,50,50,50,50,0
9/24/2021,DSFI,130,135,120,124,115550800
9/24/2021,DSNG,498,510,496,500,36801100
9/24/2021,DSSA,17500,17500,17500,17500,3000
9/24/2021,DUCK,176,176,176,176,0
9/24/2021,DUTI,3310,3440,3310,3440,800
9/24/2021,DVLA,2470,2500,2470,2480,5000
9/24/2021,DWGL,200,200,196,200,3400
9/24/2021,DWGL-W,39,39,37,39,53900
9/24/2021,DYAN,97,99,90,91,105131500
9/24/2021,EAST,78,78,71,71,23351800
9/24/2021,EAST-W,14,14,11,12,24678900
9/24/2021,ECII,965,985,920,985,10400
9/24/2021,EDGE,26350,26375,26325,26325,4100
9/24/2021,EKAD,1405,1415,1400,1415,204000
9/24/2021,ELSA,286,288,280,284,63711500
9/24/2021,ELTY,50,50,50,50,0
9/24/2021,EMDE,196,196,196,196,20000
9/24/2021,EMTK,1950,1970,1935,1940,16731700
9/24/2021,ENRG,126,128,125,127,404089800
9/24/2021,ENVY,50,50,50,50,0
9/24/2021,ENZO,50,50,50,50,802500
9/24/2021,ENZO-W,17,18,17,17,1095500
9/24/2021,EPAC,55,61,54,57,26120600
9/24/2021,EPMT,2240,2250,2200,2230,101800
9/24/2021,ERAA,630,635,615,620,137877200
9/24/2021,ERTX,190,193,187,191,471700
9/24/2021,ESIP,89,93,83,83,19566300
9/24/2021,ESIP-W,17,18,15,15,11204900
9/24/2021,ESSA,308,308,294,294,63768200
9/24/2021,ESTA,107,108,103,103,18100
9/24/2021,ESTI,161,170,160,160,5594400
9/24/2021,ETWA,62,62,62,62,0
9/24/2021,EXCL,3000,3000,2920,2950,9800500
9/24/2021,FAPA,2930,2930,2920,2920,171400
9/24/2021,FAST,975,975,970,970,700
9/24/2021,FASW,7600,7600,7600,7600,0
9/24/2021,FILM,354,354,342,342,5263500
9/24/2021,FIMP,52,52,47,48,185800
9/24/2021,FIMP-W,19,19,17,17,580700
9/24/2021,FIRE,520,580,515,520,26003800
9/24/2021,FISH,8050,8050,8050,8050,2600
9/24/2021,FITT,143,144,141,143,113600
9/24/2021,FITT-W,50,50,43,43,49700
9/24/2021,FLMC,336,336,304,336,1454000
9/24/2021,FMII,436,436,412,424,3000
9/24/2021,FOOD,96,97,90,91,6206800
9/24/2021,FORU,146,152,145,150,37000
9/24/2021,FORZ,50,50,50,50,0
9/24/2021,FPNI,258,262,256,256,4296800
9/24/2021,FREN,118,120,114,115,953706300
9/24/2021,FREN-W,49,50,47,48,4040000
9/24/2021,FREN-W2,47,49,41,41,886542400
9/24/2021,FUJI,412,412,392,394,1525600
9/24/2021,GAMA,50,51,50,50,399900
9/24/2021,GDST,103,104,99,100,6120800
9/24/2021,GDYR,1435,1435,1425,1425,77800
9/24/2021,GEMA,362,362,338,362,21100
9/24/2021,GEMS,3520,3580,3520,3550,21700
9/24/2021,GGRM,31400,31425,31025,31075,589200
9/24/2021,GGRP,452,454,438,450,5500
9/24/2021,GHON,2280,2280,2270,2270,6600
9/24/2021,GIAA,222,222,222,222,0
9/24/2021,GJTL,705,715,700,715,2351600
9/24/2021,GLOB,167,170,166,170,28400
9/24/2021,GLVA,274,280,274,276,85900
9/24/2021,GMFI,96,98,94,95,1356700
9/24/2021,GMTD,16725,16725,16725,16725,0
9/24/2021,GOLD,440,440,430,430,6600
9/24/2021,GOLL,50,50,50,50,0
9/24/2021,GOOD,390,396,376,394,14689600
9/24/2021,GPRA,81,83,75,75,30468900
9/24/2021,GPSO,220,240,194,194,38422200
9/24/2021,GPSO-W,86,89,72,73,9250600
9/24/2021,GSMF,202,202,192,198,51900
9/24/2021,GTBO,75,75,75,75,0
9/24/2021,GTSI,81,81,77,80,38999800
9/24/2021,GWSA,131,131,128,128,398300
9/24/2021,GZCO,50,50,50,50,500
9/24/2021,HADE,50,50,50,50,100
9/24/2021,HAIS,262,268,260,262,11522600
9/24/2021,HDFA,194,196,185,192,1300
9/24/2021,HDIT,338,340,314,316,2869200
9/24/2021,HDTX,120,120,120,120,0
9/24/2021,HEAL,1180,1180,1120,1175,10000300
9/24/2021,HELI,344,348,344,346,13900
9/24/2021,HERO,1760,1800,1750,1800,1300
9/24/2021,HEXA,4800,4900,4680,4870,2663800
9/24/2021,HITS,372,390,364,368,6000
9/24/2021,HKMU,63,63,59,59,670266600
9/24/2021,HMSP,1000,1000,975,975,18663200
9/24/2021,HOKI,188,189,186,188,6295800
9/24/2021,HOME,50,50,50,50,0
9/24/2021,HOMI,1910,1915,1860,1900,12900
9/24/2021,HOPE,133,134,127,128,12718500
9/24/2021,HOPE-W,22,22,21,22,3788200
9/24/2021,HOTL,50,50,50,50,200
9/24/2021,HRME,60,61,58,59,30688900
9/24/2021,HRTA,216,218,212,212,5643200
9/24/2021,HRUM,6650,7700,6650,7675,49472500
9/24/2021,IATA,50,50,50,50,200
9/24/2021,IBFN,60,65,60,62,606900
9/24/2021,IBFN-W,14,18,14,16,13334000
9/24/2021,IBST,5700,5700,5700,5700,0
9/24/2021,ICBP,8250,8300,8175,8300,2634400
9/24/2021,ICON,113,121,111,114,47261600
9/24/2021,IDEA,204,204,204,204,922900
9/24/2021,IDPR,230,232,220,226,6868000
9/24/2021,IFII,160,160,157,158,23700
9/24/2021,IFSH,1640,1745,1530,1675,34200
9/24/2021,IGAR,424,426,422,424,118600
9/24/2021,IIKP,50,50,50,50,0
9/24/2021,IKAI,50,50,50,50,5500
9/24/2021,IKAN,110,117,107,108,79119800
9/24/2021,IKBI,240,246,240,240,45100
9/24/2021,IMAS,990,1005,970,980,4130600
9/24/2021,IMJS,580,590,555,560,44196400
9/24/2021,IMPC,2060,2080,2050,2070,2080500
9/24/2021,INAF,2260,2280,2260,2260,151700
9/24/2021,INAI,304,304,296,300,19800
9/24/2021,INCF,346,426,320,426,10562600
9/24/2021,INCI,600,615,600,615,12800
9/24/2021,INCO,4760,4820,4700,4710,16387600
9/24/2021,INDF,6150,6200,6100,6150,6243600
9/24/2021,INDO,194,210,186,186,1009400
9/24/2021,INDO-W,72,78,68,72,191300
9/24/2021,INDR,3980,3980,3920,3930,176900
9/24/2021,INDS,1895,1895,1890,1890,2000
9/24/2021,INDX,114,118,113,114,2671900
9/24/2021,INDY,1420,1585,1410,1535,141013000
9/24/2021,INKP,7225,7225,7025,7025,5875400
9/24/2021,INOV,188,188,175,177,1481000
9/24/2021,INPC,157,159,155,155,6174500
9/24/2021,INPC-W,58,59,57,57,603900
9/24/2021,INPP,640,640,640,640,100
9/24/2021,INPS,1700,1700,1700,1700,0
9/24/2021,INRU,670,670,670,670,3600
9/24/2021,INTA,78,82,78,81,779200
9/24/2021,INTD,164,164,154,157,50000
9/24/2021,INTP,10525,10675,10500,10500,1658300
9/24/2021,IPAC,214,214,204,214,92600
9/24/2021,IPCC,590,590,575,575,4623500
9/24/2021,IPCM,396,396,378,382,12583100
9/24/2021,IPOL,168,170,167,167,2196100
9/24/2021,IPTV,250,250,242,248,25746500
9/24/2021,IRRA,1680,1690,1640,1655,2512000
9/24/2021,ISAT,6700,6700,6500,6600,3992400
9/24/2021,ISSP,292,292,286,286,5611900
9/24/2021,ITIC,304,334,294,334,28219800
9/24/2021,ITMA,535,535,525,530,7200
9/24/2021,ITMA-W,65,65,64,64,1500
9/24/2021,ITMG,18950,19125,18300,18450,5960600
9/24/2021,JAST,182,189,170,170,52751300
9/24/2021,JAWA,139,139,136,137,3603400
9/24/2021,JAYA,122,126,122,124,13048400
9/24/2021,JECC,6150,6150,6150,6150,200
9/24/2021,JGLE,50,50,50,50,2900
9/24/2021,JIHD,420,420,420,420,0
9/24/2021,JKON,170,171,163,170,81200
9/24/2021,JKSW,60,60,60,60,0
9/24/2021,JMAS,172,172,166,170,536600
9/24/2021,JPFA,1910,1915,1845,1860,13218900
9/24/2021,JRPT,468,468,460,466,1057000
9/24/2021,JSKY,127,127,124,125,9266500
9/24/2021,JSMR,3870,3880,3800,3800,6362200
9/24/2021,JSPT,795,795,790,790,300
9/24/2021,JTPE,1085,1085,1075,1075,134300
9/24/2021,KAEF,2330,2350,2330,2340,798000
9/24/2021,KARW,100,104,98,98,5825700
9/24/2021,KAYU,72,77,70,71,104495800
9/24/2021,KBAG,56,57,55,55,117192500
9/24/2021,KBAG-W,14,15,14,15,47012100
9/24/2021,KBLI,302,308,298,300,622400
9/24/2021,KBLM,202,202,200,202,14700
9/24/2021,KBLV,790,790,765,780,9500
9/24/2021,KBRI,50,50,50,50,0
9/24/2021,KDSI,885,885,885,885,3000
9/24/2021,KEEN,430,436,426,432,1181600
9/24/2021,KEJU,1240,1240,1220,1225,18300
9/24/2021,KIAS,50,58,50,50,240395300
9/24/2021,KICI,252,252,238,248,1247300
9/24/2021,KIJA,157,158,155,158,7769300
9/24/2021,KINO,2130,2140,2120,2130,160100
9/24/2021,KIOS,1125,1145,1090,1100,36170500
9/24/2021,KJEN,422,428,408,410,3200
9/24/2021,KKGI,270,288,270,284,296100
9/24/2021,KLBF,1425,1425,1385,1400,19823600
9/24/2021,KMDS,478,478,460,466,212700
9/24/2021,KMTR,376,390,368,380,103000
9/24/2021,KOBX,176,178,174,174,1553600
9/24/2021,KOIN,169,179,166,168,337200
9/24/2021,KONI,820,955,820,955,400
9/24/2021,KOPI,555,575,520,520,34700
9/24/2021,KOTA,180,187,169,182,436828600
9/24/2021,KOTA-W,108,108,106,106,22600
9/24/2021,KPAL,50,50,50,50,0
9/24/2021,KPAS,62,62,62,62,0
9/24/2021,KPAS-W,13,13,13,13,0
9/24/2021,KPIG,109,110,107,107,42451000
9/24/2021,KRAH,436,436,436,436,0
9/24/2021,KRAS,515,520,505,515,10773100
9/24/2021,KREN,147,148,144,145,14485200
9/24/2021,LABA,274,282,258,278,32474600
9/24/2021,LABA-W,27,28,26,27,17445900
9/24/2021,LAND,117,121,114,118,11108600
9/24/2021,LAPD,50,50,50,50,0
9/24/2021,LCGP,114,114,114,114,0
9/24/2021,LCKM,316,318,296,318,7500
9/24/2021,LEAD,50,50,50,50,7100
9/24/2021,LFLO,83,91,81,84,4494800
9/24/2021,LFLO-W,11,12,10,11,17834800
9/24/2021,LIFE,6900,6900,6900,6900,0
9/24/2021,LINK,4250,4270,4160,4240,2584800
9/24/2021,LION,370,370,362,366,55100
9/24/2021,LMAS,102,106,100,101,76711700
9/24/2021,LMPI,195,198,192,192,467600
9/24/2021,LMSH,905,1090,815,815,16719300
9/24/2021,LPCK,915,950,915,920,1073600
9/24/2021,LPGI,3960,3960,3800,3960,11200
9/24/2021,LPIN,378,382,378,382,104700
9/24/2021,LPKR,151,154,147,152,62113500
9/24/2021,LPLI,274,278,268,278,105100
9/24/2021,LPPF,2840,2880,2790,2810,3697200
9/24/2021,LPPS,113,113,111,112,335800
9/24/2021,LRNA,175,184,175,182,8700
9/24/2021,LSIP,1100,1100,1065,1065,21806200
9/24/2021,LTLS,610,625,610,620,820600
9/24/2021,LUCK,242,250,232,232,10347800
9/24/2021,LUCY,61,62,56,60,27907800
9/24/2021,LUCY-W,16,16,14,15,3864600
9/24/2021,MABA,50,50,50,50,0
9/24/2021,MAGP,50,50,50,50,300
9/24/2021,MAIN,780,795,775,780,4085100
9/24/2021,MAMI,50,50,50,50,0
9/24/2021,MAMI-W,6,6,6,6,0
9/24/2021,MAMIP,600,600,600,600,0
9/24/2021,MAPA,2540,2540,2480,2480,329400
9/24/2021,MAPB,1645,1700,1600,1600,40200
9/24/2021,MAPI,785,800,770,780,28631000
9/24/2021,MARI,535,540,520,535,39661900
9/24/2021,MARK,990,1000,975,980,2676000
9/24/2021,MASA,3890,4850,3710,4850,778100
9/24/2021,MASB,3440,3450,3440,3440,8400
9/24/2021,MASB-W,312,314,300,306,73700
9/24/2021,MAYA,840,840,795,800,7411800
9/24/2021,MBAP,3300,3350,3300,3310,376300
9/24/2021,MBSS,640,650,640,650,2198400
9/24/2021,MBTO,125,127,119,120,28400
9/24/2021,MCAS,9750,10350,9250,9850,2533000
9/24/2021,MCOL,1630,1635,1615,1630,1641400
9/24/2021,MCOR,130,132,129,130,11265100
9/24/2021,MDIA,53,54,52,52,4048500
9/24/2021,MDKA,2640,2680,2630,2650,67232400
9/24/2021,MDKI,199,200,198,200,667900
9/24/2021,MDLN,51,51,51,51,0
9/24/2021,MDRN,50,50,50,50,1200
9/24/2021,MEDC,492,510,488,492,105893100
9/24/2021,MEGA,7925,7925,7725,7900,2900
9/24/2021,MERK,3340,3340,3300,3330,37300
9/24/2021,META,130,130,127,127,1604200
9/24/2021,MFIN,1035,1060,1020,1060,32200
9/24/2021,MFMI,830,855,825,825,32000
9/24/2021,MGLV,212,230,198,228,686200
9/24/2021,MGLV-W,17,18,15,17,31965300
9/24/2021,MGNA,50,50,50,50,0
9/24/2021,MGRO,735,740,725,740,2047300
9/24/2021,MICE,368,376,366,374,439100
9/24/2021,MIDI,2380,2500,2380,2500,12600
9/24/2021,MIKA,2400,2410,2360,2400,21354800
9/24/2021,MINA,56,60,55,57,47341800
9/24/2021,MIRA,50,50,50,50,7400
9/24/2021,MITI,135,160,120,125,171236500
9/24/2021,MKNT,50,50,50,50,3000
9/24/2021,MKPI,25000,25000,25000,25000,0
9/24/2021,MLBI,7925,7925,7800,7875,84500
9/24/2021,MLIA,1270,1310,1255,1300,10437600
9/24/2021,MLPL,570,590,570,585,98945700
9/24/2021,MLPT,3510,3600,3460,3500,778400
9/24/2021,MMLP,640,645,630,640,6921000
9/24/2021,MNCN,825,830,810,815,54837700
9/24/2021,MOLI,985,1000,930,970,20600
9/24/2021,MPMX,775,785,760,770,11296200
9/24/2021,MPOW,147,154,144,146,73016500
9/24/2021,MPPA,1000,1030,970,995,102702000
9/24/2021,MPRO,710,820,665,820,136400
9/24/2021,MRAT,304,310,300,306,135100
9/24/2021,MREI,4880,5000,4870,4870,500
9/24/2021,MSIN,510,520,505,520,18184500
9/24/2021,MSKY,364,368,364,368,156500
9/24/2021,MTDL,2900,2940,2850,2900,4314300
9/24/2021,MTFN,50,50,50,50,300
9/24/2021,MTLA,338,338,326,330,102500
9/24/2021,MTPS,142,142,132,136,4276600
9/24/2021,MTRA,244,244,244,244,0
9/24/2021,MTSM,159,160,149,156,22100
9/24/2021,MTWI,120,132,119,120,25675000
9/24/2021,MYOH,1535,1545,1525,1545,17700
9/24/2021,MYOR,2420,2440,2370,2400,1304800
9/24/2021,MYRX,50,50,50,50,0
9/24/2021,MYRXP,50,50,50,50,0
9/24/2021,MYTX,82,90,82,85,3052100
9/24/2021,NASA,86,89,80,80,120407000
9/24/2021,NATO,580,605,580,590,307198700
9/24/2021,NATO-W,350,350,350,350,0
9/24/2021,NELY,195,197,194,194,980800
9/24/2021,NFCX,10050,10500,9925,10075,237900
9/24/2021,NICK,560,560,500,525,19400
9/24/2021,NICL,88,89,86,87,38281000
9/24/2021,NICL-W,11,12,11,11,28743300
9/24/2021,NIKL,1075,1085,1075,1075,209300
9/24/2021,NIPS,282,282,282,282,0
9/24/2021,NIRO,133,140,129,138,539482900
9/24/2021,NISP,695,700,690,690,533500
9/24/2021,NOBU,1120,1125,1090,1090,1728900
9/24/2021,NPGF,125,134,123,124,40443500
9/24/2021,NRCA,298,304,296,298,623500
9/24/2021,NUSA,50,50,50,50,0
9/24/2021,NZIA,161,164,161,162,4600
9/24/2021,OASA,210,214,206,206,150300
9/24/2021,OCAP,159,159,159,159,0
9/24/2021,OILS,386,390,360,360,20400000
9/24/2021,OILS-W,166,166,145,154,1274000
9/24/2021,OKAS,96,101,88,88,139558500
9/24/2021,OMRE,935,935,935,935,0
9/24/2021,OPMS,187,194,184,189,28109400
9/24/2021,PADI,50,50,50,50,57200
9/24/2021,PALM,448,454,446,450,641900
9/24/2021,PAMG,96,96,91,93,3086000
9/24/2021,PANI,300,300,288,288,35600
9/24/2021,PANR,157,172,151,169,12108700
9/24/2021,PANS,1285,1290,1275,1285,267900
9/24/2021,PBID,1700,1700,1680,1685,1311500
9/24/2021,PBRX,130,131,128,129,1859400
9/24/2021,PBSA,525,650,510,520,102800
9/24/2021,PCAR,304,306,298,298,73400
9/24/2021,PDES,294,294,280,290,39000
9/24/2021,PEGE,1285,1635,1220,1560,6139200
9/24/2021,PEHA,1160,1170,1160,1160,123200
9/24/2021,PGAS,1130,1145,1115,1125,113150900
9/24/2021,PGJO,75,77,73,75,45600
9/24/2021,PGLI,204,236,202,210,32700
9/24/2021,PGUN,260,266,252,252,11500
9/24/2021,PICO,107,109,101,104,500900
9/24/2021,PJAA,540,540,530,540,74300
9/24/2021,PKPK,100,121,96,108,455673500
9/24/2021,PLAN,31,34,30,33,22854300
9/24/2021,PLAN-W,10,11,10,11,5929700
9/24/2021,PLAS,50,50,50,50,0
9/24/2021,PLIN,2450,2450,2450,2450,0
9/24/2021,PMJS,129,130,127,129,63600
9/24/2021,PMMP,510,515,496,498,13427900
9/24/2021,PNBN,740,750,735,735,6196500
9/24/2021,PNBS,99,100,93,94,159040800
9/24/2021,PNGO,1435,1435,1435,1435,300
9/24/2021,PNIN,725,725,715,720,329200
9/24/2021,PNLF,183,185,181,181,49816700
9/24/2021,PNSE,362,378,362,362,1800
9/24/2021,POLA,161,161,156,157,52800
9/24/2021,POLA-W,73,73,69,69,26100
9/24/2021,POLI,1330,1370,1330,1370,63200
9/24/2021,POLL,2730,2990,2730,2990,4030700
9/24/2021,POLU,276,276,274,274,900
9/24/2021,POLY,57,57,54,54,2689600
9/24/2021,POOL,50,50,50,50,0
9/24/2021,PORT,590,600,575,585,57700
9/24/2021,POSA,50,50,50,50,0
9/24/2021,POWR,620,625,615,615,4989600
9/24/2021,PPGL,101,108,97,108,7081200
9/24/2021,PPGL-W,12,13,12,13,4955500
9/24/2021,PPRE,228,232,224,226,23846900
9/24/2021,PPRO,74,74,71,71,36416800
9/24/2021,PRAS,254,266,240,246,6569100
9/24/2021,PRDA,7200,7250,7050,7050,593900
9/24/2021,PRIM,416,416,356,356,19571100
9/24/2021,PSAB,150,153,149,153,16973800
9/24/2021,PSDN,183,183,178,178,24400
9/24/2021,PSGO,149,153,145,150,14000
9/24/2021,PSKT,50,50,50,50,22200
9/24/2021,PSSI,290,292,286,292,2011600
9/24/2021,PTBA,2450,2510,2440,2450,60322600
9/24/2021,PTDU,304,304,284,284,9205400
9/24/2021,PTIS,312,312,292,292,8000
9/24/2021,PTPP,1085,1090,1050,1060,27425000
9/24/2021,PTPW,935,970,920,960,666200
9/24/2021,PTRO,2410,2490,2380,2380,1363000
9/24/2021,PTSN,290,294,286,286,4914400
9/24/2021,PTSP,5875,5875,5200,5200,4100
9/24/2021,PUDP,320,340,320,322,611700
9/24/2021,PURA,50,50,50,50,7414200
9/24/2021,PURA-W,8,9,7,8,26918200
9/24/2021,PURE,102,104,96,98,16343500
9/24/2021,PURI,396,396,372,390,1100
9/24/2021,PWON,478,484,478,482,26477000
9/24/2021,PYFA,1170,1180,1150,1160,50800
9/24/2021,PZZA,670,670,665,670,14500
9/24/2021,R-ABFII,28600,28600,28600,28600,0
9/24/2021,R-LQ45X,930,930,915,920,9100
9/24/2021,RAJA,197,198,194,194,7398700
9/24/2021,RALS,695,695,680,695,5676600
9/24/2021,RANC,2350,2360,2310,2340,1058200
9/24/2021,RBMS,51,51,50,50,5723400
9/24/2021,RDTX,6700,6750,6700,6725,34700
9/24/2021,REAL,116,118,110,112,155688000
9/24/2021,RELI,386,470,370,414,100800
9/24/2021,RICY,95,95,90,90,3003800
9/24/2021,RIGS,290,300,272,272,2188400
9/24/2021,RIMO,50,50,50,50,0
9/24/2021,RISE,382,384,380,384,218300
9/24/2021,RMBA,306,306,306,306,0
9/24/2021,ROCK,610,610,610,610,200
9/24/2021,RODA,99,102,92,102,75666400
9/24/2021,RONY,190,199,190,190,8400
9/24/2021,ROTI,1340,1345,1340,1345,938800
9/24/2021,RSGK,1845,1845,1830,1835,315700
9/24/2021,RUIS,206,206,199,200,103600
9/24/2021,RUNS,835,835,685,835,34787200
9/24/2021,SAFE,200,200,188,189,335300
9/24/2021,SAME,520,525,510,515,62763700
9/24/2021,SAMF,765,765,740,755,251300
9/24/2021,SAPX,1115,1150,1095,1120,45800
9/24/2021,SATU,67,85,67,75,300193600
9/24/2021,SBAT,50,50,50,50,267600
9/24/2021,SBAT-W,13,14,12,13,7146400
9/24/2021,SBMA,412,426,396,400,12207500
9/24/2021,SBMA-W,212,230,206,218,12878000
9/24/2021,SCCO,10600,10600,10600,10600,0
9/24/2021,SCMA,2150,2180,2000,2080,10558500
9/24/2021,SCNP,288,290,278,286,3495200
9/24/2021,SCPI,29000,29000,29000,29000,0
9/24/2021,SDMU,54,54,50,51,9617900
9/24/2021,SDPC,135,141,134,136,113600
9/24/2021,SDRA,735,755,715,735,1956700
9/24/2021,SFAN,1435,1450,1425,1430,552200
9/24/2021,SGER,560,590,560,580,2884300
9/24/2021,SGER-W,430,458,430,458,13900
9/24/2021,SGRO,1815,1815,1805,1815,11000
9/24/2021,SHID,1055,1055,1015,1015,87000
9/24/2021,SHIP,910,915,880,900,939600
9/24/2021,SIDO,795,800,785,795,2844900
9/24/2021,SILO,9000,9500,8875,9475,460600
9/24/2021,SIMA,50,50,50,50,0
9/24/2021,SIMP,426,426,420,420,1768600
9/24/2021,SINI,298,298,274,278,100900
9/24/2021,SINI-W,152,164,152,152,2900
9/24/2021,SIPD,1810,2000,1810,2000,214000
9/24/2021,SKBM,342,374,342,360,3300
9/24/2021,SKLT,2400,3000,2340,2400,10900
9/24/2021,SKRN,670,680,665,675,1575800
9/24/2021,SKYB,51,51,51,51,0
9/24/2021,SLIS,3450,3480,3220,3220,859900
9/24/2021,SMAR,4370,4370,4270,4270,1600
9/24/2021,SMBR,630,635,620,625,2373600
9/24/2021,SMCB,1800,1810,1785,1785,1166900
9/24/2021,SMDM,124,126,122,124,156100
9/24/2021,SMDR,645,665,635,640,8841200
9/24/2021,SMGR,8500,8625,8275,8300,8569600
9/24/2021,SMKL,316,330,308,314,658700
9/24/2021,SMKL-W,38,40,36,37,2158500
9/24/2021,SMMA,10350,10350,10350,10350,2300
9/24/2021,SMMT,181,202,181,182,199018100
9/24/2021,SMRA,815,825,810,815,26199800
9/24/2021,SMRU,50,50,50,50,0
9/24/2021,SMSM,1365,1370,1330,1330,2625300
9/24/2021,SNLK,900,900,840,850,3494900
9/24/2021,SOCI,189,190,186,186,10653800
9/24/2021,SOFA,39,40,38,38,9376600
9/24/2021,SOHO,5050,5200,5050,5200,3900
9/24/2021,SONA,4380,4380,4380,4380,0
9/24/2021,SOSS,400,400,382,386,73500
9/24/2021,SOSS-W,46,47,45,46,8000
9/24/2021,SOTS,496,496,450,474,5000
9/24/2021,SOTS-W,62,62,62,62,5000
9/24/2021,SPMA,346,350,344,344,360800
9/24/2021,SPTO,560,565,550,550,221300
9/24/2021,SQMI,145,145,134,134,20062100
9/24/2021,SRAJ,308,322,308,308,11020000
9/24/2021,SRIL,146,146,146,146,0
9/24/2021,SRSN,56,63,55,57,66471400
9/24/2021,SRTG,1825,1845,1810,1820,9065400
9/24/2021,SSIA,510,510,496,500,8562300
9/24/2021,SSMS,815,825,805,805,7760900
9/24/2021,SSTM,805,820,765,810,6400
9/24/2021,STAR,143,143,129,132,155700
9/24/2021,STTP,6900,6900,6900,6900,200
9/24/2021,SUGI,50,50,50,50,0
9/24/2021,SULI,50,67,50,67,234022200
9/24/2021,SUPR,12625,12625,12600,12600,500
9/24/2021,SURE,2000,2000,2000,2000,0
9/24/2021,SWAT,133,139,129,133,27999700
9/24/2021,TALF,282,308,282,296,17500
9/24/2021,TAMA,62,62,58,61,31526500
9/24/2021,TAMA-W,18,19,16,18,21051400
9/24/2021,TAMU,50,50,50,50,200
9/24/2021,TAPG,585,595,575,590,72053100
9/24/2021,TARA,50,50,50,50,16400
9/24/2021,TAXI,50,50,50,50,400
9/24/2021,TBIG,3050,3070,2980,3000,37527400
9/24/2021,TBLA,780,785,775,775,708300
9/24/2021,TBMS,1610,1700,1610,1685,10100
9/24/2021,TCID,5350,5375,5300,5300,42900
9/24/2021,TCPI,9350,9375,9075,9300,9818400
9/24/2021,TDPM,119,119,119,119,0
9/24/2021,TEBE,735,740,685,685,971300
9/24/2021,TECH,6650,6700,6375,6375,1645500
9/24/2021,TELE,121,121,121,121,0
9/24/2021,TFAS,4770,5475,4670,5200,1094600
9/24/2021,TFCO,680,680,655,680,1200
9/24/2021,TGKA,7125,7125,7000,7000,1200
9/24/2021,TGRA,97,99,95,96,10433600
9/24/2021,TIFA,484,530,484,530,2166700
9/24/2021,TINS,1515,1560,1510,1540,71190900
9/24/2021,TIRA,318,356,318,350,203800
9/24/2021,TIRT,75,90,63,63,116802300
9/24/2021,TKIM,7025,7025,6875,6900,3170500
9/24/2021,TLKM,3560,3580,3540,3560,72224500
9/24/2021,TMAS,284,312,282,300,48734800
9/24/2021,TMPO,133,133,131,131,4000
9/24/2021,TNCA,1180,1200,1105,1135,1113100
9/24/2021,TOBA,482,482,476,480,95500
9/24/2021,TOPS,50,50,50,50,181800
9/24/2021,TOTL,326,334,318,332,4401800
9/24/2021,TOTO,199,200,199,199,73700
9/24/2021,TOWR,1320,1330,1300,1310,39037900
9/24/2021,TOYS,244,250,232,236,77537800
9/24/2021,TOYS-W,32,33,31,31,4424600
9/24/2021,TPIA,7250,7300,7175,7200,1818900
9/24/2021,TPMA,540,540,505,505,3874900
9/24/2021,TRAM,50,50,50,50,0
9/24/2021,TRIL,50,50,50,50,0
9/24/2021,TRIM,320,378,310,340,256709900
9/24/2021,TRIN,230,242,222,238,35557900
9/24/2021,TRIN-W,32,36,32,35,8472400
9/24/2021,TRIO,426,426,426,426,0
9/24/2021,TRIS,175,185,175,175,4598800
9/24/2021,TRIS-W,6,6,6,6,0
9/24/2021,TRJA,306,316,294,296,24340200
9/24/2021,TRST,625,640,610,640,104300
9/24/2021,TRUE,252,260,236,236,28145200
9/24/2021,TRUE-W,24,24,22,22,32074000
9/24/2021,TRUK,151,184,149,184,399897400
9/24/2021,TRUS,322,364,312,348,413800
9/24/2021,TSPC,1440,1440,1430,1430,700000
9/24/2021,TUGU,1650,1665,1640,1640,68500
9/24/2021,TURI,1500,1505,1395,1400,10300
9/24/2021,UANG,1055,1065,1055,1065,200
9/24/2021,UCID,1575,1580,1560,1580,58500
9/24/2021,UFOE,930,935,865,905,1886300
9/24/2021,ULTJ,1555,1560,1530,1530,344700
9/24/2021,UNIC,8850,8875,8675,8675,6900
9/24/2021,UNIQ,92,93,87,89,15829500
9/24/2021,UNIT,316,316,316,316,0
9/24/2021,UNSP,111,111,108,109,201700
9/24/2021,UNTR,21500,22100,21400,22075,10687800
9/24/2021,UNVR,4040,4060,3950,3970,28440200
9/24/2021,URBN,945,1065,885,945,1135400
9/24/2021,URBN-W,65,70,64,67,1982500
9/24/2021,UVCR,665,710,660,695,38363400
9/24/2021,UVCR-W,286,302,286,294,8651600
9/24/2021,VICI,378,380,374,378,2785800
9/24/2021,VICO,145,145,140,142,438800
9/24/2021,VINS,115,116,112,113,2487500
9/24/2021,VIVA,51,53,51,51,7610100
9/24/2021,VOKS,182,182,181,181,92300
9/24/2021,VRNA,125,127,123,123,609900
9/24/2021,WAPO,95,99,95,96,571500
9/24/2021,WEGE,195,197,193,194,17282900
9/24/2021,WEHA,260,262,240,240,32494800
9/24/2021,WICO,434,434,416,434,2400
9/24/2021,WIFI,835,840,805,825,30116400
9/24/2021,WIFI-W,232,248,230,230,40300
9/24/2021,WIIM,478,478,470,476,3603500
9/24/2021,WIKA,1170,1175,1145,1160,67525700
9/24/2021,WINS,133,134,129,129,9042600
9/24/2021,WMUU,170,172,162,163,42925700
9/24/2021,WOMF,230,234,228,232,498400
9/24/2021,WOOD,725,735,725,730,3768300
9/24/2021,WOWS,56,61,56,57,120960100
9/24/2021,WSBP,145,146,141,143,15147900
9/24/2021,WSKT,855,855,815,825,48565600
9/24/2021,WTON,256,264,254,254,26461700
9/24/2021,XAFA,1073,1073,1072,1072,300
9/24/2021,XAQA,861,861,861,861,100
9/24/2021,XBES,870,870,870,870,0
9/24/2021,XBID,481,481,481,481,0
9/24/2021,XBIG,494,494,494,494,0
9/24/2021,XBIN,443,443,443,443,0
9/24/2021,XBLQ,437,437,435,435,500
9/24/2021,XBNI,940,940,940,940,100
9/24/2021,XBSK,342,342,342,342,0
9/24/2021,XCID,84,89,80,85,102700
9/24/2021,XCIS,105,105,105,105,0
9/24/2021,XCLQ,91,91,90,91,2800
9/24/2021,XDIF,430,430,430,430,100
9/24/2021,XDSG,900,900,900,900,100
9/24/2021,XIFE,95,95,93,93,1400
9/24/2021,XIHD,440,449,440,445,1700
9/24/2021,XIIC,908,908,908,908,100
9/24/2021,XIID,472,472,472,472,30000
9/24/2021,XIIF,493,502,493,500,400
9/24/2021,XIIT,484,484,481,482,8300
9/24/2021,XIJI,561,561,560,561,9900
9/24/2021,XILV,103,103,103,103,4000
9/24/2021,XIML,234,234,234,234,0
9/24/2021,XIPI,169,169,164,164,4500
9/24/2021,XISB,398,398,398,398,0
9/24/2021,XISC,649,649,649,649,2500
9/24/2021,XISI,317,320,317,317,24800
9/24/2021,XISR,347,347,344,344,14500
9/24/2021,XKIV,426,426,426,426,0
9/24/2021,XKMS,972,972,972,972,100
9/24/2021,XMIG,163,163,163,163,1400
9/24/2021,XMJM,1001,1001,1001,1001,0
9/24/2021,XMTS,412,412,412,412,0
9/24/2021,XNVE,132,132,132,132,3100
9/24/2021,XPCR,833,833,833,833,100
9/24/2021,XPDV,419,419,419,419,0
9/24/2021,XPES,355,361,355,361,5100
9/24/2021,XPFT,494,494,486,486,5400
9/24/2021,XPID,477,477,470,470,300
9/24/2021,XPLC,407,407,407,407,0
9/24/2021,XPLQ,448,448,448,448,0
9/24/2021,XPMI,845,845,845,845,0
9/24/2021,XPSG,346,346,346,346,0
9/24/2021,XPTD,464,464,464,464,0
9/24/2021,XSBC,99,99,99,99,600
9/24/2021,XSMU,125,125,125,125,0
9/24/2021,XSPI,750,750,750,750,0
9/24/2021,XSRI,165,165,165,165,5000
9/24/2021,XSSI,72,73,72,73,5700
9/24/2021,XSSK,585,585,583,583,300
9/24/2021,YELO,462,474,430,438,37636000
9/24/2021,YELO-W,73,75,73,74,887800
9/24/2021,YPAS,1035,1035,965,965,33500
9/24/2021,YULE,630,635,590,595,13400
9/24/2021,ZBRA,685,700,680,690,15423300
9/24/2021,ZINC,126,126,122,124,431835700
9/24/2021,ZONE,408,408,402,406,360200
9/24/2021,ZYRX,600,605,585,590,7936800
9/24/2021,ZYRX-W,118,118,114,114,583100
