<date>,<ticker>,<open>,<high>,<low>,<close>,<volume>
12/14/2021,IHSG,6665.383,6671.313,6598.695,6615.637,209013667
12/14/2021,AALI,9800,9975,9800,9850,614900
12/14/2021,ABBA,394,398,380,392,5001200
12/14/2021,ABDA,7175,8150,7175,7200,3000
12/14/2021,ABMM,1530,1545,1450,1490,4744200
12/14/2021,ACES,1280,1320,1280,1305,26519400
12/14/2021,ACST,232,236,230,234,10019800
12/14/2021,ADES,2900,2990,2900,2960,90600
12/14/2021,ADHI,1055,1060,1025,1040,12134000
12/14/2021,ADMF,7750,7750,7725,7750,53700
12/14/2021,ADMG,208,210,202,202,1036700
12/14/2021,ADRO,1910,1930,1870,1920,205410600
12/14/2021,AGAR,342,342,326,328,6000
12/14/2021,AGII,1455,1480,1440,1440,3106700
12/14/2021,AGRO,2080,2080,1990,2030,47977600
12/14/2021,AGRS,194,195,177,185,302918800
12/14/2021,AHAP,73,74,72,72,7142700
12/14/2021,AIMS,436,460,436,454,1964500
12/14/2021,AISA,210,212,204,204,2510000
12/14/2021,AKKU,50,50,50,50,124500
12/14/2021,AKPI,1135,1145,1050,1130,209700
12/14/2021,AKRA,4250,4320,4180,4230,3664100
12/14/2021,AKSI,402,402,392,392,4000
12/14/2021,ALDO,850,910,820,910,6425100
12/14/2021,ALDO-W,1,1,1,1,0
12/14/2021,ALKA,256,266,244,250,125900
12/14/2021,ALMI,260,270,248,252,11700
12/14/2021,ALTO,272,276,262,276,2300
12/14/2021,AMAG,344,344,338,340,1100700
12/14/2021,AMAN,525,530,525,525,983700
12/14/2021,AMAR,540,605,500,555,106374900
12/14/2021,AMFG,4420,4420,4210,4360,49600
12/14/2021,AMIN,212,222,202,214,331300
12/14/2021,AMOR,1875,1875,1800,1825,617400
12/14/2021,AMRT,1175,1185,1160,1165,5092700
12/14/2021,ANDI,50,50,50,50,177000
12/14/2021,ANJT,970,975,935,975,87600
12/14/2021,ANTM,2320,2320,2280,2290,28618000
12/14/2021,APEX,530,540,520,520,27900
12/14/2021,APIC,1105,1125,1100,1100,13248900
12/14/2021,APII,258,264,252,264,794800
12/14/2021,APLI,200,200,200,200,22900
12/14/2021,APLN,130,130,127,127,3883600
12/14/2021,ARCI,555,560,550,550,2769600
12/14/2021,ARGO,1570,1575,1500,1500,2200
12/14/2021,ARII,250,250,236,240,53800
12/14/2021,ARKA,56,56,55,55,8406700
12/14/2021,ARMY,50,50,50,50,0
12/14/2021,ARNA,840,845,830,845,377100
12/14/2021,ARTA,2080,2120,2080,2090,29000
12/14/2021,ARTI,50,50,50,50,0
12/14/2021,ARTO,15800,15800,15300,15350,15279000
12/14/2021,ASBI,298,298,298,298,100
12/14/2021,ASDM,950,960,940,960,20100
12/14/2021,ASGR,795,805,790,795,302900
12/14/2021,ASII,5925,5925,5850,5875,17233700
12/14/2021,ASJT,141,142,140,140,448200
12/14/2021,ASMI,260,264,248,248,166200
12/14/2021,ASPI,70,76,70,73,2097800
12/14/2021,ASPI-W,19,21,19,19,2936500
12/14/2021,ASRI,172,172,168,171,10233400
12/14/2021,ASRM,1675,1675,1675,1675,0
12/14/2021,ASSA,3640,3640,3480,3520,12466800
12/14/2021,ATAP,148,171,148,159,40853600
12/14/2021,ATIC,630,645,600,605,199800
12/14/2021,AUTO,1250,1285,1230,1275,5042500
12/14/2021,AVIA,900,900,860,885,87670400
12/14/2021,AYLS,272,336,254,336,634203900
12/14/2021,BABP,238,240,226,228,181526800
12/14/2021,BABP-W3,143,143,118,122,89000
12/14/2021,BABP-W4,190,190,170,171,79200
12/14/2021,BACA,288,290,274,280,45803000
12/14/2021,BACA-W2,10,10,10,10,0
12/14/2021,BAJA,356,358,348,350,652000
12/14/2021,BALI,910,920,870,900,1360500
12/14/2021,BANK,2450,2470,2400,2420,13867600
12/14/2021,BANK-W,2370,2370,2370,2370,0
12/14/2021,BAPA,67,73,67,70,17897200
12/14/2021,BAPI,50,50,50,50,1500
12/14/2021,BAPI-W,6,7,6,7,36031000
12/14/2021,BATA,496,496,492,492,1100
12/14/2021,BAYU,1130,1190,1130,1190,3900
12/14/2021,BBCA,7300,7375,7275,7300,49763600
12/14/2021,BBHI,7975,7975,7325,7375,7207300
12/14/2021,BBKP,310,312,300,304,220441900
12/14/2021,BBLD,396,400,396,396,90000
12/14/2021,BBMD,2010,2010,1985,2010,55000
12/14/2021,BBNI,6850,6900,6775,6875,14104600
12/14/2021,BBRI,4150,4160,4130,4130,100110000
12/14/2021,BBRM,50,50,50,50,50100
12/14/2021,BBSI,4350,4390,4300,4300,54200
12/14/2021,BBSS,57,57,55,55,4699800
12/14/2021,BBTN,1765,1765,1725,1750,18774900
12/14/2021,BBYB,2570,2650,2410,2630,84100900
12/14/2021,BCAP,78,78,75,75,27916200
12/14/2021,BCIC,244,252,232,238,23195600
12/14/2021,BCIP,92,101,92,94,61048200
12/14/2021,BDMN,2420,2420,2370,2390,1490800
12/14/2021,BEBS,4400,4770,4390,4620,35579100
12/14/2021,BEEF,72,72,70,72,1853900
12/14/2021,BEKS,65,66,64,65,63427600
12/14/2021,BELL,140,153,140,141,3909700
12/14/2021,BESS,1070,1070,1005,1005,143400
12/14/2021,BESS-W,555,555,390,400,717200
12/14/2021,BEST,124,124,119,120,10890900
12/14/2021,BFIN,1005,1025,1000,1005,25376000
12/14/2021,BGTG,340,346,322,340,301882600
12/14/2021,BHAT,960,960,950,960,1457700
12/14/2021,BHIT,61,62,58,60,208047100
12/14/2021,BIKA,250,252,248,248,32100
12/14/2021,BIMA,186,186,179,179,2461900
12/14/2021,BINA,3900,3900,3630,3770,2338100
12/14/2021,BINO,148,148,139,141,4501700
12/14/2021,BINO-W,25,25,23,24,4638700
12/14/2021,BIPI,50,51,50,50,953142800
12/14/2021,BIPI-W,15,15,14,15,698300
12/14/2021,BIPP,53,53,51,52,1406400
12/14/2021,BIRD,1575,1590,1520,1550,7346600
12/14/2021,BISI,990,1000,990,995,72700
12/14/2021,BJBR,1430,1430,1400,1400,1964400
12/14/2021,BJTM,765,765,755,755,6056200
12/14/2021,BKDP,51,51,50,51,423400
12/14/2021,BKSL,62,62,59,60,78008600
12/14/2021,BKSW,240,264,226,244,277775900
12/14/2021,BLTA,50,50,50,50,21300
12/14/2021,BLTZ,3290,3290,3100,3100,200
12/14/2021,BLUE,545,545,545,545,93700
12/14/2021,BMAS,1930,2140,1850,2000,2008500
12/14/2021,BMHS,885,900,875,890,24546600
12/14/2021,BMRI,7125,7200,7100,7175,32530700
12/14/2021,BMSR,252,274,252,274,4852100
12/14/2021,BMTR,264,264,262,264,14289100
12/14/2021,BNBA,4450,4500,4130,4310,10244900
12/14/2021,BNBR,50,50,50,50,35900
12/14/2021,BNGA,985,990,975,975,4431300
12/14/2021,BNII,364,368,356,360,10655000
12/14/2021,BNLI,1695,1700,1685,1700,68600
12/14/2021,BOBA,266,266,258,260,501400
12/14/2021,BOGA,1390,1400,1385,1385,111561900
12/14/2021,BOLA,655,690,635,640,18792300
12/14/2021,BOLT,880,1100,820,860,96800
12/14/2021,BOSS,72,73,70,70,6319800
12/14/2021,BPFI,1040,1040,1040,1040,13000
12/14/2021,BPII,5850,5850,5850,5850,200
12/14/2021,BPTR,426,510,422,492,13275700
12/14/2021,BRAM,12675,12675,12425,12425,3900
12/14/2021,BRIS,1895,1905,1870,1880,8859400
12/14/2021,BRMS,119,127,118,126,1238437400
12/14/2021,BRNA,1110,1205,1110,1205,1900
12/14/2021,BRPT,890,890,880,885,28513200
12/14/2021,BSDE,1040,1045,1025,1035,22959700
12/14/2021,BSIM,1045,1075,970,970,1586800
12/14/2021,BSSR,3940,3950,3670,3830,47300
12/14/2021,BSWD,1750,1750,1750,1750,0
12/14/2021,BTEK,50,50,50,50,300
12/14/2021,BTEL,50,50,50,50,0
12/14/2021,BTON,408,408,390,396,14900
12/14/2021,BTPN,2730,2730,2670,2720,12200
12/14/2021,BTPS,3780,3840,3780,3840,5526500
12/14/2021,BUDI,177,177,174,175,3207000
12/14/2021,BUKA,510,510,482,488,230161800
12/14/2021,BUKK,1285,1350,1240,1340,48500
12/14/2021,BULL,244,248,230,234,327232700
12/14/2021,BULL-W2,42,45,40,40,161900
12/14/2021,BUMI,71,72,68,70,159297400
12/14/2021,BUVA,60,60,60,60,0
12/14/2021,BVIC,256,276,246,258,429775500
12/14/2021,BWPT,82,82,78,79,15821100
12/14/2021,BYAN,26525,26700,26200,26550,62200
12/14/2021,CAKK,107,110,104,105,27941300
12/14/2021,CAMP,292,296,290,296,957100
12/14/2021,CANI,164,167,162,163,839000
12/14/2021,CARE,505,510,490,490,405362600
12/14/2021,CARS,50,50,50,50,800
12/14/2021,CASA,540,540,525,525,2567800
12/14/2021,CASH,392,392,360,360,10120200
12/14/2021,CASS,498,498,476,490,40900
12/14/2021,CBMF,82,82,80,81,7307300
12/14/2021,CCSI,560,595,560,575,1784000
12/14/2021,CEKA,1915,1930,1910,1910,31200
12/14/2021,CENT,288,290,280,280,23651500
12/14/2021,CFIN,266,266,264,266,574200
12/14/2021,CINT,268,268,254,260,5200
12/14/2021,CITA,2790,2840,2750,2840,700
12/14/2021,CITY,176,178,169,169,22200
12/14/2021,CLAY,755,860,755,825,20600
12/14/2021,CLEO,454,456,446,450,1576400
12/14/2021,CLPI,1020,1025,1010,1020,69900
12/14/2021,CMNP,1470,1485,1450,1470,176200
12/14/2021,CMNP-W,450,470,440,440,154000
12/14/2021,CMNT,1085,1090,1065,1070,49384600
12/14/2021,CMPP,184,184,184,184,0
12/14/2021,CMRY,3490,3490,3390,3440,6752400
12/14/2021,CNKO,50,50,50,50,1500
12/14/2021,CNTB,250,250,250,250,0
12/14/2021,CNTX,322,344,304,316,74300
12/14/2021,COCO,290,298,280,290,16800500
12/14/2021,COCO-W,57,57,57,57,0
12/14/2021,COWL,50,50,50,50,0
12/14/2021,CPIN,5950,6000,5900,5900,4151500
12/14/2021,CPRI,50,50,50,50,0
12/14/2021,CPRI-W,12,12,12,12,0
12/14/2021,CPRO,116,116,107,109,638980900
12/14/2021,CSAP,575,575,550,555,90900
12/14/2021,CSIS,147,149,143,148,23423500
12/14/2021,CSMI,3500,3560,3500,3560,200
12/14/2021,CSRA,540,590,515,520,3168300
12/14/2021,CTBN,2430,2530,2380,2390,2600
12/14/2021,CTRA,1050,1055,1025,1030,14711700
12/14/2021,CTTH,50,51,50,50,1241000
12/14/2021,DADA,50,50,50,50,44500
12/14/2021,DADA-W,11,12,10,11,3281200
12/14/2021,DART,272,272,266,272,353700
12/14/2021,DAYA,298,302,278,302,584800
12/14/2021,DCII,40500,40500,39500,39500,7700
12/14/2021,DEAL,50,50,50,50,64200
12/14/2021,DEFI,850,850,850,850,0
12/14/2021,DEPO,530,530,515,530,8079900
12/14/2021,DEWA,50,50,50,50,2291700
12/14/2021,DFAM,374,374,370,370,25000
12/14/2021,DGIK,228,234,220,224,90651700
12/14/2021,DGNS,765,780,755,755,2333700
12/14/2021,DIGI,121,124,118,119,4152000
12/14/2021,DILD,164,166,164,164,1038500
12/14/2021,DIVA,2040,2040,1955,1960,333800
12/14/2021,DKFT,127,128,125,126,2819300
12/14/2021,DLTA,3800,3810,3790,3800,38400
12/14/2021,DMAS,202,204,198,198,21548500
12/14/2021,DMMX,2640,2670,2590,2590,3808500
12/14/2021,DMND,855,930,850,885,348300
12/14/2021,DNAR,356,362,334,340,65814700
12/14/2021,DNET,3240,3260,3230,3260,13200
12/14/2021,DOID,272,274,264,266,22688500
12/14/2021,DPNS,404,410,404,406,158600
12/14/2021,DPUM,50,50,50,50,0
12/14/2021,DSFI,99,101,99,100,3000900
12/14/2021,DSNG,490,490,480,480,12860200
12/14/2021,DSSA,49000,49000,49000,49000,100
12/14/2021,DUCK,176,176,176,176,0
12/14/2021,DUTI,3310,3310,3300,3300,300
12/14/2021,DVLA,2760,2800,2740,2740,5000
12/14/2021,DWGL,166,224,166,198,2256500
12/14/2021,DWGL-W,25,38,23,32,27490600
12/14/2021,DYAN,78,79,77,78,2989800
12/14/2021,EAST,91,92,90,91,1057500
12/14/2021,EAST-W,12,12,11,12,1615900
12/14/2021,ECII,940,940,940,940,1000
12/14/2021,EDGE,23900,23900,23900,23900,0
12/14/2021,EKAD,1460,1460,1450,1455,187800
12/14/2021,ELSA,292,294,284,286,15122300
12/14/2021,ELTY,50,50,50,50,0
12/14/2021,EMDE,184,184,184,184,0
12/14/2021,EMTK,2230,2320,2150,2200,49482800
12/14/2021,ENRG,109,109,104,106,90404800
12/14/2021,ENVY,50,50,50,50,0
12/14/2021,ENZO,50,50,50,50,65700
12/14/2021,ENZO-W,15,16,15,16,204100
12/14/2021,EPAC,53,57,52,54,86381900
12/14/2021,EPMT,2640,2650,2630,2630,2300
12/14/2021,ERAA,610,615,600,610,54647600
12/14/2021,ERTX,193,202,193,196,728300
12/14/2021,ESIP,107,115,101,115,18336700
12/14/2021,ESSA,406,416,400,412,73950700
12/14/2021,ESTA,226,228,214,226,119700
12/14/2021,ESTI,130,137,130,134,990400
12/14/2021,ETWA,62,62,62,62,0
12/14/2021,EXCL,3180,3200,3130,3190,11155800
12/14/2021,FAPA,3180,3180,3170,3180,101100
12/14/2021,FAST,990,990,965,985,5600
12/14/2021,FASW,7600,7600,7600,7600,0
12/14/2021,FILM,865,880,830,865,13919900
12/14/2021,FIMP,50,50,46,47,11217900
12/14/2021,FIMP-W,18,18,16,18,10500
12/14/2021,FIRE,480,482,472,474,927200
12/14/2021,FISH,8550,8550,8550,8550,200
12/14/2021,FITT,625,625,615,615,13746700
12/14/2021,FITT-W,490,490,490,490,0
12/14/2021,FLMC,458,490,458,490,3698000
12/14/2021,FMII,386,386,382,382,27500
12/14/2021,FOOD,109,118,109,117,1740300
12/14/2021,FORU,230,268,220,264,19440900
12/14/2021,FORZ,50,50,50,50,0
12/14/2021,FPNI,230,230,222,226,1718900
12/14/2021,FREN,90,92,88,91,864957700
12/14/2021,FREN-W2,27,28,26,27,300493100
12/14/2021,FUJI,510,535,500,535,26800
12/14/2021,GAMA,50,50,50,50,17400
12/14/2021,GDST,99,100,97,97,750900
12/14/2021,GDYR,1350,1350,1340,1340,26700
12/14/2021,GEMA,356,356,356,356,0
12/14/2021,GEMS,6100,6150,5700,5700,54400
12/14/2021,GGRM,32000,32000,31050,31400,1580200
12/14/2021,GGRP,825,850,805,830,357600
12/14/2021,GHON,2320,2330,2280,2330,19300
12/14/2021,GIAA,222,222,222,222,0
12/14/2021,GJTL,675,680,670,680,895400
12/14/2021,GLOB,246,248,236,240,48500
12/14/2021,GLVA,280,286,272,274,895500
12/14/2021,GMFI,80,80,78,78,295500
12/14/2021,GMTD,16725,16725,16725,16725,0
12/14/2021,GOLD,396,414,394,408,18400
12/14/2021,GOLL,50,50,50,50,0
12/14/2021,GOOD,500,500,494,498,6806300
12/14/2021,GPRA,94,95,93,94,5840000
12/14/2021,GPSO,133,134,127,127,414900
12/14/2021,GPSO-W,35,39,35,36,108000
12/14/2021,GSMF,310,310,284,284,5049400
12/14/2021,GTBO,75,75,75,75,0
12/14/2021,GTSI,70,74,70,72,39292900
12/14/2021,GWSA,186,192,184,188,980700
12/14/2021,GZCO,67,68,64,66,19130800
12/14/2021,HADE,50,50,50,50,100
12/14/2021,HAIS,204,204,196,200,1472200
12/14/2021,HDFA,244,248,244,244,357300
12/14/2021,HDIT,510,540,476,476,34553500
12/14/2021,HDTX,120,120,120,120,0
12/14/2021,HEAL,1020,1050,1010,1035,15136700
12/14/2021,HELI,330,348,330,338,11600
12/14/2021,HERO,1815,1850,1800,1810,10500
12/14/2021,HEXA,4770,4780,4710,4710,233100
12/14/2021,HITS,398,398,384,398,14000
12/14/2021,HKMU,59,59,54,56,175773300
12/14/2021,HMSP,1000,1005,980,995,28563800
12/14/2021,HOKI,186,187,182,186,2404400
12/14/2021,HOME,50,50,50,50,0
12/14/2021,HOMI,1670,1670,1635,1645,641300
12/14/2021,HOPE,90,94,88,90,6444700
12/14/2021,HOPE-W,17,18,16,18,1833600
12/14/2021,HOTL,50,50,50,50,1000
12/14/2021,HRME,55,56,54,55,2780400
12/14/2021,HRTA,222,224,218,218,5482100
12/14/2021,HRUM,10850,10925,10225,10600,13697600
12/14/2021,IATA,77,78,73,74,160311700
12/14/2021,IBFN,94,98,89,89,126600
12/14/2021,IBST,7125,7500,7125,7225,1200
12/14/2021,ICBP,8750,8775,8700,8700,4739900
12/14/2021,ICON,101,102,99,99,3889200
12/14/2021,IDEA,105,107,101,103,3230200
12/14/2021,IDPR,191,193,186,190,806900
12/14/2021,IFII,154,154,151,153,92400
12/14/2021,IFSH,1580,1650,1470,1630,11200
12/14/2021,IGAR,462,462,448,456,584000
12/14/2021,IIKP,50,50,50,50,0
12/14/2021,IKAI,50,50,50,50,500
12/14/2021,IKAN,99,99,94,95,1270400
12/14/2021,IKBI,240,250,240,250,182400
12/14/2021,IMAS,940,960,940,950,1716100
12/14/2021,IMJS,434,442,432,432,4178400
12/14/2021,IMPC,2670,2720,2650,2690,4329100
12/14/2021,INAF,2360,2390,2310,2310,354500
12/14/2021,INAI,302,302,302,302,700
12/14/2021,INCF,442,450,422,434,28600
12/14/2021,INCI,580,595,580,585,13000
12/14/2021,INCO,4720,4730,4670,4710,8711100
12/14/2021,INDF,6575,6575,6450,6450,6530400
12/14/2021,INDO,111,112,108,108,8031500
12/14/2021,INDO-W,13,13,11,12,98360000
12/14/2021,INDR,4460,4480,4360,4420,137400
12/14/2021,INDS,2160,2160,2100,2100,6800
12/14/2021,INDX,112,123,112,118,23885600
12/14/2021,INDY,1665,1670,1625,1635,18968800
12/14/2021,INKP,7900,7950,7750,7925,3926600
12/14/2021,INOV,222,228,216,216,2129100
12/14/2021,INPC,156,157,145,146,70764300
12/14/2021,INPP,650,650,650,650,0
12/14/2021,INPS,1785,1785,1785,1785,0
12/14/2021,INRU,700,740,690,690,31700
12/14/2021,INTA,103,107,98,99,303100
12/14/2021,INTD,340,346,320,338,1900300
12/14/2021,INTP,11900,12100,11800,11925,2137000
12/14/2021,IPAC,124,124,116,124,2200
12/14/2021,IPCC,565,565,550,555,1120500
12/14/2021,IPCM,310,310,302,304,2051000
12/14/2021,IPOL,178,178,174,175,1177900
12/14/2021,IPPE,252,304,228,228,53711600
12/14/2021,IPTV,214,214,206,208,13890000
12/14/2021,IRRA,1990,2040,1965,2010,10867600
12/14/2021,ISAT,6400,6450,6225,6275,3909400
12/14/2021,ISSP,440,446,426,430,45886200
12/14/2021,ITIC,294,300,290,292,1018900
12/14/2021,ITMA,510,515,510,515,100900
12/14/2021,ITMA-W,98,104,98,104,3200
12/14/2021,ITMG,20200,20375,19750,20325,2238100
12/14/2021,JAST,146,148,142,142,9868100
12/14/2021,JAWA,244,246,236,238,7764100
12/14/2021,JAYA,228,228,218,228,27306800
12/14/2021,JAYA-W,64,66,61,65,2551700
12/14/2021,JECC,5450,5450,5450,5450,100
12/14/2021,JGLE,50,50,50,50,400
12/14/2021,JIHD,470,520,458,498,54800
12/14/2021,JKON,127,128,125,125,1186000
12/14/2021,JKSW,60,60,60,60,0
12/14/2021,JMAS,178,182,171,172,4620600
12/14/2021,JPFA,1580,1590,1545,1580,20520300
12/14/2021,JRPT,490,490,484,488,1130600
12/14/2021,JSKY,102,109,100,109,11080800
12/14/2021,JSMR,3950,3970,3910,3920,3316300
12/14/2021,JSPT,780,780,780,780,0
12/14/2021,JTPE,1090,1090,1080,1080,148900
12/14/2021,KAEF,2510,2550,2480,2480,2761400
12/14/2021,KARW,97,103,95,97,21238300
12/14/2021,KAYU,51,53,50,51,28440400
12/14/2021,KBAG,87,89,83,83,976966500
12/14/2021,KBAG-W,15,15,13,13,155958500
12/14/2021,KBLI,286,286,284,286,1649000
12/14/2021,KBLM,208,208,202,202,142500
12/14/2021,KBLV,710,710,665,710,12190200
12/14/2021,KBRI,50,50,50,50,0
12/14/2021,KDSI,1055,1090,1025,1090,11000
12/14/2021,KEEN,442,444,440,440,1124200
12/14/2021,KEJU,1185,1195,1170,1195,54700
12/14/2021,KIAS,50,50,50,50,13100
12/14/2021,KICI,324,324,308,312,718900
12/14/2021,KIJA,170,174,170,171,2663100
12/14/2021,KINO,2040,2080,2020,2030,134900
12/14/2021,KIOS,635,645,605,610,62850100
12/14/2021,KJEN,935,975,870,880,997900
12/14/2021,KKGI,282,284,278,282,287700
12/14/2021,KLBF,1610,1615,1600,1610,44663200
12/14/2021,KMDS,450,468,442,446,4800
12/14/2021,KMTR,330,344,308,336,722300
12/14/2021,KOBX,258,308,256,308,52543200
12/14/2021,KOIN,162,166,162,166,40000
12/14/2021,KONI,870,1085,830,1085,63900
12/14/2021,KOPI,690,780,690,690,71700
12/14/2021,KOTA,87,87,80,81,98064700
12/14/2021,KOTA-W,75,75,62,74,1000
12/14/2021,KPAL,50,50,50,50,0
12/14/2021,KPAS,62,62,62,62,0
12/14/2021,KPIG,97,98,95,96,6200000
12/14/2021,KRAH,436,436,436,436,0
12/14/2021,KRAS,408,412,396,398,16889100
12/14/2021,KREN,99,100,95,98,8348200
12/14/2021,KUAS,139,142,131,131,47131200
12/14/2021,KUAS-W,31,33,30,32,1911800
12/14/2021,LABA,113,113,106,106,7177600
12/14/2021,LABA-W,23,23,21,22,6137600
12/14/2021,LAND,81,96,81,95,137247700
12/14/2021,LAPD,50,50,50,50,0
12/14/2021,LCGP,114,114,114,114,0
12/14/2021,LCKM,300,308,300,308,15200
12/14/2021,LEAD,52,59,52,55,253234000
12/14/2021,LFLO,117,120,116,116,86000
12/14/2021,LFLO-W,42,42,40,40,2751500
12/14/2021,LIFE,6150,6150,6150,6150,2000
12/14/2021,LINK,4340,4350,4280,4340,854700
12/14/2021,LION,344,354,326,334,59700
12/14/2021,LMAS,121,161,120,161,401163700
12/14/2021,LMPI,192,195,185,192,90200
12/14/2021,LMSH,740,740,700,740,4400
12/14/2021,LPCK,1340,1340,1265,1270,1276300
12/14/2021,LPGI,4600,4600,4600,4600,100
12/14/2021,LPIN,1380,1380,1345,1370,15414700
12/14/2021,LPKR,147,147,143,146,45598200
12/14/2021,LPLI,294,294,282,284,30800
12/14/2021,LPPF,4280,4290,4000,4000,3642400
12/14/2021,LPPS,117,117,112,114,1024600
12/14/2021,LRNA,188,191,176,189,59700
12/14/2021,LSIP,1245,1265,1215,1240,15998000
12/14/2021,LTLS,680,680,675,675,37800
12/14/2021,LUCK,410,420,400,400,96217000
12/14/2021,LUCY,50,51,49,51,1892700
12/14/2021,LUCY-W,13,14,13,13,594000
12/14/2021,MABA,50,50,50,50,0
12/14/2021,MAGP,50,50,50,50,0
12/14/2021,MAIN,690,690,680,685,799900
12/14/2021,MAMI,50,50,50,50,0
12/14/2021,MAMI-W,6,6,6,6,0
12/14/2021,MAMIP,600,600,600,600,0
12/14/2021,MAPA,2570,2610,2470,2560,1774600
12/14/2021,MAPB,1620,1620,1555,1600,1900
12/14/2021,MAPI,765,770,750,750,5385500
12/14/2021,MARI,480,482,460,478,37348400
12/14/2021,MARK,1070,1090,1065,1075,6019000
12/14/2021,MASA,6500,7100,6050,6425,143700
12/14/2021,MASB,3530,3580,3530,3530,7700
12/14/2021,MASB-W,358,368,342,356,558800
12/14/2021,MAYA,710,710,695,700,1839100
12/14/2021,MBAP,3620,3660,3580,3600,139000
12/14/2021,MBSS,935,1000,935,995,6339600
12/14/2021,MBTO,178,180,168,168,482900
12/14/2021,MCAS,10950,10950,10300,10300,284400
12/14/2021,MCOL,3390,3400,3350,3400,407500
12/14/2021,MCOR,129,129,124,125,9025300
12/14/2021,MDIA,50,50,50,50,10900
12/14/2021,MDKA,3750,3750,3560,3610,54697800
12/14/2021,MDKI,212,216,206,208,1110400
12/14/2021,MDLN,51,51,51,51,0
12/14/2021,MDRN,50,50,50,50,2000
12/14/2021,MEDC,500,500,480,494,28447500
12/14/2021,MEGA,8500,8500,8400,8500,7100
12/14/2021,MERK,3680,3690,3650,3650,85500
12/14/2021,META,115,116,113,114,2732000
12/14/2021,MFIN,1115,1115,1115,1115,0
12/14/2021,MFMI,985,985,950,950,7800
12/14/2021,MGLV,258,280,236,256,563100
12/14/2021,MGLV-W,27,28,24,27,16605800
12/14/2021,MGNA,50,50,50,50,0
12/14/2021,MGRO,845,845,815,825,3780100
12/14/2021,MICE,416,424,416,424,687500
12/14/2021,MIDI,2130,2140,2070,2140,900
12/14/2021,MIKA,2440,2440,2370,2400,20314500
12/14/2021,MINA,50,50,50,50,533200
12/14/2021,MIRA,50,50,50,50,58500
12/14/2021,MITI,210,230,206,222,92761600
12/14/2021,MKNT,50,50,50,50,100
12/14/2021,MKPI,24925,24925,24925,24925,0
12/14/2021,MLBI,8075,8100,7950,8075,54900
12/14/2021,MLIA,2460,2480,2290,2290,5944000
12/14/2021,MLPL,362,366,352,356,133286200
12/14/2021,MLPT,3460,3460,3380,3380,33800
12/14/2021,MMLP,605,610,585,595,11286700
12/14/2021,MNCN,955,960,935,945,19607800
12/14/2021,MOLI,540,585,515,540,133200
12/14/2021,MPMX,1135,1200,1120,1200,22713500
12/14/2021,MPOW,121,121,111,113,11020000
12/14/2021,MPPA,500,515,490,500,68056300
12/14/2021,MPRO,885,935,830,845,2800
12/14/2021,MRAT,252,258,252,256,299000
12/14/2021,MREI,3550,3820,3550,3820,200
12/14/2021,MSIN,1360,1435,1320,1390,35146100
12/14/2021,MSKY,320,320,304,306,53500
12/14/2021,MTDL,3980,3990,3810,3880,3142400
12/14/2021,MTEL,780,790,770,775,67906800
12/14/2021,MTFN,50,50,50,50,100
12/14/2021,MTLA,410,414,398,414,283300
12/14/2021,MTPS,112,114,111,112,512400
12/14/2021,MTRA,244,244,244,244,0
12/14/2021,MTSM,422,428,400,420,767000
12/14/2021,MTWI,109,113,109,109,1291100
12/14/2021,MYOH,1690,1690,1660,1690,4800
12/14/2021,MYOR,2140,2140,2080,2090,3181600
12/14/2021,MYRX,50,50,50,50,0
12/14/2021,MYRXP,50,50,50,50,0
12/14/2021,MYTX,99,104,95,100,9921200
12/14/2021,NASA,63,68,63,64,10237300
12/14/2021,NASI,228,260,228,244,228710700
12/14/2021,NATO,730,740,720,725,262290000
12/14/2021,NATO-W,580,580,580,580,0
12/14/2021,NELY,288,306,286,296,9039000
12/14/2021,NFCX,9400,9425,9375,9425,39300
12/14/2021,NICK,800,805,770,800,7800
12/14/2021,NICL,72,73,71,71,14823400
12/14/2021,NICL-W,10,11,10,10,28279500
12/14/2021,NIKL,1010,1010,990,1000,275200
12/14/2021,NIPS,282,282,282,282,0
12/14/2021,NIRO,148,148,145,148,101200
12/14/2021,NISP,675,675,670,675,490800
12/14/2021,NOBU,850,855,785,785,68143500
12/14/2021,NPGF,95,97,93,95,8920900
12/14/2021,NRCA,286,288,282,282,297900
12/14/2021,NUSA,50,50,50,50,0
12/14/2021,NZIA,158,158,155,155,30500
12/14/2021,OASA,352,420,350,416,8165400
12/14/2021,OBMD,145,146,138,141,7622400
12/14/2021,OBMD-W,24,25,22,23,9024200
12/14/2021,OCAP,159,159,159,159,0
12/14/2021,OILS,300,308,282,298,23118600
12/14/2021,OILS-W,103,114,102,105,1752300
12/14/2021,OKAS,77,78,75,76,3397500
12/14/2021,OMRE,790,790,790,790,1700
12/14/2021,OPMS,146,150,144,146,14002000
12/14/2021,PADI,50,50,50,50,24000
12/14/2021,PALM,700,715,660,685,17795200
12/14/2021,PAMG,94,96,90,92,1991100
12/14/2021,PANI,1340,1340,1340,1340,93700
12/14/2021,PANR,262,274,250,270,1847600
12/14/2021,PANS,1335,1340,1320,1320,148100
12/14/2021,PBID,1655,1655,1625,1650,522700
12/14/2021,PBRX,173,173,166,169,4565200
12/14/2021,PBSA,710,710,665,695,7300
12/14/2021,PCAR,282,282,280,280,30100
12/14/2021,PDES,296,296,292,296,53800
12/14/2021,PEGE,1200,1220,1190,1220,40200
12/14/2021,PEHA,1130,1130,1115,1120,357400
12/14/2021,PGAS,1485,1495,1465,1480,46894900
12/14/2021,PGJO,75,76,74,76,38600
12/14/2021,PGLI,266,270,256,264,103300
12/14/2021,PGUN,316,322,314,322,26800
12/14/2021,PICO,100,101,100,101,3000
12/14/2021,PJAA,585,590,565,580,70100
12/14/2021,PKPK,175,183,171,173,96888000
12/14/2021,PLAN,35,37,35,37,5276800
12/14/2021,PLAN-W,10,11,10,11,2810700
12/14/2021,PLAS,50,50,50,50,0
12/14/2021,PLIN,2450,2450,2450,2450,0
12/14/2021,PMJS,160,160,154,155,1726700
12/14/2021,PMMP,458,468,448,466,33861800
12/14/2021,PNBN,765,765,755,755,3271100
12/14/2021,PNBS,94,95,90,91,83233700
12/14/2021,PNGO,1500,1505,1495,1505,8800
12/14/2021,PNIN,695,695,690,695,83900
12/14/2021,PNLF,175,175,173,174,25980100
12/14/2021,PNSE,600,600,590,600,10800
12/14/2021,POLA,268,286,262,262,14157800
12/14/2021,POLA-W,95,105,93,93,150100
12/14/2021,POLI,1440,1470,1440,1470,1400
12/14/2021,POLL,1585,1605,1480,1485,1047000
12/14/2021,POLU,458,500,444,444,27900
12/14/2021,POLY,57,60,54,55,71347300
12/14/2021,POOL,50,50,50,50,0
12/14/2021,PORT,590,625,590,610,8300
12/14/2021,POSA,50,50,50,50,0
12/14/2021,POWR,620,630,620,620,3017500
12/14/2021,PPGL,132,142,131,138,7549000
12/14/2021,PPGL-W,23,24,21,23,24892900
12/14/2021,PPRE,192,194,188,189,6194800
12/14/2021,PPRO,69,70,68,68,14618100
12/14/2021,PRAS,260,260,250,254,99800
12/14/2021,PRDA,9300,10000,9300,9575,2829000
12/14/2021,PRIM,480,496,474,474,6611800
12/14/2021,PSAB,133,133,130,131,2767000
12/14/2021,PSDN,152,152,145,149,165600
12/14/2021,PSGO,250,254,234,246,21709100
12/14/2021,PSKT,50,50,50,50,200
12/14/2021,PSSI,402,430,398,430,17047800
12/14/2021,PTBA,2710,2730,2670,2730,16520100
12/14/2021,PTDU,180,216,180,208,92961600
12/14/2021,PTIS,366,400,364,368,18800
12/14/2021,PTPP,1090,1095,1065,1075,20416600
12/14/2021,PTPW,750,770,745,760,454900
12/14/2021,PTRO,2380,2400,2310,2350,451200
12/14/2021,PTSN,234,234,230,232,359000
12/14/2021,PTSP,4760,6100,4760,5750,3700
12/14/2021,PUDP,330,342,314,336,8100
12/14/2021,PURA,75,75,70,70,185952300
12/14/2021,PURA-W,20,20,18,18,14456300
12/14/2021,PURE,83,92,81,85,56879300
12/14/2021,PURI,392,392,366,366,70200
12/14/2021,PWON,505,505,488,492,26023000
12/14/2021,PYFA,1035,1035,1015,1020,33200
12/14/2021,PZZA,690,695,680,690,198300
12/14/2021,R-ABFII,28600,28600,28600,28600,0
12/14/2021,R-LQ45X,1010,1010,996,1005,17200
12/14/2021,RAJA,192,193,188,190,3624200
12/14/2021,RALS,690,705,680,690,3040700
12/14/2021,RANC,2530,2530,2360,2390,834600
12/14/2021,RBMS,72,72,61,62,423701800
12/14/2021,RDTX,6750,6750,6750,6750,600
12/14/2021,REAL,83,83,78,79,43989700
12/14/2021,RELI,460,460,460,460,100
12/14/2021,RICY,92,93,92,93,490200
12/14/2021,RIGS,320,336,318,328,245500
12/14/2021,RIMO,50,50,50,50,0
12/14/2021,RISE,386,386,380,386,257000
12/14/2021,RMBA,306,306,306,306,0
12/14/2021,RMKE,230,230,218,220,15267200
12/14/2021,ROCK,725,725,665,690,1500
12/14/2021,RODA,96,98,93,95,7412300
12/14/2021,RONY,276,292,272,280,19900
12/14/2021,ROTI,1295,1295,1280,1285,990200
12/14/2021,RSGK,1680,1680,1670,1680,55000
12/14/2021,RUIS,214,226,214,216,319700
12/14/2021,RUNS,294,298,280,286,916000
12/14/2021,SAFE,232,234,230,232,1093400
12/14/2021,SAME,436,444,422,424,56649000
12/14/2021,SAMF,985,1020,950,1020,10321400
12/14/2021,SAPX,1250,1280,1240,1275,6600
12/14/2021,SATU,98,98,94,95,6974800
12/14/2021,SBAT,50,50,50,50,9200
12/14/2021,SBAT-W,12,12,11,12,1637100
12/14/2021,SBAT-W2,32,44,29,36,475900
12/14/2021,SBMA,408,448,400,440,11459800
12/14/2021,SBMA-W,102,119,100,118,335700
12/14/2021,SCCO,10200,10200,10200,10200,0
12/14/2021,SCMA,358,360,342,342,90073500
12/14/2021,SCNP,202,202,197,202,1051700
12/14/2021,SCPI,29000,29000,29000,29000,0
12/14/2021,SDMU,50,50,50,50,13700
12/14/2021,SDPC,134,134,132,133,239200
12/14/2021,SDRA,610,610,595,600,85300
12/14/2021,SFAN,1500,1500,1490,1490,615100
12/14/2021,SGER,1225,1270,1215,1270,3377200
12/14/2021,SGER-W,1160,1160,1160,1160,0
12/14/2021,SGRO,2000,2000,1900,2000,1011800
12/14/2021,SHID,1100,1105,1035,1035,125200
12/14/2021,SHIP,1015,1050,1010,1010,3920300
12/14/2021,SIDO,890,900,880,880,6314400
12/14/2021,SILO,8425,8475,7900,8000,1063300
12/14/2021,SIMA,50,50,50,50,0
12/14/2021,SIMP,474,478,466,474,1197900
12/14/2021,SINI,292,292,272,272,31700
12/14/2021,SINI-W,76,76,76,76,0
12/14/2021,SIPD,1660,1835,1660,1835,121800
12/14/2021,SKBM,364,364,348,348,5300
12/14/2021,SKLT,2290,2290,2290,2290,100
12/14/2021,SKRN,870,885,860,860,2221100
12/14/2021,SKYB,51,51,51,51,0
12/14/2021,SLIS,1390,1390,1295,1310,243800
12/14/2021,SMAR,4340,4380,4330,4330,9600
12/14/2021,SMBR,710,715,680,690,4163400
12/14/2021,SMCB,1680,1680,1660,1665,448800
12/14/2021,SMDM,176,180,176,180,537300
12/14/2021,SMDR,1085,1185,1045,1170,65739500
12/14/2021,SMGR,7925,7950,7725,7750,29574200
12/14/2021,SMKL,432,446,430,438,574700
12/14/2021,SMKL-W,50,54,49,53,2791900
12/14/2021,SMMA,13000,13000,12100,12100,3900
12/14/2021,SMMT,212,220,206,210,27299000
12/14/2021,SMRA,910,915,885,895,8441000
12/14/2021,SMRU,50,50,50,50,0
12/14/2021,SMSM,1350,1360,1350,1350,279900
12/14/2021,SNLK,1930,1950,1925,1940,4554500
12/14/2021,SOCI,212,222,206,214,111455900
12/14/2021,SOFA,48,49,47,48,596100
12/14/2021,SOHO,6000,6250,6000,6200,1900
12/14/2021,SONA,5150,5500,4600,4600,1800
12/14/2021,SOSS,398,398,378,386,31200
12/14/2021,SOSS-W,40,40,38,38,500
12/14/2021,SOTS,294,294,260,274,1700
12/14/2021,SOTS-W,50,50,42,42,10500
12/14/2021,SPMA,680,695,660,670,1342900
12/14/2021,SPTO,660,665,660,665,215900
12/14/2021,SQMI,87,87,81,82,65371400
12/14/2021,SRAJ,404,410,392,398,1480300
12/14/2021,SRIL,146,146,146,146,0
12/14/2021,SRSN,55,55,54,54,958800
12/14/2021,SRTG,2850,2930,2820,2890,15551100
12/14/2021,SSIA,470,470,462,470,1120300
12/14/2021,SSMS,1015,1015,965,1015,12430900
12/14/2021,SSTM,845,845,840,840,1400
12/14/2021,STAR,151,152,145,150,11800
12/14/2021,STTP,8000,8000,8000,8000,200
12/14/2021,SUGI,50,50,50,50,0
12/14/2021,SULI,50,50,50,50,192000
12/14/2021,SUPR,15450,15450,15450,15450,300
12/14/2021,SURE,2000,2000,1975,1975,5200
12/14/2021,SWAT,175,184,175,178,43057700
12/14/2021,TALF,296,320,296,316,7700
12/14/2021,TAMA,59,60,58,59,2409500
12/14/2021,TAMA-W,16,17,16,16,825300
12/14/2021,TAMU,50,50,50,50,104600
12/14/2021,TAPG,630,640,615,635,59283100
12/14/2021,TARA,50,50,50,50,7400
12/14/2021,TAXI,50,50,50,50,3900
12/14/2021,TAYS,264,270,258,264,9640800
12/14/2021,TBIG,3140,3220,3070,3100,34766100
12/14/2021,TBLA,800,810,795,800,350500
12/14/2021,TBMS,1675,1675,1650,1655,2200
12/14/2021,TCID,5375,5500,5300,5300,4800
12/14/2021,TCPI,9275,9300,9125,9175,5046000
12/14/2021,TDPM,119,119,119,119,0
12/14/2021,TEBE,705,715,670,685,416100
12/14/2021,TECH,9575,10200,9400,9500,1492700
12/14/2021,TELE,121,121,121,121,0
12/14/2021,TFAS,5000,5125,4870,4950,149900
12/14/2021,TFCO,725,725,720,720,800
12/14/2021,TGKA,6925,6925,6925,6925,0
12/14/2021,TGRA,77,81,75,76,14338200
12/14/2021,TIFA,850,850,815,815,23700
12/14/2021,TINS,1565,1565,1540,1540,10289500
12/14/2021,TIRA,458,460,428,436,179400
12/14/2021,TIRT,78,80,77,77,1360100
12/14/2021,TKIM,7700,7725,7575,7600,2292500
12/14/2021,TLKM,4120,4120,4070,4100,75736900
12/14/2021,TMAS,1230,1515,1220,1515,45644100
12/14/2021,TMPO,155,155,148,151,37600
12/14/2021,TNCA,1985,2180,1880,2030,10223700
12/14/2021,TOBA,1255,1255,1255,1255,0
12/14/2021,TOPS,50,50,50,50,3856100
12/14/2021,TOTL,318,326,318,322,1140800
12/14/2021,TOTO,216,216,210,210,49000
12/14/2021,TOWR,1145,1145,1125,1125,25468300
12/14/2021,TOYS,185,191,183,185,60065600
12/14/2021,TOYS-W,31,33,31,31,9315800
12/14/2021,TPIA,7350,7400,7250,7400,2973200
12/14/2021,TPMA,386,402,382,402,6906800
12/14/2021,TRAM,50,50,50,50,0
12/14/2021,TRIL,50,50,50,50,0
12/14/2021,TRIM,382,394,364,392,27200200
12/14/2021,TRIN,268,272,262,262,7469900
12/14/2021,TRIN-W,27,29,26,28,3287500
12/14/2021,TRIO,426,426,426,426,0
12/14/2021,TRIS,270,284,252,254,15002900
12/14/2021,TRIS-W,6,6,6,6,0
12/14/2021,TRJA,615,645,605,620,21660000
12/14/2021,TRST,580,585,580,580,6700
12/14/2021,TRUE,117,124,117,121,55771200
12/14/2021,TRUE-W,21,22,20,21,12089500
12/14/2021,TRUK,151,162,151,158,10203600
12/14/2021,TRUS,420,424,414,416,8900
12/14/2021,TSPC,1475,1475,1460,1465,178000
12/14/2021,TUGU,1615,1615,1595,1610,201000
12/14/2021,TURI,1300,1300,1300,1300,4600
12/14/2021,UANG,815,815,810,815,4700
12/14/2021,UCID,1495,1500,1440,1465,226100
12/14/2021,UFOE,1535,1675,1505,1550,1713700
12/14/2021,ULTJ,1555,1565,1555,1560,264600
12/14/2021,UNIC,12400,12425,12000,12400,1200
12/14/2021,UNIQ,88,88,86,86,1020100
12/14/2021,UNIT,316,316,316,316,0
12/14/2021,UNSP,111,112,110,110,304100
12/14/2021,UNTR,22025,22100,21700,22000,3483800
12/14/2021,UNVR,4350,4360,4280,4290,13487200
12/14/2021,URBN,810,810,790,795,436200
12/14/2021,UVCR,386,408,382,392,6182200
12/14/2021,UVCR-W,168,173,164,166,1113700
12/14/2021,VICI,530,530,515,520,3402500
12/14/2021,VICO,254,306,242,276,64038800
12/14/2021,VINS,180,197,168,168,12342600
12/14/2021,VIVA,50,50,50,50,136600
12/14/2021,VOKS,190,190,187,189,3300
12/14/2021,VRNA,181,188,176,182,18203000
12/14/2021,WAPO,208,208,196,197,5140000
12/14/2021,WEGE,210,210,200,202,13404200
12/14/2021,WEHA,189,232,189,220,155816400
12/14/2021,WGSH,180,180,180,180,2665000
12/14/2021,WICO,414,414,414,414,0
12/14/2021,WIFI,600,615,590,595,25502100
12/14/2021,WIFI-W,230,230,230,230,0
12/14/2021,WIIM,486,488,470,478,3456700
12/14/2021,WIKA,1180,1180,1145,1155,21370500
12/14/2021,WINS,189,234,187,218,189182300
12/14/2021,WMPP,151,153,148,149,26789600
12/14/2021,WMUU,159,159,154,155,8118800
12/14/2021,WOMF,248,250,238,246,309400
12/14/2021,WOOD,800,810,780,790,3882300
12/14/2021,WOWS,53,53,51,52,9064200
12/14/2021,WSBP,123,124,121,122,27959000
12/14/2021,WSKT,800,810,785,790,8434300
12/14/2021,WTON,284,284,272,274,7390900
12/14/2021,XAFA,1087,1087,1054,1054,600
12/14/2021,XAQA,946,946,946,946,0
12/14/2021,XBES,969,969,969,969,0
12/14/2021,XBID,526,526,526,526,0
12/14/2021,XBIG,511,511,511,511,0
12/14/2021,XBIN,495,495,495,495,0
12/14/2021,XBLQ,485,485,485,485,0
12/14/2021,XBNI,1039,1039,1039,1039,600
12/14/2021,XBSK,394,394,394,394,0
12/14/2021,XCID,83,83,83,83,1900
12/14/2021,XCIS,105,105,105,105,0
12/14/2021,XCLQ,99,99,99,99,1700
12/14/2021,XDIF,467,467,467,467,0
12/14/2021,XDSG,998,998,998,998,500
12/14/2021,XIFE,103,103,102,102,4500
12/14/2021,XIHD,495,495,492,492,1000
12/14/2021,XIIC,978,978,978,978,0
12/14/2021,XIID,525,525,515,515,2600
12/14/2021,XIIF,548,548,548,548,9600
12/14/2021,XIIT,530,536,528,535,598700
12/14/2021,XIJI,604,604,597,597,11500
12/14/2021,XILV,116,116,116,116,100
12/14/2021,XIML,259,259,259,259,600
12/14/2021,XIPI,180,180,180,180,1300
12/14/2021,XISB,398,398,398,398,0
12/14/2021,XISC,692,704,692,693,3100
12/14/2021,XISI,336,336,336,336,0
12/14/2021,XISR,389,389,385,385,8100
12/14/2021,XKIV,469,469,469,469,0
12/14/2021,XKMS,1090,1090,1075,1075,5100
12/14/2021,XMIG,179,179,179,179,0
12/14/2021,XMJM,1001,1001,1001,1001,0
12/14/2021,XMTS,477,477,477,477,0
12/14/2021,XNVE,145,145,145,145,100
12/14/2021,XPCR,902,902,882,893,300
12/14/2021,XPDV,474,474,474,474,0
12/14/2021,XPES,387,387,380,380,7000
12/14/2021,XPFT,553,553,553,553,0
12/14/2021,XPID,520,520,520,520,0
12/14/2021,XPLC,463,463,463,463,0
12/14/2021,XPLQ,490,490,490,490,0
12/14/2021,XPMI,975,975,975,975,7400
12/14/2021,XPSG,398,398,398,398,0
12/14/2021,XPTD,510,510,510,510,0
12/14/2021,XSBC,107,107,107,107,0
12/14/2021,XSMU,137,137,137,137,1700
12/14/2021,XSPI,750,750,750,750,0
12/14/2021,XSRI,186,186,186,186,0
12/14/2021,XSSI,81,81,81,81,600
12/14/2021,XSSK,662,662,662,662,0
12/14/2021,YELO,158,158,153,154,34851300
12/14/2021,YPAS,730,855,730,855,309300
12/14/2021,YULE,1095,1120,1075,1100,102100
12/14/2021,ZBRA,695,700,665,675,1437000
12/14/2021,ZINC,112,113,106,108,893370900
12/14/2021,ZONE,408,408,404,406,129400
12/14/2021,ZYRX,595,610,555,555,15665500
12/14/2021,ZYRX-W,100,101,95,98,679300
