<date>,<ticker>,<open>,<high>,<low>,<close>,<volume>
6/9/2021,IHSG,5973.036,6047.475,5972.449,6047.475,252163510
6/9/2021,AALI,8900,9000,8875,8900,691400
6/9/2021,ABBA,228,236,222,226,33846400
6/9/2021,ABDA,7050,7050,7050,7050,0
6/9/2021,ABMM,845,855,790,810,200200
6/9/2021,ACES,1445,1445,1410,1415,28795600
6/9/2021,ACST,246,246,238,240,10638900
6/9/2021,ADES,1950,1950,1925,1950,56900
6/9/2021,ADHI,980,995,975,980,7837300
6/9/2021,ADMF,8075,8175,8075,8125,65800
6/9/2021,ADMG,160,178,160,164,16346500
6/9/2021,ADRO,1215,1225,1205,1215,40082700
6/9/2021,AGAR,410,460,400,404,30500
6/9/2021,AGII,1035,1100,1020,1055,4371100
6/9/2021,AGRO,970,1095,950,1085,274117800
6/9/2021,AGRS,520,555,498,530,2018200
6/9/2021,AHAP,65,66,64,64,1213600
6/9/2021,AIMS,424,424,396,396,175600
6/9/2021,AISA,238,242,234,236,9037000
6/9/2021,AKKU,50,50,50,50,7300
6/9/2021,AKPI,575,575,560,570,33300
6/9/2021,AKRA,3250,3260,3150,3160,7184400
6/9/2021,AKSI,500,530,500,505,2600
6/9/2021,ALDO,1005,1020,945,945,8834300
6/9/2021,ALKA,266,278,262,274,26900
6/9/2021,ALMI,244,244,240,240,1200
6/9/2021,ALTO,384,384,384,384,5100
6/9/2021,AMAG,348,348,330,332,87500
6/9/2021,AMAN,284,286,284,284,98500
6/9/2021,AMAR,268,268,260,262,1235900
6/9/2021,AMFG,3950,4000,3900,4000,170200
6/9/2021,AMIN,193,256,193,256,453400
6/9/2021,AMOR,3830,3830,3690,3690,1473000
6/9/2021,AMRT,1000,1185,970,1115,436298800
6/9/2021,ANDI,50,50,50,50,71700
6/9/2021,ANJT,695,695,690,695,2700
6/9/2021,ANTM,2380,2480,2370,2460,117338500
6/9/2021,APEX,750,800,750,770,308100
6/9/2021,APIC,755,770,750,760,10466800
6/9/2021,APII,182,183,181,182,164200
6/9/2021,APLI,196,196,195,196,7000
6/9/2021,APLN,150,152,149,150,8104600
6/9/2021,ARGO,1970,1970,1950,1950,13100
6/9/2021,ARII,328,350,292,308,728200
6/9/2021,ARKA,50,50,50,50,4900
6/9/2021,ARMY,50,50,50,50,0
6/9/2021,ARNA,730,745,730,740,514900
6/9/2021,ARTA,460,500,460,500,337000
6/9/2021,ARTI,50,50,50,50,1800
6/9/2021,ARTO,12050,13300,12025,12600,56485700
6/9/2021,ASBI,292,326,292,318,2626100
6/9/2021,ASDM,930,945,895,925,22800
6/9/2021,ASGR,770,770,760,765,194100
6/9/2021,ASII,5275,5350,5225,5325,24331300
6/9/2021,ASJT,216,224,216,222,347300
6/9/2021,ASMI,650,655,650,655,6400
6/9/2021,ASPI,51,53,51,52,3063700
6/9/2021,ASPI-W,15,16,14,15,3938100
6/9/2021,ASRI,184,185,181,182,18924900
6/9/2021,ASRM,1610,1610,1550,1610,1200
6/9/2021,ASSA,2280,2480,2280,2450,40502300
6/9/2021,ATAP,119,120,111,111,1166600
6/9/2021,ATIC,705,735,705,725,13100
6/9/2021,AUTO,1140,1155,1135,1140,486700
6/9/2021,AYLS,97,97,90,90,18996300
6/9/2021,BABP,370,416,366,410,1529052000
6/9/2021,BABP-W3,300,348,270,328,156200
6/9/2021,BABP-W4,316,358,302,338,11826000
6/9/2021,BACA,394,402,392,394,12454800
6/9/2021,BACA-W2,260,260,260,260,100
6/9/2021,BAJA,404,414,392,402,7080400
6/9/2021,BALI,640,640,615,615,264700
6/9/2021,BANK,2960,2970,2810,2900,87825700
6/9/2021,BANK-W,2500,2520,2410,2490,12200
6/9/2021,BAPA,50,50,50,50,2100
6/9/2021,BAPI,50,50,50,50,341900
6/9/2021,BAPI-W,6,6,5,6,14335100
6/9/2021,BATA,640,640,640,640,200
6/9/2021,BAYU,1100,1100,1100,1100,100
6/9/2021,BBCA,31800,32675,31800,32650,15439600
6/9/2021,BBHI,1450,1555,1435,1550,8265900
6/9/2021,BBKP,450,454,434,450,121630700
6/9/2021,BBLD,456,460,450,450,79800
6/9/2021,BBMD,1415,1450,1415,1450,18500
6/9/2021,BBNI,5575,5650,5500,5625,15525600
6/9/2021,BBRI,4100,4270,4100,4220,97665400
6/9/2021,BBRM,50,50,50,50,200
6/9/2021,BBSI,2970,3000,2890,2980,53700
6/9/2021,BBSS,51,52,50,51,3030500
6/9/2021,BBTN,1600,1625,1590,1605,16847500
6/9/2021,BBYB,420,430,416,424,6360700
6/9/2021,BCAP,202,212,190,202,544077400
6/9/2021,BCIC,700,700,700,700,0
6/9/2021,BCIP,65,66,63,66,2915200
6/9/2021,BDMN,2310,2360,2300,2320,921800
6/9/2021,BEBS,850,850,795,795,1904000
6/9/2021,BEEF,108,110,107,107,4526600
6/9/2021,BEKS,91,100,90,97,612326400
6/9/2021,BELL,126,130,123,126,3266000
6/9/2021,BESS,370,390,368,388,1664700
6/9/2021,BESS-W,157,338,157,202,163700
6/9/2021,BEST,144,146,142,142,8337000
6/9/2021,BFIN,825,845,810,840,53170000
6/9/2021,BGTG,180,212,177,179,589828300
6/9/2021,BHAT,580,595,575,585,154955300
6/9/2021,BHIT,110,143,107,143,6230176800
6/9/2021,BIKA,151,152,148,152,21400
6/9/2021,BIMA,64,65,62,64,1151400
6/9/2021,BINA,1850,1870,1810,1835,608500
6/9/2021,BIPI,50,50,50,50,9300
6/9/2021,BIPI-W,11,11,10,10,530000
6/9/2021,BIPP,56,57,54,56,3549100
6/9/2021,BIRD,1270,1310,1260,1275,6328100
6/9/2021,BISI,1145,1150,1145,1145,52300
6/9/2021,BJBR,1365,1370,1345,1355,1775900
6/9/2021,BJTM,755,755,745,745,6921400
6/9/2021,BKDP,50,50,50,50,500
6/9/2021,BKSL,63,68,62,68,314011000
6/9/2021,BKSW,149,149,139,139,41462500
6/9/2021,BLTA,50,50,50,50,1800
6/9/2021,BLTZ,3750,3750,3490,3540,2300
6/9/2021,BLUE,675,680,670,680,88500
6/9/2021,BMAS,1480,1480,1450,1475,111100
6/9/2021,BMRI,6075,6175,6000,6150,23539300
6/9/2021,BMSR,212,220,212,214,871000
6/9/2021,BMTR,296,308,292,304,243948700
6/9/2021,BNBA,850,880,840,855,5447900
6/9/2021,BNBR,50,50,50,50,94600
6/9/2021,BNGA,940,960,940,945,2654700
6/9/2021,BNII,362,366,358,358,2784000
6/9/2021,BNLI,1990,2020,1980,2010,117300
6/9/2021,BOGA,1350,1400,1345,1375,130623500
6/9/2021,BOLA,268,286,254,270,1737700
6/9/2021,BOLT,755,755,755,755,0
6/9/2021,BOSS,80,83,80,82,2636600
6/9/2021,BPFI,1050,1050,1050,1050,500
6/9/2021,BPII,7300,7300,7300,7300,0
6/9/2021,BPTR,112,127,111,119,33051800
6/9/2021,BRAM,5050,5500,5050,5500,8500
6/9/2021,BRIS,1830,1885,1815,1860,49979400
6/9/2021,BRMS,97,99,93,93,556118500
6/9/2021,BRMS-W,32,34,31,31,105819600
6/9/2021,BRNA,1420,1420,1420,1420,0
6/9/2021,BRPT,860,865,845,860,49235800
6/9/2021,BSDE,1085,1085,1040,1045,48256800
6/9/2021,BSIM,580,580,560,575,248000
6/9/2021,BSSR,1625,1650,1625,1650,36600
6/9/2021,BSWD,1750,1750,1750,1750,0
6/9/2021,BTEK,50,50,50,50,200
6/9/2021,BTEL,50,50,50,50,0
6/9/2021,BTON,428,430,412,420,49200
6/9/2021,BTPN,2860,2860,2830,2840,5900
6/9/2021,BTPS,2930,2980,2900,2900,2318300
6/9/2021,BUDI,191,194,190,192,8084400
6/9/2021,BUKK,975,975,955,965,20400
6/9/2021,BULL,290,292,286,286,387778900
6/9/2021,BULL-W2,83,93,83,93,59400
6/9/2021,BUMI,62,63,60,61,451596000
6/9/2021,BUVA,65,68,65,66,2381500
6/9/2021,BVIC,169,175,167,174,25876900
6/9/2021,BWPT,104,106,102,103,55829500
6/9/2021,BYAN,13625,13850,13600,13600,36800
6/9/2021,CAKK,73,73,72,72,1876300
6/9/2021,CAMP,280,286,274,278,3133400
6/9/2021,CANI,177,180,177,180,3200
6/9/2021,CARE,352,360,346,358,244962200
6/9/2021,CARS,50,50,50,50,101400
6/9/2021,CASA,380,380,380,380,7800
6/9/2021,CASA-W,179,179,179,179,100
6/9/2021,CASH,216,242,216,234,13708600
6/9/2021,CASS,396,400,386,394,787300
6/9/2021,CBMF,131,131,131,131,433500
6/9/2021,CCSI,330,338,310,320,1841600
6/9/2021,CEKA,1865,1875,1855,1860,204800
6/9/2021,CENT,260,262,254,258,24337700
6/9/2021,CFIN,306,306,300,306,1966600
6/9/2021,CINT,198,258,198,200,115900
6/9/2021,CITA,2800,2950,2800,2950,90700
6/9/2021,CITY,163,163,155,160,61600
6/9/2021,CITY-W,47,50,47,50,20700
6/9/2021,CLAY,925,925,910,910,26200
6/9/2021,CLEO,448,448,444,446,4072200
6/9/2021,CLPI,925,945,915,940,189300
6/9/2021,CMNP,1850,1900,1850,1870,18500
6/9/2021,CMNP-W,850,905,850,905,42800
6/9/2021,CMPP,184,184,184,184,0
6/9/2021,CNKO,50,50,50,50,0
6/9/2021,CNTB,250,250,250,250,0
6/9/2021,CNTX,218,218,193,193,8300
6/9/2021,COCO,256,260,250,258,313900
6/9/2021,COCO-W,91,91,91,91,200
6/9/2021,COWL,50,50,50,50,0
6/9/2021,CPIN,7200,7350,7025,7300,5108500
6/9/2021,CPRI,50,50,50,50,2200
6/9/2021,CPRI-W,15,16,15,15,268200
6/9/2021,CPRO,50,50,50,50,0
6/9/2021,CSAP,382,382,374,378,65900
6/9/2021,CSIS,77,81,76,78,2674400
6/9/2021,CSMI,2580,2810,2580,2810,13100
6/9/2021,CSRA,316,332,316,332,2115600
6/9/2021,CTBN,2620,2620,2620,2620,0
6/9/2021,CTRA,1040,1040,1000,1015,16900800
6/9/2021,CTTH,61,63,60,62,415700
6/9/2021,DADA,50,50,50,50,2865700
6/9/2021,DADA-W,9,10,9,9,14353500
6/9/2021,DART,218,218,210,216,9800
6/9/2021,DAYA,322,322,300,300,12100
6/9/2021,DCII,35000,41025,31825,36200,204300
6/9/2021,DEAL,86,94,86,93,14033900
6/9/2021,DEAL-W,32,49,32,49,2100
6/9/2021,DEFI,1645,1655,1645,1655,8800
6/9/2021,DEWA,50,50,50,50,450300
6/9/2021,DFAM,155,155,151,151,7600
6/9/2021,DGIK,69,71,67,68,29509200
6/9/2021,DGNS,1065,1210,1050,1180,21280800
6/9/2021,DIGI,402,428,402,428,5800
6/9/2021,DILD,193,195,193,194,4750400
6/9/2021,DIVA,3420,3480,3300,3470,69000
6/9/2021,DKFT,151,155,151,154,5491800
6/9/2021,DLTA,3860,3940,3850,3860,35900
6/9/2021,DMAS,216,220,212,212,38434000
6/9/2021,DMMX,1205,1315,1175,1285,103345900
6/9/2021,DMND,900,900,850,870,3100
6/9/2021,DNAR,254,268,242,266,13325400
6/9/2021,DNET,3270,3270,3180,3260,1900
6/9/2021,DOID,362,370,358,360,51377400
6/9/2021,DPNS,314,328,312,314,537700
6/9/2021,DPUM,50,50,50,50,61100
6/9/2021,DSFI,70,70,69,69,425100
6/9/2021,DSNG,505,515,505,515,40764100
6/9/2021,DSSA,10800,10800,10800,10800,0
6/9/2021,DUCK,172,177,171,173,5646400
6/9/2021,DUTI,3600,3610,3600,3600,1900
6/9/2021,DVLA,2400,2400,2360,2400,4900
6/9/2021,DWGL,174,183,174,181,12500
6/9/2021,DWGL-W,37,40,37,38,605600
6/9/2021,DYAN,77,80,76,76,6151600
6/9/2021,EAST,68,69,67,67,574100
6/9/2021,EAST-W,9,10,8,9,7568600
6/9/2021,ECII,1050,1050,1050,1050,0
6/9/2021,EDGE,20550,23575,18700,18700,485400
6/9/2021,EKAD,1385,1500,1380,1400,818300
6/9/2021,ELSA,312,326,310,320,45866900
6/9/2021,ELTY,50,50,50,50,7400
6/9/2021,EMDE,200,200,200,200,0
6/9/2021,EMTK,2250,2290,2170,2270,33497900
6/9/2021,ENRG,111,111,106,106,28989200
6/9/2021,ENVY,50,50,50,50,0
6/9/2021,ENZO,50,50,50,50,5100500
6/9/2021,ENZO-W,17,23,16,22,27604500
6/9/2021,EPAC,50,51,50,51,2867000
6/9/2021,EPMT,2240,2320,2240,2300,256900
6/9/2021,ERAA,600,605,585,600,39491900
6/9/2021,ERTX,174,194,173,183,264100
6/9/2021,ESIP,78,80,74,74,8238800
6/9/2021,ESIP-W,16,16,14,15,10976700
6/9/2021,ESSA,358,380,358,372,88160100
6/9/2021,ESTA,99,106,94,95,2495500
6/9/2021,ESTI,106,107,102,103,2186300
6/9/2021,ETWA,62,62,62,62,0
6/9/2021,EXCL,2400,2500,2370,2470,34257300
6/9/2021,FAPA,2700,2720,2700,2710,14800
6/9/2021,FAST,1025,1030,1025,1030,1400
6/9/2021,FASW,7600,7600,7600,7600,0
6/9/2021,FILM,408,412,402,406,12275400
6/9/2021,FIMP,58,60,56,59,984200
6/9/2021,FIMP-W,20,20,19,19,632400
6/9/2021,FIRE,480,494,480,486,1612700
6/9/2021,FISH,3800,3800,3800,3800,15800
6/9/2021,FITT,182,182,168,168,4643200
6/9/2021,FITT-W,53,53,49,49,1563000
6/9/2021,FMII,515,515,515,515,100
6/9/2021,FOOD,103,108,103,104,2083700
6/9/2021,FORU,182,182,177,180,54200
6/9/2021,FORZ,50,50,50,50,1100
6/9/2021,FPNI,252,252,232,232,7704200
6/9/2021,FREN,83,86,82,84,395829700
6/9/2021,FREN-W,41,42,40,41,5336100
6/9/2021,FREN-W2,40,42,39,39,302635600
6/9/2021,FUJI,288,318,264,286,4217100
6/9/2021,GAMA,50,50,50,50,1200
6/9/2021,GDST,121,121,116,118,8278800
6/9/2021,GDYR,1590,1590,1590,1590,13300
6/9/2021,GEMA,342,382,342,382,15200
6/9/2021,GEMS,3810,3810,3760,3810,19600
6/9/2021,GGRM,33025,33100,32825,32875,963000
6/9/2021,GGRP,426,438,402,438,97500
6/9/2021,GHON,2320,2400,2320,2400,400
6/9/2021,GIAA,226,240,224,240,47248500
6/9/2021,GJTL,860,870,850,865,11720500
6/9/2021,GLOB,268,280,248,280,5500
6/9/2021,GLVA,294,314,294,304,44700
6/9/2021,GMFI,94,99,92,98,5917800
6/9/2021,GMTD,16725,16725,16725,16725,0
6/9/2021,GOLD,460,535,400,535,5924700
6/9/2021,GOLL,50,50,50,50,0
6/9/2021,GOOD,1605,1605,1575,1595,1973100
6/9/2021,GPRA,64,65,61,62,1954600
6/9/2021,GSMF,140,141,136,136,439800
6/9/2021,GTBO,75,75,75,75,0
6/9/2021,GWSA,126,127,125,125,359000
6/9/2021,GZCO,50,50,50,50,100
6/9/2021,HADE,50,50,50,50,0
6/9/2021,HDFA,113,120,112,119,28000
6/9/2021,HDIT,715,715,715,715,0
6/9/2021,HDTX,120,120,120,120,0
6/9/2021,HEAL,4430,4560,4420,4490,1665600
6/9/2021,HELI,316,334,302,334,34800
6/9/2021,HERO,1270,1340,1200,1295,166700
6/9/2021,HEXA,3550,3600,3550,3570,67400
6/9/2021,HITS,398,398,398,398,300
6/9/2021,HKMU,80,80,78,78,17081000
6/9/2021,HMSP,1230,1240,1200,1200,87679800
6/9/2021,HOKI,210,212,206,208,25419000
6/9/2021,HOME,50,50,50,50,0
6/9/2021,HOMI,2170,2170,2090,2140,416800
6/9/2021,HOPE,190,204,176,178,59853000
6/9/2021,HOPE-W,22,24,20,21,75128500
6/9/2021,HOTL,50,50,50,50,0
6/9/2021,HRME,56,62,55,60,66764200
6/9/2021,HRTA,250,266,244,266,20295300
6/9/2021,HRUM,4980,5100,4980,5075,2431300
6/9/2021,IATA,50,50,50,50,2900
6/9/2021,IBFN,173,173,173,173,9000
6/9/2021,IBFN-W,15,20,15,19,1070600
6/9/2021,IBST,6800,6900,6800,6900,200
6/9/2021,ICBP,8175,8250,8125,8150,4260000
6/9/2021,ICON,102,104,97,99,1865400
6/9/2021,IDPR,157,157,147,150,659700
6/9/2021,IFII,148,148,141,143,872900
6/9/2021,IFSH,1095,1095,1045,1095,1500
6/9/2021,IGAR,428,446,426,444,271000
6/9/2021,IIKP,50,50,50,50,0
6/9/2021,IKAI,50,50,50,50,300
6/9/2021,IKAN,125,127,120,126,30721100
6/9/2021,IKBI,242,242,242,242,0
6/9/2021,IMAS,965,985,960,965,1264600
6/9/2021,IMJS,322,322,310,312,1364200
6/9/2021,IMPC,1710,1710,1690,1690,1261200
6/9/2021,INAF,2200,2210,2160,2170,393400
6/9/2021,INAI,344,344,344,344,3400
6/9/2021,INCF,114,114,108,111,317600
6/9/2021,INCI,900,900,890,900,19000
6/9/2021,INCO,4630,4830,4630,4800,18139500
6/9/2021,INDF,6375,6375,6250,6275,8710600
6/9/2021,INDO,134,137,134,135,64800
6/9/2021,INDO-W,52,55,43,53,161200
6/9/2021,INDR,4290,4290,4170,4170,10400
6/9/2021,INDS,1785,1790,1765,1790,3000
6/9/2021,INDX,120,127,118,121,4431800
6/9/2021,INDY,1360,1375,1350,1355,5710300
6/9/2021,INKP,8625,8700,8450,8525,5497600
6/9/2021,INOV,191,195,175,195,337700
6/9/2021,INPC,198,198,185,185,189367100
6/9/2021,INPC-W,88,88,76,78,16934300
6/9/2021,INPP,740,745,695,695,400
6/9/2021,INPS,2790,2790,2600,2600,7200
6/9/2021,INRU,820,1000,820,910,6300
6/9/2021,INTA,168,168,162,168,254400
6/9/2021,INTD,189,206,189,196,181100
6/9/2021,INTP,11900,12050,11600,11675,2579600
6/9/2021,IPCC,520,535,515,530,2120100
6/9/2021,IPCM,280,290,274,288,2458600
6/9/2021,IPOL,163,163,156,156,3431500
6/9/2021,IPTV,280,304,262,288,386830800
6/9/2021,IPTV-W,36,43,34,40,52888700
6/9/2021,IRRA,1590,1605,1570,1585,5013700
6/9/2021,ISAT,6375,6950,6350,6800,3821900
6/9/2021,ISSP,270,276,264,270,17890700
6/9/2021,ITIC,500,500,492,498,933100
6/9/2021,ITMA,530,530,515,530,14900
6/9/2021,ITMA-W,99,99,95,95,10100
6/9/2021,ITMG,14300,14400,14125,14175,1753600
6/9/2021,JAST,138,141,136,138,4785700
6/9/2021,JAWA,145,145,145,145,806000
6/9/2021,JAYA,131,135,130,133,5878300
6/9/2021,JECC,6725,8025,6725,8025,4400
6/9/2021,JGLE,50,50,50,50,0
6/9/2021,JIHD,442,442,434,434,1600
6/9/2021,JKON,172,173,170,173,55600
6/9/2021,JKSW,60,60,60,60,0
6/9/2021,JMAS,160,161,146,156,34000
6/9/2021,JPFA,2070,2090,2030,2070,16379300
6/9/2021,JRPT,545,550,525,535,2609400
6/9/2021,JSKY,146,176,141,176,618390600
6/9/2021,JSMR,3900,3930,3880,3920,1260300
6/9/2021,JSPT,805,805,805,805,0
6/9/2021,JTPE,1205,1205,1205,1205,88600
6/9/2021,KAEF,2420,2450,2400,2440,817600
6/9/2021,KARW,118,122,116,117,5802900
6/9/2021,KAYU,73,75,71,71,20132700
6/9/2021,KBAG,50,50,50,50,181300
6/9/2021,KBAG-W,9,10,9,9,10881700
6/9/2021,KBLI,360,370,358,368,975700
6/9/2021,KBLM,206,208,204,206,39900
6/9/2021,KBLV,450,450,450,450,1900
6/9/2021,KBRI,50,50,50,50,0
6/9/2021,KDSI,890,900,890,890,10800
6/9/2021,KEEN,452,466,452,456,435900
6/9/2021,KEJU,1260,1300,1255,1255,426400
6/9/2021,KIAS,50,50,50,50,9300
6/9/2021,KICI,262,262,262,262,11000
6/9/2021,KIJA,216,216,210,214,6559700
6/9/2021,KINO,2110,2190,2090,2190,132600
6/9/2021,KIOS,855,1030,850,925,66936800
6/9/2021,KJEN,540,540,540,540,300
6/9/2021,KKGI,250,250,244,244,39500
6/9/2021,KLBF,1450,1460,1435,1440,13979800
6/9/2021,KMDS,496,496,480,494,700
6/9/2021,KMTR,424,424,412,424,92600
6/9/2021,KOBX,186,188,183,184,3324200
6/9/2021,KOIN,155,158,153,155,149500
6/9/2021,KONI,1405,1450,1390,1405,13500
6/9/2021,KOPI,560,560,560,560,12000
6/9/2021,KOTA,210,218,206,212,49633100
6/9/2021,KOTA-W,186,186,117,174,8100
6/9/2021,KPAL,50,50,50,50,12000
6/9/2021,KPAS,69,71,68,69,3807600
6/9/2021,KPAS-W,17,21,17,20,2315200
6/9/2021,KPIG,139,139,130,130,435579300
6/9/2021,KRAH,436,436,436,436,0
6/9/2021,KRAS,630,645,625,635,20615700
6/9/2021,KREN,140,143,133,133,33033900
6/9/2021,LAND,103,104,102,102,901700
6/9/2021,LAPD,50,50,50,50,0
6/9/2021,LCGP,114,114,114,114,0
6/9/2021,LCKM,292,296,292,296,600
6/9/2021,LEAD,50,50,50,50,800
6/9/2021,LFLO,102,106,100,103,5253200
6/9/2021,LFLO-W,9,11,9,10,38815600
6/9/2021,LIFE,6200,6300,6200,6200,23500
6/9/2021,LINK,4460,4500,4440,4480,4196500
6/9/2021,LION,382,402,382,384,700
6/9/2021,LMAS,50,60,50,54,34352300
6/9/2021,LMPI,187,193,174,182,1290100
6/9/2021,LMSH,840,840,840,840,75100
6/9/2021,LPCK,1175,1250,1165,1200,1190600
6/9/2021,LPGI,3800,3800,3800,3800,0
6/9/2021,LPIN,340,400,334,356,697000
6/9/2021,LPKR,168,183,168,180,125214300
6/9/2021,LPLI,248,300,248,282,2321000
6/9/2021,LPPF,1905,1975,1890,1920,22677200
6/9/2021,LPPS,122,127,117,125,4599100
6/9/2021,LRNA,194,196,191,191,10400
6/9/2021,LSIP,1210,1220,1200,1205,9077700
6/9/2021,LTLS,525,540,520,530,524300
6/9/2021,LUCK,280,302,280,282,15958200
6/9/2021,LUCY,64,64,60,62,13900200
6/9/2021,LUCY-W,15,16,14,15,9920000
6/9/2021,MABA,50,50,50,50,0
6/9/2021,MAGP,50,50,50,50,0
6/9/2021,MAIN,865,885,850,885,4628600
6/9/2021,MAMI,50,50,50,50,102900
6/9/2021,MAMI-W,7,7,6,7,2508100
6/9/2021,MAMIP,600,600,600,600,0
6/9/2021,MAPA,2110,2140,2060,2110,1855700
6/9/2021,MAPB,1410,1410,1410,1410,100
6/9/2021,MAPI,745,765,740,760,9308000
6/9/2021,MARI,342,344,328,334,103044900
6/9/2021,MARK,890,890,865,880,1513300
6/9/2021,MASA,1360,1360,1360,1360,0
6/9/2021,MAYA,1860,1860,1795,1800,113600
6/9/2021,MBAP,2850,2860,2840,2850,68700
6/9/2021,MBSS,482,496,480,488,3595300
6/9/2021,MBTO,140,150,134,134,1321100
6/9/2021,MCAS,6600,6600,6325,6325,2463100
6/9/2021,MCOR,140,142,138,139,47834100
6/9/2021,MDIA,60,60,56,56,62126000
6/9/2021,MDKA,2680,2880,2650,2850,110803800
6/9/2021,MDKI,204,210,202,210,991800
6/9/2021,MDLN,51,51,51,51,0
6/9/2021,MDRN,50,50,50,50,42400
6/9/2021,MEDC,675,740,675,730,119686200
6/9/2021,MEGA,8025,8450,8025,8350,2100
6/9/2021,MERK,3400,3400,3300,3300,95500
6/9/2021,META,135,136,132,132,3934800
6/9/2021,MFIN,1110,1130,1110,1130,13000
6/9/2021,MFMI,635,635,620,630,95000
6/9/2021,MGLV,162,162,162,162,35500
6/9/2021,MGLV-W,15,16,10,11,307077300
6/9/2021,MGNA,50,50,50,50,0
6/9/2021,MGRO,710,710,700,705,3014000
6/9/2021,MICE,366,366,352,356,78600
6/9/2021,MIDI,1800,1880,1800,1880,800
6/9/2021,MIKA,2580,2590,2400,2440,69941500
6/9/2021,MINA,68,82,64,74,111276900
6/9/2021,MIRA,50,50,50,50,0
6/9/2021,MITI,63,63,63,63,0
6/9/2021,MKNT,50,50,50,50,15500
6/9/2021,MKPI,25200,25200,25200,25200,0
6/9/2021,MLBI,8700,8700,8675,8700,12200
6/9/2021,MLIA,1020,1025,985,1010,5624800
6/9/2021,MLPL,675,675,675,675,0
6/9/2021,MLPT,2550,2970,2550,2970,1004400
6/9/2021,MMLP,396,408,392,394,4429600
6/9/2021,MNCN,995,1010,980,995,24489800
6/9/2021,MOLI,1000,1000,1000,1000,11000
6/9/2021,MPMX,725,725,725,725,9179600
6/9/2021,MPOW,111,111,107,109,2539900
6/9/2021,MPPA,1205,1275,1155,1235,242724600
6/9/2021,MPRO,605,605,600,605,34100
6/9/2021,MRAT,286,350,286,336,12609800
6/9/2021,MREI,4610,4610,4610,4610,100
6/9/2021,MSIN,188,202,188,194,84115000
6/9/2021,MSKY,640,640,600,600,906000
6/9/2021,MTDL,1700,1715,1700,1705,1955000
6/9/2021,MTFN,50,50,50,50,400
6/9/2021,MTLA,426,426,422,422,12300
6/9/2021,MTPS,168,216,166,190,73338700
6/9/2021,MTRA,244,244,244,244,0
6/9/2021,MTSM,158,169,158,169,200
6/9/2021,MTWI,129,132,128,129,650100
6/9/2021,MYOH,1440,1475,1400,1475,379300
6/9/2021,MYOR,2580,2590,2540,2560,700600
6/9/2021,MYRX,50,50,50,50,0
6/9/2021,MYRXP,50,50,50,50,0
6/9/2021,MYTX,112,112,109,109,1747100
6/9/2021,NASA,104,104,104,104,0
6/9/2021,NATO,520,575,520,555,356467800
6/9/2021,NATO-W,210,210,210,210,0
6/9/2021,NELY,226,236,224,234,2310100
6/9/2021,NFCX,5450,6075,5375,6075,2620900
6/9/2021,NICK,328,334,306,320,3010300
6/9/2021,NIKL,1150,1175,1125,1160,1172300
6/9/2021,NIPS,282,282,282,282,0
6/9/2021,NIRO,149,149,143,147,201900
6/9/2021,NISP,805,820,800,810,219000
6/9/2021,NOBU,1030,1050,1010,1010,929700
6/9/2021,NPGF,133,169,133,153,115853200
6/9/2021,NRCA,310,312,306,306,351400
6/9/2021,NUSA,50,50,50,50,0
6/9/2021,NZIA,134,139,134,135,101600
6/9/2021,OASA,350,380,330,350,6056300
6/9/2021,OCAP,159,159,159,159,0
6/9/2021,OKAS,85,86,84,84,575600
6/9/2021,OMRE,1145,1145,1065,1065,4900
6/9/2021,OPMS,685,710,645,645,29022700
6/9/2021,PADI,50,67,50,67,101880700
6/9/2021,PALM,468,505,444,496,4294500
6/9/2021,PAMG,82,84,82,84,161400
6/9/2021,PANI,117,117,116,117,44100
6/9/2021,PANR,135,135,126,127,1487600
6/9/2021,PANS,1240,1240,1220,1225,33600
6/9/2021,PBID,1850,1860,1840,1840,1571100
6/9/2021,PBRX,123,128,112,116,25343700
6/9/2021,PBSA,498,498,498,498,900
6/9/2021,PCAR,266,266,260,260,46100
6/9/2021,PDES,580,640,550,590,5955800
6/9/2021,PEGE,141,145,136,143,22300
6/9/2021,PEHA,1175,1175,1150,1155,182200
6/9/2021,PGAS,1125,1135,1110,1120,92483200
6/9/2021,PGJO,48,50,47,49,169200
6/9/2021,PGLI,236,270,234,270,357000
6/9/2021,PGUN,224,250,224,232,80400
6/9/2021,PICO,145,161,145,152,5568800
6/9/2021,PJAA,525,530,520,520,168900
6/9/2021,PKPK,74,77,71,73,51385600
6/9/2021,PLAN,33,33,32,33,2815700
6/9/2021,PLAN-W,8,9,8,9,898500
6/9/2021,PLAS,50,50,50,50,0
6/9/2021,PLIN,2450,2450,2450,2450,0
6/9/2021,PMJS,124,124,121,121,303000
6/9/2021,PMMP,388,416,382,410,148144800
6/9/2021,PNBN,910,910,875,880,3699600
6/9/2021,PNBS,121,126,119,124,172358300
6/9/2021,PNGO,1475,1475,1430,1470,16900
6/9/2021,PNIN,765,775,765,770,903000
6/9/2021,PNLF,193,195,191,194,27638700
6/9/2021,PNSE,525,530,498,498,11900
6/9/2021,POLA,168,171,157,167,94800
6/9/2021,POLA-W,88,98,65,83,182000
6/9/2021,POLI,1315,1315,1235,1235,1200
6/9/2021,POLL,1620,1625,1510,1590,5269300
6/9/2021,POLU,378,378,358,376,14000
6/9/2021,POLY,59,59,58,59,724200
6/9/2021,POOL,50,50,50,50,0
6/9/2021,PORT,468,470,468,470,700
6/9/2021,POSA,50,50,50,50,0
6/9/2021,POWR,700,700,695,700,3792900
6/9/2021,PPGL,74,74,71,74,11037200
6/9/2021,PPGL-W,10,11,9,10,4088400
6/9/2021,PPRE,182,184,181,182,8013700
6/9/2021,PPRO,85,87,84,86,65334500
6/9/2021,PRAS,150,160,150,159,167000
6/9/2021,PRDA,4070,4140,4050,4140,1350000
6/9/2021,PRIM,296,310,296,296,5270700
6/9/2021,PSAB,196,197,193,195,10818600
6/9/2021,PSDN,187,191,179,188,577100
6/9/2021,PSGO,172,172,161,161,391400
6/9/2021,PSKT,50,50,50,50,10100
6/9/2021,PSSI,294,312,292,310,1944900
6/9/2021,PTBA,2200,2240,2190,2220,21115000
6/9/2021,PTDU,2910,3500,2900,3280,6664600
6/9/2021,PTIS,258,340,256,262,62600
6/9/2021,PTPP,1115,1130,1095,1105,20531700
6/9/2021,PTPW,1210,1210,1210,1210,0
6/9/2021,PTRO,1980,1995,1965,1980,536800
6/9/2021,PTSN,224,230,208,208,10366300
6/9/2021,PTSP,5350,5350,5350,5350,0
6/9/2021,PUDP,300,350,282,350,5318500
6/9/2021,PURA,137,138,127,130,646089300
6/9/2021,PURA-W,32,33,30,30,6090300
6/9/2021,PURE,108,115,104,115,98884400
6/9/2021,PURI,374,374,350,370,1100
6/9/2021,PWON,480,486,468,470,133375800
6/9/2021,PYFA,970,975,955,955,167200
6/9/2021,PZZA,680,705,680,695,18600
6/9/2021,R-ABFII,28600,28600,28600,28600,0
6/9/2021,R-LQ45X,950,954,948,950,13100
6/9/2021,RAJA,240,240,232,232,22723800
6/9/2021,RALS,675,685,655,670,13021100
6/9/2021,RANC,805,815,770,790,851500
6/9/2021,RBMS,50,50,50,50,1888000
6/9/2021,RDTX,7700,7700,7700,7700,600
6/9/2021,REAL,50,50,50,50,127100
6/9/2021,RELI,326,326,326,326,800
6/9/2021,RICY,96,97,94,94,1579400
6/9/2021,RIGS,224,224,210,210,1015000
6/9/2021,RIMO,50,50,50,50,0
6/9/2021,RISE,426,430,424,430,332600
6/9/2021,RMBA,276,280,276,280,300
6/9/2021,ROCK,480,480,480,480,0
6/9/2021,RODA,81,87,81,87,4472800
6/9/2021,RONY,145,148,145,148,1600
6/9/2021,ROTI,1350,1350,1340,1350,365100
6/9/2021,RUIS,238,238,234,234,109900
6/9/2021,SAFE,185,186,182,185,67400
6/9/2021,SAME,530,530,520,520,24591400
6/9/2021,SAMF,1720,1720,1630,1630,1237200
6/9/2021,SAPX,1060,1090,1060,1090,181800
6/9/2021,SATU,50,54,50,52,3715300
6/9/2021,SBAT,50,50,50,50,443800
6/9/2021,SBAT-W,9,9,8,9,9922100
6/9/2021,SCCO,11200,11200,11200,11200,700
6/9/2021,SCMA,1665,1680,1610,1620,15004800
6/9/2021,SCNP,244,248,242,244,756200
6/9/2021,SCPI,29000,29000,29000,29000,0
6/9/2021,SDMU,51,52,50,50,2371200
6/9/2021,SDPC,131,134,130,130,336300
6/9/2021,SDRA,720,730,690,700,101500
6/9/2021,SFAN,1320,1325,1315,1320,453500
6/9/2021,SGER,276,298,270,290,1101300
6/9/2021,SGER-W,158,160,140,156,121300
6/9/2021,SGRO,1895,1905,1890,1905,23700
6/9/2021,SHID,2250,2250,2250,2250,9200
6/9/2021,SHIP,665,670,650,650,1096100
6/9/2021,SIDO,775,775,765,765,3422100
6/9/2021,SILO,8275,8400,8275,8300,115600
6/9/2021,SIMA,50,50,50,50,0
6/9/2021,SIMP,515,520,505,510,4817100
6/9/2021,SINI,346,346,314,318,14200
6/9/2021,SINI-W,90,236,90,101,700
6/9/2021,SIPD,1345,1345,1345,1345,1400
6/9/2021,SKBM,342,342,310,328,5800
6/9/2021,SKLT,2050,2050,2050,2050,0
6/9/2021,SKRN,700,700,650,665,5038400
6/9/2021,SKYB,51,51,51,51,0
6/9/2021,SLIS,9700,9700,9550,9575,10800
6/9/2021,SMAR,4750,4750,4590,4590,22400
6/9/2021,SMBR,690,700,680,690,2217400
6/9/2021,SMCB,1705,1715,1700,1715,30200
6/9/2021,SMDM,135,152,127,151,7681600
6/9/2021,SMDR,490,525,490,515,13181100
6/9/2021,SMGR,10175,10500,10175,10400,4029300
6/9/2021,SMKL,240,250,220,236,450100
6/9/2021,SMKL-W,22,28,20,23,17256800
6/9/2021,SMMA,11275,11275,11275,11275,0
6/9/2021,SMMT,109,109,103,106,896000
6/9/2021,SMRA,875,890,865,870,33064500
6/9/2021,SMRU,50,50,50,50,0
6/9/2021,SMSM,1265,1275,1265,1270,879800
6/9/2021,SNLK,935,1015,900,1015,11566800
6/9/2021,SOCI,218,224,216,218,10859500
6/9/2021,SOFA,95,99,95,95,6900
6/9/2021,SOFA-W,7,7,5,6,9010800
6/9/2021,SOHO,4780,4790,4750,4780,4400
6/9/2021,SONA,5475,5475,5475,5475,0
6/9/2021,SOSS,410,410,378,392,34200
6/9/2021,SOSS-W,43,45,40,40,35900
6/9/2021,SOTS,525,545,505,545,5154700
6/9/2021,SOTS-W,80,80,72,72,18100
6/9/2021,SPMA,605,605,575,575,891100
6/9/2021,SPTO,450,462,448,454,455200
6/9/2021,SQMI,328,328,320,326,1785200
6/9/2021,SRAJ,167,172,163,164,276100
6/9/2021,SRIL,146,146,146,146,0
6/9/2021,SRSN,59,59,58,58,2653100
6/9/2021,SRTG,1575,1665,1570,1640,38350400
6/9/2021,SSIA,452,478,450,474,14118400
6/9/2021,SSMS,880,885,850,880,6153800
6/9/2021,SSTM,408,430,408,408,13700
6/9/2021,STAR,103,104,99,102,318900
6/9/2021,STTP,7750,7750,7625,7625,400
6/9/2021,SUGI,50,50,50,50,0
6/9/2021,SULI,50,50,50,50,2213400
6/9/2021,SUPR,8075,8075,8075,8075,200
6/9/2021,SURE,1995,1995,1930,1930,905800
6/9/2021,SWAT,83,88,82,86,2363900
6/9/2021,TALF,290,308,284,290,5300
6/9/2021,TAMA,52,53,51,53,1802300
6/9/2021,TAMA-W,13,14,13,14,3496100
6/9/2021,TAMU,50,50,50,50,1900
6/9/2021,TAPG,695,700,690,695,45732500
6/9/2021,TARA,50,50,50,50,0
6/9/2021,TAXI,50,50,50,50,200
6/9/2021,TBIG,3100,3250,3090,3250,71455700
6/9/2021,TBLA,840,845,835,840,1473000
6/9/2021,TBMS,1500,1510,1395,1510,58300
6/9/2021,TCID,5950,5950,5900,5900,5000
6/9/2021,TCPI,8000,8250,7875,8100,9055000
6/9/2021,TDPM,119,119,119,119,0
6/9/2021,TEBE,394,414,382,388,46600
6/9/2021,TECH,2080,2450,1830,1835,2786000
6/9/2021,TELE,121,121,121,121,0
6/9/2021,TFAS,2900,2900,2900,2900,0
6/9/2021,TFCO,700,700,700,700,2300
6/9/2021,TGKA,8000,8225,7700,8025,4300
6/9/2021,TGRA,124,126,124,124,16720200
6/9/2021,TIFA,850,895,800,890,3100
6/9/2021,TINS,1580,1625,1570,1620,58703900
6/9/2021,TIRA,272,274,270,270,1500
6/9/2021,TIRT,50,50,50,50,13100
6/9/2021,TKIM,9400,9550,9250,9325,3949500
6/9/2021,TLKM,3340,3400,3310,3390,112204200
6/9/2021,TMAS,300,356,300,348,14368300
6/9/2021,TMPO,139,139,137,138,8100
6/9/2021,TNCA,338,398,336,398,3140100
6/9/2021,TOBA,500,500,500,500,207300
6/9/2021,TOPS,50,50,50,50,3800
6/9/2021,TOTL,316,316,308,310,832000
6/9/2021,TOTO,212,212,206,208,342300
6/9/2021,TOWR,1235,1245,1215,1235,51812400
6/9/2021,TOYS,117,126,117,121,42896100
6/9/2021,TOYS-W,15,17,15,16,14376800
6/9/2021,TPIA,7750,8100,7700,8075,2824600
6/9/2021,TPMA,1010,1010,1010,1010,100
6/9/2021,TRAM,50,50,50,50,0
6/9/2021,TRIL,50,50,50,50,0
6/9/2021,TRIM,124,132,122,131,1441800
6/9/2021,TRIN,159,176,159,175,14987000
6/9/2021,TRIN-W,24,30,24,29,11818000
6/9/2021,TRIO,426,426,426,426,0
6/9/2021,TRIS,141,143,137,139,1362200
6/9/2021,TRIS-W,60,60,60,60,0
6/9/2021,TRJA,168,168,163,168,59300
6/9/2021,TRST,500,500,500,500,0
6/9/2021,TRUK,93,95,91,92,5822600
6/9/2021,TRUS,312,312,310,310,6200
6/9/2021,TSPC,1530,1530,1510,1515,2361300
6/9/2021,TUGU,1540,1600,1530,1540,234100
6/9/2021,TURI,1180,1180,1160,1160,90300
6/9/2021,UANG,500,500,500,500,0
6/9/2021,UCID,1645,1650,1565,1600,47000
6/9/2021,UFOE,1020,1050,1000,1020,176100
6/9/2021,ULTJ,1535,1545,1520,1530,2588500
6/9/2021,UNIC,9100,9250,8575,8600,85600
6/9/2021,UNIQ,101,101,99,100,7489900
6/9/2021,UNIT,316,316,316,316,0
6/9/2021,UNSP,112,112,106,107,574200
6/9/2021,UNTR,23275,23375,22825,23375,3133900
6/9/2021,UNVR,5475,5500,5250,5300,41615400
6/9/2021,URBN,454,454,420,434,41900
6/9/2021,URBN-W,51,55,50,55,5421400
6/9/2021,VICI,366,372,364,370,4597300
6/9/2021,VICO,127,128,124,124,165700
6/9/2021,VINS,106,108,104,107,2605000
6/9/2021,VIVA,64,64,59,59,164449300
6/9/2021,VOKS,200,200,197,199,26400
6/9/2021,VRNA,186,187,186,186,1126500
6/9/2021,WAPO,110,117,107,110,945600
6/9/2021,WEGE,197,198,195,196,10146400
6/9/2021,WEHA,72,77,71,71,7542100
6/9/2021,WICO,440,440,440,440,0
6/9/2021,WIFI,1090,1090,1015,1015,8347000
6/9/2021,WIFI-W,520,520,350,480,98200
6/9/2021,WIIM,635,640,615,640,8875000
6/9/2021,WIKA,1275,1285,1255,1265,6618800
6/9/2021,WINS,121,127,120,124,27202500
6/9/2021,WMUU,196,197,194,195,18693000
6/9/2021,WOMF,244,248,242,244,165400
6/9/2021,WOOD,755,780,755,775,18798800
6/9/2021,WOWS,50,50,50,50,573000
6/9/2021,WSBP,181,184,179,179,7234300
6/9/2021,WSKT,1055,1080,1040,1055,9638900
6/9/2021,WTON,290,290,284,284,3597000
6/9/2021,XAFA,1075,1075,1075,1075,0
6/9/2021,XAQA,882,882,882,882,0
6/9/2021,XBES,895,895,895,895,100
6/9/2021,XBID,498,498,498,498,200
6/9/2021,XBIN,464,464,464,464,0
6/9/2021,XBLQ,453,455,453,455,2100
6/9/2021,XBNI,978,978,978,978,600
6/9/2021,XBSK,355,355,355,355,0
6/9/2021,XCID,85,86,84,85,15900
6/9/2021,XCIS,105,105,105,105,0
6/9/2021,XCLQ,94,94,94,94,9800
6/9/2021,XDIF,448,448,448,448,0
6/9/2021,XDSG,925,925,925,925,0
6/9/2021,XIFE,97,98,96,98,4500
6/9/2021,XIHD,448,448,444,444,3600
6/9/2021,XIIC,942,946,942,946,300
6/9/2021,XIID,475,489,475,486,4600
6/9/2021,XIIF,525,536,525,535,1500
6/9/2021,XIIT,504,504,498,503,6400
6/9/2021,XIJI,583,585,580,582,17800
6/9/2021,XILV,106,118,106,107,54300
6/9/2021,XIML,248,248,242,242,5700
6/9/2021,XIPI,170,170,168,169,5700
6/9/2021,XISB,398,398,398,398,0
6/9/2021,XISC,696,697,690,690,3300
6/9/2021,XISI,327,332,327,332,5000
6/9/2021,XISR,360,360,354,360,3600
6/9/2021,XKIV,450,450,450,450,0
6/9/2021,XKMS,1000,1013,996,1013,10200
6/9/2021,XMIG,164,164,164,164,0
6/9/2021,XMJM,1001,1001,1001,1001,0
6/9/2021,XMTS,437,437,437,437,0
6/9/2021,XNVE,137,140,137,140,14800
6/9/2021,XPCR,863,863,863,863,300
6/9/2021,XPDV,429,429,429,429,0
6/9/2021,XPES,363,363,362,362,1100
6/9/2021,XPFT,502,502,502,502,400
6/9/2021,XPID,496,496,496,496,1000
6/9/2021,XPLC,419,419,419,419,0
6/9/2021,XPLQ,448,448,448,448,0
6/9/2021,XPMI,875,875,875,875,0
6/9/2021,XPSG,368,368,368,368,0
6/9/2021,XPTD,472,472,472,472,100
6/9/2021,XSBC,100,100,100,100,200
6/9/2021,XSMU,127,127,127,127,0
6/9/2021,XSPI,750,750,750,750,0
6/9/2021,XSRI,171,171,171,171,0
6/9/2021,XSSI,80,80,79,80,30800
6/9/2021,XSSK,613,613,613,613,200
6/9/2021,YELO,144,151,136,138,42492800
6/9/2021,YELO-W,46,49,40,42,7433500
6/9/2021,YPAS,482,482,456,456,11100
6/9/2021,YULE,422,422,422,422,0
6/9/2021,ZBRA,1190,1190,1125,1165,9814500
6/9/2021,ZINC,149,161,140,147,1614305600
6/9/2021,ZONE,424,424,422,422,136500
6/9/2021,ZYRX,610,615,590,590,23243000
6/9/2021,ZYRX-W,120,121,110,110,3750800
