<date>,<ticker>,<open>,<high>,<low>,<close>,<volume>
7/7/2021,IHSG,6062.77,6066.99,6022.31,6044.04,293257515
7/7/2021,AALI,7875,7875,7700,7725,1326100
7/7/2021,ABBA,242,244,236,238,14058700
7/7/2021,ABDA,7050,7050,7050,7050,0
7/7/2021,ABMM,790,820,780,790,220100
7/7/2021,ACES,1500,1600,1500,1565,42670900
7/7/2021,ACST,214,230,212,222,21399400
7/7/2021,ADES,2440,2490,2350,2390,166000
7/7/2021,ADHI,715,730,700,715,24442000
7/7/2021,ADMF,8450,8475,8325,8400,306400
7/7/2021,ADMG,188,212,188,199,18635500
7/7/2021,ADRO,1275,1275,1230,1250,72700000
7/7/2021,AGAR,402,402,402,402,7000
7/7/2021,AGII,1550,1610,1530,1545,54275500
7/7/2021,AGRO,1895,2170,1890,2120,219072192
7/7/2021,AGRS,168,224,168,224,458199008
7/7/2021,AHAP,62,66,61,63,6337400
7/7/2021,AIMS,350,388,350,366,176800
7/7/2021,AISA,197,212,193,202,22242900
7/7/2021,AKKU,50,54,50,50,16101200
7/7/2021,AKPI,580,620,565,605,200200
7/7/2021,AKRA,3190,3210,3130,3130,4531700
7/7/2021,AKSI,438,438,408,416,25200
7/7/2021,ALDO,620,635,595,620,926300
7/7/2021,ALKA,244,250,238,238,18100
7/7/2021,ALMI,240,270,232,240,9000
7/7/2021,ALTO,346,350,346,350,2000
7/7/2021,AMAG,332,332,332,332,179100
7/7/2021,AMAN,380,380,378,378,2065300
7/7/2021,AMAR,240,264,238,256,9030900
7/7/2021,AMFG,3510,3600,3510,3600,7100
7/7/2021,AMIN,212,214,200,210,232500
7/7/2021,AMOR,3320,3590,3320,3420,2683000
7/7/2021,AMRT,1370,1400,1320,1340,115700200
7/7/2021,ANDI,50,50,50,50,97300
7/7/2021,ANJT,610,610,600,600,39300
7/7/2021,ANTM,2450,2470,2380,2460,146473200
7/7/2021,APEX,620,625,620,625,34300
7/7/2021,APIC,845,845,820,835,8524500
7/7/2021,APII,181,189,181,184,53000
7/7/2021,APLI,204,204,204,204,200
7/7/2021,APLN,134,136,133,134,5544100
7/7/2021,ARGO,1720,1750,1650,1650,5900
7/7/2021,ARII,298,316,278,278,1050500
7/7/2021,ARKA,50,50,50,50,1100
7/7/2021,ARMY,50,50,50,50,0
7/7/2021,ARNA,745,745,730,740,471700
7/7/2021,ARTA,440,462,420,458,23100
7/7/2021,ARTI,50,50,50,50,5200
7/7/2021,ARTO,14225,14400,13850,13925,10979800
7/7/2021,ASBI,284,286,282,286,24800
7/7/2021,ASDM,950,950,920,920,9400
7/7/2021,ASGR,730,745,725,725,148900
7/7/2021,ASII,4900,4990,4860,4900,35907800
7/7/2021,ASJT,230,230,222,228,11500
7/7/2021,ASMI,635,655,625,625,58400
7/7/2021,ASPI,50,50,50,50,17600
7/7/2021,ASRI,162,165,160,161,11727600
7/7/2021,ASRM,1650,1650,1650,1650,2200
7/7/2021,ASSA,2450,2580,2430,2460,24800000
7/7/2021,ATAP,106,108,106,108,69000
7/7/2021,ATIC,1465,1680,1380,1500,3353100
7/7/2021,AUTO,1085,1100,1080,1080,778200
7/7/2021,AYLS,65,77,64,70,16490200
7/7/2021,BABP,286,314,286,300,661065920
7/7/2021,BABP-W3,216,220,185,192,148200
7/7/2021,BABP-W4,236,276,236,258,1431700
7/7/2021,BACA,412,444,410,436,247218208
7/7/2021,BACA-W2,378,380,378,380,3600
7/7/2021,BAJA,328,338,322,326,984700
7/7/2021,BALI,695,695,645,645,5496100
7/7/2021,BANK,3700,3720,3460,3540,95006600
7/7/2021,BAPA,50,50,50,50,33500
7/7/2021,BAPI,50,50,50,50,400
7/7/2021,BAPI-W,5,6,5,5,8599000
7/7/2021,BATA,625,660,625,660,2000
7/7/2021,BAYU,1095,1095,1045,1085,1700
7/7/2021,BBCA,30900,30900,30150,30325,7119000
7/7/2021,BBHI,5000,5100,4650,4660,14148100
7/7/2021,BBKP,406,420,406,410,79222800
7/7/2021,BBLD,422,460,422,460,10400
7/7/2021,BBMD,1500,1500,1500,1500,4400
7/7/2021,BBNI,4710,4760,4680,4730,20007900
7/7/2021,BBRI,3920,3940,3810,3820,148723808
7/7/2021,BBRM,50,50,50,50,300
7/7/2021,BBSI,3140,3220,3080,3220,119500
7/7/2021,BBSS,50,67,50,62,121750896
7/7/2021,BBTN,1355,1370,1340,1345,7150000
7/7/2021,BBYB,426,525,422,478,319789792
7/7/2021,BCAP,125,128,121,123,158946400
7/7/2021,BCIC,700,700,700,700,0
7/7/2021,BCIP,58,59,57,59,359500
7/7/2021,BDMN,2180,2190,2140,2150,1923300
7/7/2021,BEEF,87,91,85,85,9202600
7/7/2021,BEKS,90,93,88,90,230235104
7/7/2021,BELL,135,138,125,125,705200
7/7/2021,BESS,700,730,655,715,428800
7/7/2021,BEST,135,135,133,134,5633300
7/7/2021,BFIN,900,905,855,880,151471008
7/7/2021,BGTG,119,134,119,128,162278096
7/7/2021,BHAT,720,735,715,730,130035200
7/7/2021,BHIT,97,104,93,94,2017565312
7/7/2021,BIKA,300,300,300,300,110200
7/7/2021,BIMA,135,146,114,114,22008100
7/7/2021,BINA,5750,5775,5550,5550,1681700
7/7/2021,BIPI,50,50,50,50,120000
7/7/2021,BIPI-W,9,11,8,9,5434300
7/7/2021,BIPP,55,55,54,54,1119200
7/7/2021,BIRD,1130,1140,1125,1130,472500
7/7/2021,BISI,1115,1115,1105,1115,129200
7/7/2021,BJBR,1225,1230,1215,1220,1392800
7/7/2021,BJTM,705,705,695,695,6416200
7/7/2021,BKDP,50,51,50,50,38400
7/7/2021,BKSL,63,63,61,61,107436896
7/7/2021,BKSW,178,220,177,187,207216192
7/7/2021,BLTA,50,50,50,50,8000
7/7/2021,BLTZ,2700,2700,2700,2700,0
7/7/2021,BLUE,690,690,670,670,31900
7/7/2021,BM05,0,0,0,0,0
7/7/2021,BM10,0,0,0,0,0
7/7/2021,BMAS,1225,1530,1225,1310,1891300
7/7/2021,BMRI,5775,5825,5675,5750,48345500
7/7/2021,BMSR,189,197,180,192,913500
7/7/2021,BMTR,272,276,270,272,25701200
7/7/2021,BNBA,825,900,820,850,13374200
7/7/2021,BNBR,50,50,50,50,57700
7/7/2021,BNGA,890,895,885,895,988500
7/7/2021,BNII,342,352,340,352,8270100
7/7/2021,BNLI,2900,3440,2770,3170,19738400
7/7/2021,BOGA,1360,1365,1310,1325,91447800
7/7/2021,BOLA,320,322,312,320,270500
7/7/2021,BOLT,750,755,705,755,1100
7/7/2021,BOSS,79,94,75,94,592372288
7/7/2021,BPFI,1055,1055,1055,1055,0
7/7/2021,BPII,7300,7300,7300,7300,0
7/7/2021,BPTR,113,114,111,113,460900
7/7/2021,BRAM,5625,5625,5625,5625,100
7/7/2021,BRIS,2190,2350,2180,2330,186353792
7/7/2021,BRMS,110,112,105,107,556710208
7/7/2021,BRNA,1430,1430,1430,1430,0
7/7/2021,BRPT,870,890,860,890,15778400
7/7/2021,BSDE,990,1000,970,980,6870400
7/7/2021,BSIM,540,555,525,550,214800
7/7/2021,BSSR,1690,1690,1665,1675,18900
7/7/2021,BSWD,1750,1750,1750,1750,0
7/7/2021,BTEK,50,50,50,50,0
7/7/2021,BTEL,50,50,50,50,0
7/7/2021,BTON,438,438,438,438,500
7/7/2021,BTPN,2810,2900,2800,2870,69300
7/7/2021,BTPS,2780,2780,2720,2760,3317100
7/7/2021,BUDI,165,167,164,165,2357300
7/7/2021,BUKK,1035,1035,1030,1030,1200
7/7/2021,BULL,284,286,276,278,403651104
7/7/2021,BULL-W2,75,75,60,62,311600
7/7/2021,BUMI,61,61,59,59,166210800
7/7/2021,BUVA,61,66,59,60,6847500
7/7/2021,BVIC,153,162,151,156,25269100
7/7/2021,BWPT,89,89,86,86,29095900
7/7/2021,BYAN,13950,13950,13525,13800,114400
7/7/2021,CAKK,68,73,66,68,10922500
7/7/2021,CAMP,258,260,254,256,1175800
7/7/2021,CANI,119,119,111,114,904800
7/7/2021,CARE,362,376,360,362,266360400
7/7/2021,CARS,50,50,50,50,2400
7/7/2021,CASA,396,400,396,400,4000
7/7/2021,CASA-W,224,224,224,224,0
7/7/2021,CASH,218,236,218,234,28760800
7/7/2021,CASS,354,358,354,356,466700
7/7/2021,CBMF,61,65,57,58,28230100
7/7/2021,CCSI,498,590,498,510,3072300
7/7/2021,CEKA,1775,1795,1775,1795,49400
7/7/2021,CENT,272,296,270,274,425772704
7/7/2021,CFIN,298,300,288,290,3725300
7/7/2021,CINT,186,191,185,188,14900
7/7/2021,CITA,2990,3100,2990,3100,2200
7/7/2021,CITY,149,150,140,148,90900
7/7/2021,CITY-W,48,48,48,48,100
7/7/2021,CLAY,840,840,835,835,1200
7/7/2021,CLEO,474,476,470,474,7317200
7/7/2021,CLPI,940,1085,940,1010,975800
7/7/2021,CMNP,1715,1715,1700,1700,100500
7/7/2021,CMPP,184,184,184,184,0
7/7/2021,CNKO,50,50,50,50,0
7/7/2021,CNTB,250,250,250,250,0
7/7/2021,CNTX,189,189,189,189,2300
7/7/2021,COCO,298,310,298,302,128200
7/7/2021,COCO-W,298,298,298,298,200
7/7/2021,COWL,50,50,50,50,0
7/7/2021,CPIN,6675,6700,6450,6700,3734800
7/7/2021,CPRI,50,50,50,50,0
7/7/2021,CPRI-W,14,16,14,16,27400
7/7/2021,CPRO,50,50,50,50,300
7/7/2021,CSAP,398,408,398,400,28900
7/7/2021,CSIS,70,73,70,73,898000
7/7/2021,CSMI,2870,2870,2800,2870,1400
7/7/2021,CSRA,292,292,288,290,284600
7/7/2021,CTBN,3450,3450,3450,3450,0
7/7/2021,CTRA,970,1000,955,970,29620000
7/7/2021,CTTH,51,51,50,51,2373500
7/7/2021,DADA,50,50,50,50,292900
7/7/2021,DART,214,214,210,210,700
7/7/2021,DAYA,248,256,248,252,2900
7/7/2021,DCII,59000,59000,59000,59000,0
7/7/2021,DEAL,71,88,71,83,38013800
7/7/2021,DEAL-W,31,52,30,48,214700
7/7/2021,DEFI,1620,1620,1620,1620,0
7/7/2021,DEWA,50,50,50,50,272700
7/7/2021,DFAM,140,144,139,139,88100
7/7/2021,DGIK,73,75,70,73,28087100
7/7/2021,DGNS,1325,1380,1310,1330,19078200
7/7/2021,DIGI,382,382,382,382,8700
7/7/2021,DILD,178,178,172,173,9901100
7/7/2021,DIVA,3650,3650,3590,3600,158400
7/7/2021,DKFT,149,149,146,148,7778600
7/7/2021,DLTA,3800,3800,3790,3790,93600
7/7/2021,DMAS,196,210,196,210,45566900
7/7/2021,DMMX,1740,1850,1730,1780,30617300
7/7/2021,DMND,725,725,715,725,24800
7/7/2021,DNAR,204,220,202,216,15103700
7/7/2021,DNET,3210,3240,3170,3200,8900
7/7/2021,DOID,340,340,326,326,78625400
7/7/2021,DPNS,298,322,298,322,421300
7/7/2021,DPUM,50,50,50,50,1100
7/7/2021,DSFI,69,70,68,70,267700
7/7/2021,DSNG,530,535,520,520,23214600
7/7/2021,DSSA,11000,12650,10750,12475,7700
7/7/2021,DUCK,116,120,114,115,20434200
7/7/2021,DUTI,3690,3690,3690,3690,0
7/7/2021,DVLA,2500,2670,2500,2560,292000
7/7/2021,DWGL,184,184,181,182,10100
7/7/2021,DWGL-W,33,34,32,34,30200
7/7/2021,DYAN,63,66,61,62,13853100
7/7/2021,EAST,66,67,64,66,672300
7/7/2021,EAST-W,9,9,8,9,944700
7/7/2021,ECII,990,990,990,990,0
7/7/2021,EDGE,33950,39800,31575,38100,325600
7/7/2021,EKAD,1510,1525,1470,1480,335300
7/7/2021,ELSA,288,288,276,278,45308500
7/7/2021,ELTY,50,50,50,50,1300
7/7/2021,EMDE,200,200,200,200,0
7/7/2021,EMTK,2810,2860,2770,2790,66100600
7/7/2021,ENRG,123,128,121,121,465232896
7/7/2021,ENVY,50,50,50,50,0
7/7/2021,ENZO,50,50,50,50,3300
7/7/2021,EPAC,50,52,50,51,9278600
7/7/2021,EPMT,2330,2330,2320,2330,108500
7/7/2021,ERAA,655,660,630,640,53188600
7/7/2021,ERTX,166,168,163,168,439000
7/7/2021,ESIP,70,72,70,71,1603700
7/7/2021,ESSA,342,354,340,344,13756300
7/7/2021,ESTA,99,99,97,98,76400
7/7/2021,ESTI,100,101,98,100,282200
7/7/2021,ETWA,62,62,62,62,0
7/7/2021,EXCL,2590,2630,2590,2600,11669900
7/7/2021,FAPA,2790,2870,2790,2870,3200
7/7/2021,FAST,995,1010,995,1010,3500
7/7/2021,FASW,7600,7600,7600,7600,0
7/7/2021,FILM,332,336,328,334,7098200
7/7/2021,FIRE,470,480,468,472,1635300
7/7/2021,FISH,3980,3980,3980,3980,100
7/7/2021,FITT,140,145,137,139,189600
7/7/2021,FMII,995,995,930,930,31100
7/7/2021,FOOD,102,104,101,102,4344400
7/7/2021,FORU,148,153,145,146,34600
7/7/2021,FORZ,50,50,50,50,1000
7/7/2021,FPNI,234,238,230,234,1508000
7/7/2021,FREN,119,124,117,120,1183154816
7/7/2021,FREN-W,52,53,49,52,3871700
7/7/2021,FUJI,294,294,274,280,11000
7/7/2021,GAMA,50,50,50,50,100
7/7/2021,GB05,0,0,0,0,0
7/7/2021,GB10,0,0,0,0,0
7/7/2021,GDST,99,99,95,96,2695100
7/7/2021,GDYR,1530,1530,1450,1530,20100
7/7/2021,GEMA,364,364,356,360,30200
7/7/2021,GEMS,3630,3740,3630,3720,5700
7/7/2021,GGRM,41350,42350,40200,40850,1553500
7/7/2021,GGRP,410,428,410,420,3200
7/7/2021,GHON,2180,2180,2090,2120,14000
7/7/2021,GIAA,222,222,222,222,0
7/7/2021,GJTL,775,775,755,760,4266300
7/7/2021,GLOB,224,254,222,234,235100
7/7/2021,GLVA,326,350,320,320,1427900
7/7/2021,GMFI,83,89,83,88,865400
7/7/2021,GMTD,16725,16725,16725,16725,0
7/7/2021,GOLD,470,505,470,500,25200
7/7/2021,GOLL,50,50,50,50,0
7/7/2021,GOOD,1910,1955,1895,1935,2561500
7/7/2021,GPRA,61,63,61,63,644900
7/7/2021,GSMF,146,146,139,140,309000
7/7/2021,GTBO,75,75,75,75,0
7/7/2021,GWSA,117,118,115,118,789000
7/7/2021,GZCO,50,50,50,50,13200
7/7/2021,HADE,50,50,50,50,0
7/7/2021,HDFA,158,164,153,156,75000
7/7/2021,HDIT,615,615,580,600,958600
7/7/2021,HDTX,120,120,120,120,0
7/7/2021,HEAL,5975,6250,5900,6000,1072000
7/7/2021,HELI,330,330,330,330,1300
7/7/2021,HERO,1575,1625,1500,1530,137300
7/7/2021,HEXA,3500,3510,3480,3500,105900
7/7/2021,HITS,380,384,364,364,12500
7/7/2021,HKMU,71,72,69,71,7794900
7/7/2021,HMSP,1150,1170,1145,1150,11872800
7/7/2021,HOKI,190,202,190,194,114695200
7/7/2021,HOME,50,50,50,50,0
7/7/2021,HOMI,2040,2040,1980,2030,91300
7/7/2021,HOTL,50,50,50,50,0
7/7/2021,HRME,58,59,56,57,9042100
7/7/2021,HRTA,238,246,236,246,4476100
7/7/2021,HRUM,5125,5250,5050,5200,3105800
7/7/2021,IATA,50,50,50,50,300
7/7/2021,IBFN,164,168,156,156,161500
7/7/2021,IBFN-W,13,15,13,15,46300
7/7/2021,IBST,5625,5625,5625,5625,0
7/7/2021,ICBP,8350,8500,8325,8450,4513900
7/7/2021,ICON,95,96,92,94,784400
7/7/2021,IDPR,142,151,140,143,318800
7/7/2021,IDX30,453.05,453.34,445.82,447.83,1005038976
7/7/2021,IDX80,122.45,122.52,120.96,121.44,2774851840
7/7/2021,IDXG30,134.79,134.79,132.29,133.13,1377124608
7/7/2021,IDXQ30,130.23,130.34,128.55,129.17,0
7/7/2021,IDXV30,116.33,116.61,115.27,115.72,948540672
7/7/2021,IFII,144,145,142,144,105300
7/7/2021,IFSH,990,990,990,990,100
7/7/2021,IGAR,426,440,424,436,177900
7/7/2021,IIKP,50,50,50,50,0
7/7/2021,IKAI,50,50,50,50,0
7/7/2021,IKAN,107,115,106,110,12051000
7/7/2021,IKBI,246,246,246,246,4000
7/7/2021,IMAS,870,875,855,865,1079000
7/7/2021,IMJS,290,300,290,298,3483200
7/7/2021,IMPC,1700,1700,1665,1670,796000
7/7/2021,INAF,3290,3300,3130,3190,3262000
7/7/2021,INAI,328,348,306,320,847900
7/7/2021,INCF,102,104,99,102,174800
7/7/2021,INCI,735,745,715,730,116300
7/7/2021,INCO,4880,4950,4780,4950,16995600
7/7/2021,INDF,6475,6575,6425,6450,8760800
7/7/2021,INDO,127,134,124,124,2352300
7/7/2021,INDR,3830,3920,3800,3910,25600
7/7/2021,INDS,1945,2050,1885,1950,5800
7/7/2021,INDX,120,121,119,119,1697400
7/7/2021,INDY,1355,1355,1315,1325,10406800
7/7/2021,INKP,7500,7550,7325,7425,5425900
7/7/2021,INOV,167,179,160,177,288900
7/7/2021,INPC,143,153,141,146,27339200
7/7/2021,INPC-W,55,60,53,59,4367400
7/7/2021,INPP,785,785,740,740,400
7/7/2021,INPS,1530,1915,1530,1915,47700
7/7/2021,INRU,745,745,700,745,1400
7/7/2021,INTA,155,175,153,153,165200
7/7/2021,INTD,191,196,189,193,7100
7/7/2021,INTP,10600,10600,10225,10325,3218500
7/7/2021,IPCC,565,595,550,590,14416700
7/7/2021,IPCM,330,342,318,330,10633800
7/7/2021,IPOL,159,160,157,159,292200
7/7/2021,IPTV,294,308,288,292,138962496
7/7/2021,IRRA,2140,2200,2060,2120,32497600
7/7/2021,ISAT,6375,6375,6050,6150,3955000
7/7/2021,ISSI,175.47,175.87,174.76,175.87,6905221120
7/7/2021,ISSP,248,254,242,244,13431500
7/7/2021,ITIC,478,480,476,478,336600
7/7/2021,ITMA,540,540,535,535,5100
7/7/2021,ITMA-W,84,84,61,79,40600
7/7/2021,ITMG,15300,15425,14825,15125,2733600
7/7/2021,JAST,132,140,128,136,55184200
7/7/2021,JAWA,117,120,116,117,920300
7/7/2021,JAYA,118,118,115,116,6425700
7/7/2021,JECC,7675,7675,7150,7150,500
7/7/2021,JGLE,50,50,50,50,0
7/7/2021,JIHD,438,438,438,438,0
7/7/2021,JII70,195.53,195.81,194.45,195.64,1685218048
7/7/2021,JKON,159,176,156,158,58800
7/7/2021,JKSW,60,60,60,60,0
7/7/2021,JMAS,216,238,202,214,2627200
7/7/2021,JPFA,1750,1760,1715,1720,7489700
7/7/2021,JRPT,474,474,468,468,2410900
7/7/2021,JSKY,177,182,166,166,141455600
7/7/2021,JSMR,3450,3450,3350,3400,5958200
7/7/2021,JSPT,855,855,855,855,0
7/7/2021,JTPE,1170,1170,1170,1170,130100
7/7/2021,KAEF,3240,3310,3150,3200,7408200
7/7/2021,KARW,115,115,107,107,8142500
7/7/2021,KAYU,54,54,53,53,2410900
7/7/2021,KBAG,50,50,50,50,1220700
7/7/2021,KBLI,346,358,338,338,2472500
7/7/2021,KBLM,210,210,202,208,108500
7/7/2021,KBLV,630,750,630,695,805700
7/7/2021,KBRI,50,50,50,50,0
7/7/2021,KDSI,880,950,880,915,121800
7/7/2021,KEEN,398,406,394,398,858300
7/7/2021,KEJU,1190,1215,1170,1215,84600
7/7/2021,KIAS,50,50,50,50,133200
7/7/2021,KICI,284,316,284,302,580100
7/7/2021,KIJA,170,175,169,171,12318200
7/7/2021,KINO,2400,2430,2330,2350,544000
7/7/2021,KIOS,810,910,805,865,118095800
7/7/2021,KJEN,468,500,468,500,700
7/7/2021,KKGI,232,232,230,232,429700
7/7/2021,KLBF,1375,1375,1340,1355,26750100
7/7/2021,KMDS,486,486,442,484,11400
7/7/2021,KMTR,370,370,356,370,6400
7/7/2021,KOBX,158,158,155,155,700200
7/7/2021,KOIN,158,160,157,160,70800
7/7/2021,KONI,905,1125,905,1125,64100
7/7/2021,KOPI,545,545,545,545,0
7/7/2021,KOTA,128,128,115,119,38525000
7/7/2021,KOTA-W,103,120,83,115,40300
7/7/2021,KPAL,50,50,50,50,0
7/7/2021,KPAS,61,62,60,60,727000
7/7/2021,KPAS-W,16,17,15,16,497300
7/7/2021,KPIG,117,119,114,115,195851808
7/7/2021,KRAH,436,436,436,436,0
7/7/2021,KRAS,505,510,496,498,13389900
7/7/2021,KREN,133,134,129,131,19300000
7/7/2021,LAND,92,92,87,89,982900
7/7/2021,LAPD,50,50,50,50,0
7/7/2021,LCGP,114,114,114,114,0
7/7/2021,LCKM,290,290,288,290,2700
7/7/2021,LEAD,50,50,50,50,302900
7/7/2021,LIFE,6775,6775,6775,6775,0
7/7/2021,LINK,4380,4440,4290,4330,3294400
7/7/2021,LION,400,400,400,400,0
7/7/2021,LMAS,175,175,175,175,0
7/7/2021,LMPI,158,162,158,158,136200
7/7/2021,LMSH,500,625,500,625,251700
7/7/2021,LPCK,1010,1010,995,1005,1143400
7/7/2021,LPGI,3540,3550,3500,3500,2700
7/7/2021,LPIN,322,348,314,340,14600
7/7/2021,LPKR,162,165,159,159,48176500
7/7/2021,LPLI,306,324,296,308,1543900
7/7/2021,LPPF,2570,2690,2480,2500,25837100
7/7/2021,LPPS,111,114,106,114,262600
7/7/2021,LQ45,850.94,851.37,838.29,841.86,1334741120
7/7/2021,LRNA,193,193,182,188,32700
7/7/2021,LSIP,1090,1090,1065,1065,12649500
7/7/2021,LTLS,530,540,530,540,46900
7/7/2021,LUCK,226,242,220,230,19179500
7/7/2021,MABA,50,50,50,50,0
7/7/2021,MAGP,50,50,50,50,0
7/7/2021,MAIN,725,730,715,715,1984100
7/7/2021,MAMI,50,50,50,50,0
7/7/2021,MAMIP,600,600,600,600,0
7/7/2021,MAMI-W,7,8,7,7,1448500
7/7/2021,MAPA,1630,1630,1595,1625,2022200
7/7/2021,MAPB,1345,1345,1345,1345,400
7/7/2021,MAPI,685,695,665,675,7375800
7/7/2021,MARI,316,322,314,318,39918800
7/7/2021,MARK,900,905,890,900,3638000
7/7/2021,MASA,1740,1970,1730,1835,127900
7/7/2021,MAYA,1650,1650,1635,1640,99400
7/7/2021,MBAP,2890,2890,2840,2840,60800
7/7/2021,MBSS,472,488,466,488,1679500
7/7/2021,MBTO,180,186,168,168,5304300
7/7/2021,MCAS,7675,7675,7550,7675,68400
7/7/2021,MCOR,129,142,128,138,174188608
7/7/2021,MDIA,63,64,61,62,14758800
7/7/2021,MDKA,3130,3200,2980,3010,58133700
7/7/2021,MDKI,208,208,206,208,352800
7/7/2021,MDLN,51,51,51,51,0
7/7/2021,MDRN,50,50,50,50,0
7/7/2021,MEDC,640,640,625,625,13367100
7/7/2021,MEGA,8000,8025,8000,8000,2300
7/7/2021,MERK,3100,3180,3100,3160,25400
7/7/2021,META,126,126,124,126,5123000
7/7/2021,MFIN,1170,1170,1170,1170,10000
7/7/2021,MFMI,615,620,615,620,1000
7/7/2021,MGNA,50,50,50,50,0
7/7/2021,MGRO,675,675,665,675,3172500
7/7/2021,MICE,354,354,344,348,55700
7/7/2021,MIDI,1630,1750,1630,1700,800
7/7/2021,MIKA,2760,2800,2730,2750,24185200
7/7/2021,MINA,64,65,63,64,1179800
7/7/2021,MIRA,50,50,50,50,3700
7/7/2021,MITI,138,140,138,138,411800
7/7/2021,MKNT,50,50,50,50,30200
7/7/2021,MKPI,25100,25100,25100,25100,100
7/7/2021,MLBI,8100,8125,8100,8100,49600
7/7/2021,MLIA,1035,1045,1000,1020,4852900
7/7/2021,MLPL,705,720,685,700,91952000
7/7/2021,MLPT,3380,3680,3310,3380,3513600
7/7/2021,MMLP,795,840,775,815,113930800
7/7/2021,MNC36,285.97,285.97,282.12,283.42,1169219456
7/7/2021,MNCN,885,900,865,890,69180896
7/7/2021,MOLI,935,970,935,970,11500
7/7/2021,MPMX,700,715,695,715,22927600
7/7/2021,MPOW,100,100,91,93,17386100
7/7/2021,MPPA,1155,1170,1140,1160,39540000
7/7/2021,MPRO,474,510,472,500,15300
7/7/2021,MRAT,458,460,422,422,7576100
7/7/2021,MREI,3750,3750,3750,3750,0
7/7/2021,MSIN,496,605,488,595,156686800
7/7/2021,MSKY,412,416,400,416,186700
7/7/2021,MTDL,2100,2150,2080,2100,2581800
7/7/2021,MTFN,50,50,50,50,0
7/7/2021,MTLA,422,422,418,418,13200
7/7/2021,MTPS,128,133,126,128,8618100
7/7/2021,MTRA,244,244,244,244,0
7/7/2021,MTSM,194,194,194,194,0
7/7/2021,MTWI,124,124,118,118,1337600
7/7/2021,MYOH,1405,1405,1370,1380,19000
7/7/2021,MYOR,2260,2270,2210,2240,3342800
7/7/2021,MYRX,50,50,50,50,0
7/7/2021,MYRXP,50,50,50,50,0
7/7/2021,MYTX,90,98,90,94,588300
7/7/2021,NASA,75,75,75,75,115300
7/7/2021,NATO,535,545,530,545,300972288
7/7/2021,NELY,216,216,212,212,610400
7/7/2021,NFCX,6250,6525,6125,6500,1614800
7/7/2021,NICK,338,338,296,296,39000
7/7/2021,NIKL,1145,1165,1090,1100,2499500
7/7/2021,NIPS,282,282,282,282,0
7/7/2021,NIRO,149,149,149,149,0
7/7/2021,NISP,775,780,760,775,190800
7/7/2021,NOBU,1465,1525,1370,1465,2093000
7/7/2021,NRCA,306,306,298,302,226200
7/7/2021,NUSA,50,50,50,50,0
7/7/2021,NZIA,133,133,127,132,3200
7/7/2021,OASA,206,256,206,256,842800
7/7/2021,OCAP,159,159,159,159,0
7/7/2021,OKAS,81,85,79,82,2842300
7/7/2021,OMRE,855,900,855,890,2700
7/7/2021,OPMS,472,505,440,440,43007500
7/7/2021,PADI,50,50,50,50,114600
7/7/2021,PALM,575,600,555,595,1286300
7/7/2021,PAMG,80,81,80,81,213200
7/7/2021,PANI,130,131,129,129,61000
7/7/2021,PANR,108,110,107,107,266200
7/7/2021,PANS,1500,1500,1460,1480,31700
7/7/2021,PBID,1775,1850,1765,1830,1494400
7/7/2021,PBRX,130,133,127,128,4477500
7/7/2021,PBSA,460,460,460,460,100
7/7/2021,PCAR,288,360,278,360,1840800
7/7/2021,PDES,290,320,284,314,85200
7/7/2021,PEGE,144,147,141,145,103300
7/7/2021,PEHA,1205,1235,1200,1210,219500
7/7/2021,PGAS,1040,1045,1025,1030,59219700
7/7/2021,PGJO,90,97,84,90,2091900
7/7/2021,PGLI,238,242,224,226,24600
7/7/2021,PGUN,262,262,242,256,129900
7/7/2021,PICO,137,137,132,135,106500
7/7/2021,PJAA,500,500,498,500,42600
7/7/2021,PKPK,69,69,65,65,9499400
7/7/2021,PLAN,30,30,29,30,2123100
7/7/2021,PLAS,50,50,50,50,0
7/7/2021,PLIN,2450,2450,2450,2450,0
7/7/2021,PMJS,135,135,126,133,550800
7/7/2021,PMMP,430,436,420,420,29073900
7/7/2021,PNBN,790,800,785,800,1590200
7/7/2021,PNBS,154,156,149,152,99590600
7/7/2021,PNGO,1435,1435,1400,1400,300
7/7/2021,PNIN,765,775,760,770,302100
7/7/2021,PNLF,192,192,189,190,9590000
7/7/2021,PNSE,476,498,460,478,16700
7/7/2021,POLA,168,170,159,161,1249700
7/7/2021,POLA-W,80,80,78,78,21500
7/7/2021,POLI,1130,1135,1130,1130,89600
7/7/2021,POLL,1950,2050,1920,1950,3717400
7/7/2021,POLU,286,376,284,350,849000
7/7/2021,POLY,57,60,55,57,5136600
7/7/2021,POOL,50,50,50,50,0
7/7/2021,PORT,645,720,645,670,30800
7/7/2021,POSA,50,50,50,50,0
7/7/2021,POWR,635,645,630,630,2651700
7/7/2021,PPGL,84,88,83,87,19426800
7/7/2021,PPRE,162,162,156,158,7286400
7/7/2021,PPRO,74,75,72,73,22094900
7/7/2021,PRAS,172,175,161,161,754100
7/7/2021,PRDA,6850,7650,6400,7500,23888000
7/7/2021,PRIM,555,625,535,625,85513904
7/7/2021,PSAB,187,188,181,182,9034700
7/7/2021,PSDN,224,274,224,224,5006600
7/7/2021,PSGO,155,155,145,150,1061300
7/7/2021,PSKT,50,50,50,50,24100
7/7/2021,PSSI,260,270,254,256,822700
7/7/2021,PTBA,2130,2130,2100,2100,13590700
7/7/2021,PTDU,2340,2340,2340,2340,721900
7/7/2021,PTIS,276,318,276,290,7000
7/7/2021,PTPP,875,900,860,880,68508496
7/7/2021,PTPW,1050,1070,1045,1050,1021500
7/7/2021,PTRO,1930,1955,1925,1955,454800
7/7/2021,PTSN,300,302,288,288,7846900
7/7/2021,PTSP,5500,5500,5500,5500,0
7/7/2021,PUDP,332,360,312,338,1329300
7/7/2021,PURA,50,50,50,50,7698000
7/7/2021,PURE,106,114,103,107,14791200
7/7/2021,PURI,412,412,384,384,6100
7/7/2021,PWON,440,446,440,442,16502000
7/7/2021,PYFA,995,1010,985,995,1035900
7/7/2021,PZZA,695,700,680,690,430200
7/7/2021,RAJA,210,212,206,208,3848800
7/7/2021,RALS,685,685,660,670,9841500
7/7/2021,RANC,840,840,775,775,1284700
7/7/2021,RBMS,50,51,50,51,4173800
7/7/2021,RDTX,7300,7325,7300,7300,3800
7/7/2021,REAL,50,50,50,50,900
7/7/2021,RELI,422,422,394,394,25400
7/7/2021,RICY,85,87,82,85,390900
7/7/2021,RIGS,208,216,202,204,243600
7/7/2021,RIMO,50,50,50,50,0
7/7/2021,RISE,420,422,416,420,314700
7/7/2021,RMBA,260,272,258,270,372300
7/7/2021,ROCK,655,655,610,615,14100
7/7/2021,RODA,95,109,90,90,88116704
7/7/2021,RONY,248,310,232,310,2856400
7/7/2021,ROTI,1350,1380,1340,1365,7900
7/7/2021,RUIS,226,226,222,224,32500
7/7/2021,SAFE,199,200,188,199,5400
7/7/2021,SAME,755,770,720,745,37253500
7/7/2021,SAMF,785,860,785,805,2628800
7/7/2021,SAPX,1090,1105,1085,1105,165800
7/7/2021,SATU,50,52,50,50,3303300
7/7/2021,SBAT,50,50,50,50,4884400
7/7/2021,SCCO,10900,10900,10900,10900,300
7/7/2021,SCMA,2150,2360,2070,2250,64028500
7/7/2021,SCNP,460,478,434,434,14392600
7/7/2021,SCPI,29000,29000,29000,29000,0
7/7/2021,SDMU,50,60,50,54,50403400
7/7/2021,SDPC,166,166,161,166,288800
7/7/2021,SDRA,695,695,690,690,22200
7/7/2021,SFAN,1310,1320,1305,1310,399000
7/7/2021,SGER,342,346,320,324,572100
7/7/2021,SGRO,1790,1820,1780,1790,140200
7/7/2021,SHID,1930,1930,1930,1930,6500
7/7/2021,SHIP,650,655,640,655,1180400
7/7/2021,SIDO,760,765,750,755,2795600
7/7/2021,SILO,9000,9125,8800,9000,535800
7/7/2021,SIMA,50,50,50,50,0
7/7/2021,SIMP,438,440,430,432,3121700
7/7/2021,SINI,342,342,302,302,22800
7/7/2021,SINI-W,284,284,284,284,100
7/7/2021,SIPD,1215,1230,1215,1230,6100
7/7/2021,SKBM,320,320,320,320,0
7/7/2021,SKLT,2150,2150,2150,2150,100
7/7/2021,SKRN,665,700,665,675,55300
7/7/2021,SKYB,51,51,51,51,0
7/7/2021,SLIS,10875,11050,10875,11050,9300
7/7/2021,SMAR,3900,3900,3900,3900,100
7/7/2021,SMBR,610,620,595,595,3308400
7/7/2021,SMCB,1715,1760,1600,1735,884600
7/7/2021,SMDM,134,134,131,134,25800
7/7/2021,SMDR,580,585,555,560,5130100
7/7/2021,SMGR,9300,9325,8900,8950,7380900
7/7/2021,SMKL,240,250,240,244,617000
7/7/2021,SMKL-W,29,29,27,29,575700
7/7/2021,SMMA,11300,11900,11000,11000,16500
7/7/2021,SMMT,116,123,116,116,5413900
7/7/2021,SMRA,850,860,840,840,25122000
7/7/2021,SMRU,50,50,50,50,0
7/7/2021,SMSM,1440,1440,1340,1370,328800
7/7/2021,SOCI,192,193,190,193,4188300
7/7/2021,SOFA,102,112,100,112,1951500
7/7/2021,SOHO,5275,5300,5150,5200,8500
7/7/2021,SONA,5425,5425,5425,5425,400
7/7/2021,SOSS,396,396,340,366,35300
7/7/2021,SOSS-W,43,43,39,43,2800
7/7/2021,SOTS,488,488,446,480,379200
7/7/2021,SOTS-W,78,88,65,80,90300
7/7/2021,SPMA,382,382,370,378,525500
7/7/2021,SPTO,456,462,456,458,744400
7/7/2021,SQMI,214,214,206,208,719600
7/7/2021,SRAJ,460,530,450,530,18191900
7/7/2021,SRIL,146,146,146,146,0
7/7/2021,SRSN,57,58,56,56,1297500
7/7/2021,SRTG,1890,2060,1835,1920,75265600
7/7/2021,SSIA,440,440,424,430,4057600
7/7/2021,SSMS,845,850,820,825,7405000
7/7/2021,SSTM,426,448,422,448,30200
7/7/2021,STAR,106,106,103,103,273800
7/7/2021,STTP,8225,8500,8225,8325,300
7/7/2021,SUGI,50,50,50,50,0
7/7/2021,SULI,50,50,50,50,100
7/7/2021,SUPR,8025,8025,8025,8025,4300
7/7/2021,SURE,1870,1870,1870,1870,0
7/7/2021,SWAT,72,77,71,75,1041800
7/7/2021,TALF,370,450,358,384,569700
7/7/2021,TAMA,51,52,50,52,1624900
7/7/2021,TAMU,50,50,50,50,100
7/7/2021,TARA,50,50,50,50,2000
7/7/2021,TAXI,50,50,50,50,400
7/7/2021,TBIG,3390,3420,3260,3300,43567900
7/7/2021,TBLA,815,815,795,795,817400
7/7/2021,TBMS,1590,1605,1590,1605,2400
7/7/2021,TCID,5725,5725,5700,5700,2100
7/7/2021,TCPI,8675,8775,8500,8600,8521800
7/7/2021,TDPM,119,119,119,119,0
7/7/2021,TEBE,390,430,382,390,115200
7/7/2021,TECH,3180,3950,3180,3870,2587400
7/7/2021,TELE,121,121,121,121,0
7/7/2021,TFAS,3070,3190,3030,3120,372900
7/7/2021,TFCO,685,685,640,685,1000
7/7/2021,TGKA,7850,7975,7300,7325,10300
7/7/2021,TGRA,99,99,97,98,6629700
7/7/2021,TIFA,845,1100,845,1100,77100
7/7/2021,TINS,1560,1560,1505,1535,52535100
7/7/2021,TIRA,565,565,535,535,50800
7/7/2021,TIRT,50,50,50,50,3400
7/7/2021,TKIM,7925,7950,7725,7825,1966600
7/7/2021,TLKM,3030,3070,3010,3030,110215504
7/7/2021,TMAS,230,294,226,262,33498500
7/7/2021,TMPO,149,150,137,138,6500
7/7/2021,TNCA,312,326,308,324,141200
7/7/2021,TOBA,474,474,468,472,74800
7/7/2021,TOPS,50,50,50,50,20500
7/7/2021,TOTL,302,304,298,304,645800
7/7/2021,TOTO,204,208,202,206,88400
7/7/2021,TOWR,1340,1340,1310,1325,37365200
7/7/2021,TOYS,87,89,82,85,5940400
7/7/2021,TPIA,9625,9900,9625,9825,2361100
7/7/2021,TPMA,715,715,715,715,900
7/7/2021,TRAM,50,50,50,50,0
7/7/2021,TRIL,50,50,50,50,0
7/7/2021,TRIM,113,115,110,115,56700
7/7/2021,TRIN,138,140,133,135,1000600
7/7/2021,TRIO,426,426,426,426,0
7/7/2021,TRIS,108,110,106,108,227500
7/7/2021,TRIS-W,6,6,6,6,0
7/7/2021,TRJA,176,182,169,181,1266000
7/7/2021,TRST,505,505,505,505,10000
7/7/2021,TRUK,87,100,85,94,71239296
7/7/2021,TRUS,310,330,310,330,13700
7/7/2021,TSPC,1490,1510,1480,1495,2883900
7/7/2021,TUGU,1475,1510,1470,1500,17900
7/7/2021,TURI,1150,1150,1150,1150,53700
7/7/2021,UANG,510,510,500,510,14300
7/7/2021,UCID,1540,1560,1540,1540,14300
7/7/2021,UFOE,1300,1300,1255,1260,435400
7/7/2021,ULTJ,1530,1540,1515,1525,259700
7/7/2021,UNIC,8675,8675,8425,8450,4200
7/7/2021,UNIT,316,316,316,316,0
7/7/2021,UNSP,114,114,110,111,32900
7/7/2021,UNTR,20600,20600,20325,20375,1223100
7/7/2021,UNVR,4960,4980,4900,4930,19448300
7/7/2021,URBN,660,660,570,605,64900
7/7/2021,VICI,348,356,344,346,2803600
7/7/2021,VICO,117,119,115,119,132300
7/7/2021,VINS,96,98,95,97,650500
7/7/2021,VIVA,58,58,56,57,19862600
7/7/2021,VOKS,182,186,182,186,5300
7/7/2021,VRNA,122,126,118,124,293800
7/7/2021,WAPO,112,118,108,110,2534700
7/7/2021,WEGE,180,183,177,181,6642700
7/7/2021,WEHA,71,73,70,70,844600
7/7/2021,WICO,440,440,440,440,0
7/7/2021,WIFI,1070,1070,1025,1035,3264800
7/7/2021,WIIM,570,605,565,585,16978400
7/7/2021,WIKA,975,1020,975,1005,26099500
7/7/2021,WINS,119,119,113,113,4205500
7/7/2021,WMUU,162,167,160,163,12302500
7/7/2021,WOMF,242,244,234,244,272900
7/7/2021,WOOD,785,810,770,770,40960300
7/7/2021,WOWS,50,50,50,50,941300
7/7/2021,WSBP,147,150,144,146,21493900
7/7/2021,WSKT,860,890,845,870,20512000
7/7/2021,WTON,236,240,234,240,4014600
7/7/2021,XAFA,1040,1040,1040,1040,0
7/7/2021,XAQA,838,838,838,838,0
7/7/2021,XBES,840,840,840,840,0
7/7/2021,XBID,470,470,470,470,0
7/7/2021,XBIN,435,435,435,435,0
7/7/2021,XBLQ,430,430,430,430,100
7/7/2021,XBNI,920,920,920,920,200
7/7/2021,XBSK,334,334,334,334,0
7/7/2021,XCID,84,84,84,84,5100
7/7/2021,XCIS,105,105,105,105,0
7/7/2021,XCLQ,88,88,88,88,7200
7/7/2021,XDIF,430,430,426,426,200
7/7/2021,XDSG,868,868,868,868,0
7/7/2021,XIHD,420,420,417,417,1000
7/7/2021,XIIC,918,918,918,918,0
7/7/2021,XIID,464,464,460,460,4700
7/7/2021,XIIF,474,484,474,484,1500
7/7/2021,XIIT,477,480,472,472,32500
7/7/2021,XIJI,570,575,560,569,34200
7/7/2021,XILV,103,103,102,102,200
7/7/2021,XIML,229,229,229,229,1100
7/7/2021,XIPI,157,161,157,159,2400
7/7/2021,XISB,398,398,398,398,0
7/7/2021,XISC,635,635,634,634,2100
7/7/2021,XISI,306,312,306,310,1000
7/7/2021,XISR,330,332,328,331,86900
7/7/2021,XKIV,450,450,450,450,0
7/7/2021,XKMS,952,952,944,944,10200
7/7/2021,XMIG,158,158,158,158,0
7/7/2021,XMJM,1001,1001,1001,1001,0
7/7/2021,XMTS,408,408,408,408,100
7/7/2021,XNVE,132,132,132,132,0
7/7/2021,XPCR,817,817,817,817,0
7/7/2021,XPDV,401,401,401,401,100
7/7/2021,XPES,345,345,344,344,2200
7/7/2021,XPFT,481,481,481,481,0
7/7/2021,XPID,465,465,465,465,100
7/7/2021,XPLC,409,409,409,409,0
7/7/2021,XPLQ,448,448,448,448,0
7/7/2021,XPMI,825,825,825,825,0
7/7/2021,XPSG,342,342,342,342,100
7/7/2021,XPTD,466,466,466,466,0
7/7/2021,XSBC,94,95,94,95,700
7/7/2021,XSMU,122,122,122,122,0
7/7/2021,XSPI,750,750,750,750,0
7/7/2021,XSRI,162,162,162,162,0
7/7/2021,XSSI,77,77,76,77,4000
7/7/2021,XSSK,566,566,566,566,0
7/7/2021,YELO,142,144,137,140,27327300
7/7/2021,YELO-W,32,36,31,32,11376800
7/7/2021,YPAS,472,472,440,440,700
7/7/2021,YULE,478,478,478,478,1000
7/7/2021,ZBRA,915,935,910,920,919100
7/7/2021,ZINC,155,156,146,148,630689600
7/7/2021,ZONE,412,414,412,414,209400
