<date>,<ticker>,<open>,<high>,<low>,<close>,<volume>
12/17/2021,IHSG,6584.887,6609.045,6559.303,6601.932,252973915
12/17/2021,AALI,9775,9825,9600,9825,1531000
12/17/2021,ABBA,408,418,402,408,6528900
12/17/2021,ABDA,5875,6200,5875,6200,300
12/17/2021,ABMM,1480,1495,1480,1485,1752900
12/17/2021,ACES,1265,1305,1255,1255,18490200
12/17/2021,ACST,222,226,220,226,5289600
12/17/2021,ADES,3220,3270,3000,3010,304100
12/17/2021,ADHI,1010,1010,955,980,24282800
12/17/2021,ADMF,7700,7725,7675,7700,56400
12/17/2021,ADMG,200,204,198,199,470900
12/17/2021,ADRO,2050,2060,2030,2050,156302400
12/17/2021,AGAR,328,328,324,324,1700
12/17/2021,AGII,1575,1775,1570,1725,69695400
12/17/2021,AGRO,2020,2040,1990,2000,25295100
12/17/2021,AGRS,179,187,176,180,117448000
12/17/2021,AHAP,74,78,72,73,45899800
12/17/2021,AIMS,412,414,400,400,1356400
12/17/2021,AISA,204,206,202,206,1895500
12/17/2021,AKKU,50,62,50,50,143655800
12/17/2021,AKPI,1135,1185,1115,1145,12300
12/17/2021,AKRA,4260,4310,4230,4300,7247700
12/17/2021,AKSI,360,426,360,426,308500
12/17/2021,ALDO,1010,1030,985,995,2617300
12/17/2021,ALDO-W,370,630,280,370,1025500
12/17/2021,ALKA,246,256,240,244,160900
12/17/2021,ALMI,272,292,272,292,15400
12/17/2021,ALTO,266,278,248,274,142800
12/17/2021,AMAG,336,338,330,338,100900
12/17/2021,AMAN,525,530,525,525,1096100
12/17/2021,AMAR,550,560,525,525,30730600
12/17/2021,AMFG,4480,4560,4330,4390,29200
12/17/2021,AMIN,210,210,202,206,181900
12/17/2021,AMOR,1810,1830,1785,1830,679200
12/17/2021,AMRT,1155,1160,1145,1150,7349500
12/17/2021,ANDI,50,50,50,50,213500
12/17/2021,ANJT,940,940,925,940,111200
12/17/2021,ANTM,2310,2310,2250,2250,50857800
12/17/2021,APEX,520,650,510,650,1104000
12/17/2021,APIC,1085,1115,1080,1090,15421800
12/17/2021,APII,246,260,236,254,2463800
12/17/2021,APLI,200,204,200,202,331800
12/17/2021,APLN,126,127,123,124,3882400
12/17/2021,ARCI,555,560,545,560,2721400
12/17/2021,ARGO,1670,1670,1660,1660,300
12/17/2021,ARII,250,250,238,250,68600
12/17/2021,ARKA,56,56,55,55,10964100
12/17/2021,ARMY,50,50,50,50,0
12/17/2021,ARNA,845,845,830,830,647600
12/17/2021,ARTA,2130,2130,2100,2100,14100
12/17/2021,ARTI,50,50,50,50,0
12/17/2021,ARTO,16175,16500,15800,15900,30740700
12/17/2021,ASBI,302,302,290,290,8700
12/17/2021,ASDM,950,960,950,960,6300
12/17/2021,ASGR,795,800,790,795,109500
12/17/2021,ASII,5800,5825,5725,5800,55854900
12/17/2021,ASJT,140,141,138,139,411700
12/17/2021,ASMI,290,290,270,270,2057000
12/17/2021,ASPI,75,82,74,77,8667800
12/17/2021,ASPI-W,20,22,19,20,3905500
12/17/2021,ASRI,169,169,167,168,5372500
12/17/2021,ASRM,1675,1675,1675,1675,400
12/17/2021,ASSA,3480,3550,3410,3530,4397300
12/17/2021,ATAP,152,162,147,151,7617600
12/17/2021,ATIC,600,610,600,610,63800
12/17/2021,AUTO,1230,1235,1200,1205,4165200
12/17/2021,AVIA,915,915,895,905,31019500
12/17/2021,AYLS,310,322,300,300,29400000
12/17/2021,BABP,214,216,206,206,94509400
12/17/2021,BABP-W3,110,118,108,114,9500
12/17/2021,BABP-W4,155,185,155,170,75900
12/17/2021,BACA,276,284,276,280,20512400
12/17/2021,BACA-W2,10,10,10,10,0
12/17/2021,BAJA,354,356,342,346,458300
12/17/2021,BALI,910,910,885,910,912100
12/17/2021,BANK,2400,2490,2380,2490,26812000
12/17/2021,BANK-W,2370,2370,2050,2290,900
12/17/2021,BAPA,74,75,70,72,21728300
12/17/2021,BAPI,50,50,50,50,300
12/17/2021,BAPI-W,7,7,6,7,27345800
12/17/2021,BATA,498,498,494,498,3600
12/17/2021,BAYU,1175,1175,1175,1175,100
12/17/2021,BBCA,7325,7500,7300,7500,107096800
12/17/2021,BBHI,7250,7300,7025,7225,1673900
12/17/2021,BBKP,302,304,298,298,171277600
12/17/2021,BBLD,400,400,400,400,10400
12/17/2021,BBMD,1965,2000,1965,1970,24400
12/17/2021,BBNI,6750,6850,6725,6750,23308800
12/17/2021,BBRI,4090,4140,4090,4110,153165400
12/17/2021,BBRM,50,51,50,50,90800
12/17/2021,BBSI,4400,4450,4330,4400,22000
12/17/2021,BBSS,54,60,54,54,40769800
12/17/2021,BBTN,1725,1755,1725,1725,9047900
12/17/2021,BBYB,2600,2700,2580,2700,62026400
12/17/2021,BCAP,76,76,73,75,14534400
12/17/2021,BCIC,234,236,226,228,5008500
12/17/2021,BCIP,96,96,88,91,23630700
12/17/2021,BDMN,2380,2430,2370,2430,2672900
12/17/2021,BEBS,4380,4390,4090,4200,34902900
12/17/2021,BEEF,67,72,67,69,748500
12/17/2021,BEKS,64,65,64,64,37821000
12/17/2021,BELL,147,148,141,146,1539000
12/17/2021,BESS,810,1085,810,1085,1693700
12/17/2021,BESS-W,346,890,346,825,1550800
12/17/2021,BEST,117,120,117,119,3329100
12/17/2021,BFIN,1125,1155,1095,1095,75128300
12/17/2021,BGTG,350,364,336,340,212961700
12/17/2021,BHAT,975,975,960,975,5050900
12/17/2021,BHIT,58,59,57,58,78383300
12/17/2021,BIKA,250,256,236,250,201000
12/17/2021,BIMA,184,185,180,182,1283700
12/17/2021,BINA,4000,4040,3910,4040,1576200
12/17/2021,BINO,140,140,138,140,2294700
12/17/2021,BINO-W,21,23,21,23,1465800
12/17/2021,BIPI,50,51,50,50,978606900
12/17/2021,BIPI-W,15,16,14,16,587900
12/17/2021,BIPP,51,54,51,53,9554300
12/17/2021,BIRD,1610,1615,1560,1565,2332800
12/17/2021,BISI,1005,1010,985,1010,245100
12/17/2021,BJBR,1380,1400,1370,1400,1364100
12/17/2021,BJTM,760,765,755,765,5385900
12/17/2021,BKDP,58,76,54,76,62421500
12/17/2021,BKSL,63,63,61,61,26671900
12/17/2021,BKSW,218,248,210,242,146862100
12/17/2021,BLTA,50,50,50,50,5200
12/17/2021,BLTZ,3250,3320,3100,3290,3300
12/17/2021,BLUE,444,444,444,444,128000
12/17/2021,BMAS,2570,2760,2540,2700,1479400
12/17/2021,BMHS,850,855,830,830,44678700
12/17/2021,BMRI,7225,7225,7075,7150,41972600
12/17/2021,BMSR,304,344,304,334,24971600
12/17/2021,BMTR,264,264,260,260,15508100
12/17/2021,BNBA,4380,4450,4220,4280,7334600
12/17/2021,BNBR,50,50,50,50,2300
12/17/2021,BNGA,975,990,970,970,9958500
12/17/2021,BNII,356,356,346,348,9323100
12/17/2021,BNLI,1690,1690,1655,1655,153900
12/17/2021,BOBA,254,258,240,248,466300
12/17/2021,BOGA,1390,1405,1385,1390,106771400
12/17/2021,BOLA,675,680,645,650,5593800
12/17/2021,BOLT,1045,1050,980,980,6200
12/17/2021,BOSS,69,69,67,68,6098900
12/17/2021,BPFI,1045,1050,1020,1050,11800
12/17/2021,BPII,5850,5850,5850,5850,0
12/17/2021,BPTR,570,660,540,615,5993400
12/17/2021,BRAM,12250,13025,12250,12400,5400
12/17/2021,BRIS,1845,1845,1825,1835,10391800
12/17/2021,BRMS,111,119,111,118,989120900
12/17/2021,BRNA,1140,1180,1065,1180,1400
12/17/2021,BRPT,890,895,880,895,35935000
12/17/2021,BSDE,1000,1015,995,1005,16692500
12/17/2021,BSIM,930,960,920,930,407100
12/17/2021,BSML,171,208,147,153,212272300
12/17/2021,BSSR,3700,3700,3520,3570,79600
12/17/2021,BSWD,1750,1750,1750,1750,0
12/17/2021,BTEK,50,50,50,50,1200
12/17/2021,BTEL,50,50,50,50,0
12/17/2021,BTON,400,406,396,406,3500
12/17/2021,BTPN,2680,2730,2680,2720,9700
12/17/2021,BTPS,3750,3830,3720,3720,1834500
12/17/2021,BUDI,176,178,173,175,5157300
12/17/2021,BUKA,456,466,444,466,235105100
12/17/2021,BUKK,1275,1325,1260,1270,62200
12/17/2021,BULL,240,246,240,242,162473300
12/17/2021,BULL-W2,44,48,43,44,71700
12/17/2021,BUMI,68,70,67,69,105819500
12/17/2021,BUVA,60,60,60,60,0
12/17/2021,BVIC,230,246,220,226,247930900
12/17/2021,BWPT,74,78,74,75,30047400
12/17/2021,BYAN,26025,27000,26025,27000,83900
12/17/2021,CAKK,102,104,100,101,7873400
12/17/2021,CAMP,290,294,290,292,514400
12/17/2021,CANI,158,162,154,160,257000
12/17/2021,CARE,505,535,500,510,471044800
12/17/2021,CARS,50,50,50,50,246900
12/17/2021,CASA,525,530,505,505,1838500
12/17/2021,CASH,316,328,300,312,7732100
12/17/2021,CASS,488,500,454,466,7800
12/17/2021,CBMF,93,105,92,99,208240600
12/17/2021,CCSI,565,580,550,555,328100
12/17/2021,CEKA,1900,1910,1900,1900,22700
12/17/2021,CENT,274,280,270,274,16987100
12/17/2021,CFIN,260,262,252,254,1305100
12/17/2021,CINT,258,258,250,250,31300
12/17/2021,CITA,2840,3550,2840,3550,770400
12/17/2021,CITY,170,178,170,178,121300
12/17/2021,CLAY,715,725,715,725,900
12/17/2021,CLEO,452,452,446,452,1811200
12/17/2021,CLPI,1025,1030,1015,1025,42700
12/17/2021,CMNP,1485,1485,1465,1485,429300
12/17/2021,CMNP-W,470,470,470,470,0
12/17/2021,CMNT,1060,1115,1050,1095,49660900
12/17/2021,CMPP,184,184,184,184,0
12/17/2021,CMRY,3380,3400,3350,3400,1149900
12/17/2021,CNKO,50,50,50,50,1100
12/17/2021,CNTB,250,250,250,250,0
12/17/2021,CNTX,328,340,318,340,238300
12/17/2021,COCO,288,290,280,284,13353200
12/17/2021,COCO-W,57,57,57,57,0
12/17/2021,COWL,50,50,50,50,0
12/17/2021,CPIN,5900,5950,5825,5875,7341500
12/17/2021,CPRI,50,50,50,50,0
12/17/2021,CPRI-W,12,12,12,12,0
12/17/2021,CPRO,108,108,104,104,162407100
12/17/2021,CSAP,565,585,565,585,56900
12/17/2021,CSIS,140,140,133,135,12061000
12/17/2021,CSMI,3560,3560,3560,3560,200
12/17/2021,CSRA,500,505,494,500,547100
12/17/2021,CTBN,2240,2240,2240,2240,700
12/17/2021,CTRA,1000,1005,980,980,15709100
12/17/2021,CTTH,51,51,50,50,4726400
12/17/2021,DADA,50,50,50,50,278800
12/17/2021,DADA-W,12,12,10,11,6004900
12/17/2021,DART,288,296,288,290,3225000
12/17/2021,DAYA,304,304,300,302,106200
12/17/2021,DCII,39500,39500,39450,39500,900
12/17/2021,DEAL,50,50,50,50,243300
12/17/2021,DEFI,805,805,805,805,100
12/17/2021,DEPO,520,520,500,510,5576800
12/17/2021,DEWA,50,50,50,50,173700
12/17/2021,DFAM,368,378,368,378,85500
12/17/2021,DGIK,214,224,204,206,81223800
12/17/2021,DGNS,790,815,770,775,12079600
12/17/2021,DIGI,118,121,115,118,9815800
12/17/2021,DILD,167,167,164,166,589100
12/17/2021,DIVA,1925,1925,1850,1875,185300
12/17/2021,DKFT,125,125,121,123,3363800
12/17/2021,DLTA,3790,3800,3760,3770,117100
12/17/2021,DMAS,194,197,193,195,21652100
12/17/2021,DMMX,2620,2650,2580,2630,4644700
12/17/2021,DMND,850,865,850,850,19300
12/17/2021,DNAR,322,338,318,320,38840800
12/17/2021,DNET,3260,3260,3220,3260,1700
12/17/2021,DOID,268,274,268,268,10181900
12/17/2021,DPNS,400,400,390,398,117300
12/17/2021,DPUM,50,50,50,50,0
12/17/2021,DSFI,100,101,98,99,2617900
12/17/2021,DSNG,470,490,470,482,60648100
12/17/2021,DSSA,48750,48750,48750,48750,100
12/17/2021,DUCK,176,176,176,176,0
12/17/2021,DUTI,3290,3290,3290,3290,2400
12/17/2021,DVLA,2860,2860,2800,2810,18100
12/17/2021,DWGL,202,210,195,202,143400
12/17/2021,DWGL-W,31,31,28,30,1591400
12/17/2021,DYAN,79,83,76,77,21140800
12/17/2021,EAST,91,96,90,91,12414500
12/17/2021,EAST-W,11,12,11,12,3054300
12/17/2021,ECII,960,960,940,940,5100
12/17/2021,EDGE,22875,23125,22875,23125,300
12/17/2021,EKAD,1455,1460,1445,1455,99200
12/17/2021,ELSA,278,280,276,276,7544200
12/17/2021,ELTY,50,50,50,50,1000
12/17/2021,EMDE,183,183,183,183,100
12/17/2021,EMTK,2240,2250,2200,2200,17143900
12/17/2021,ENRG,108,109,106,107,242611000
12/17/2021,ENVY,50,50,50,50,0
12/17/2021,ENZO,50,50,50,50,172000
12/17/2021,ENZO-W,14,15,13,15,2831500
12/17/2021,EPAC,52,57,51,53,43291100
12/17/2021,EPMT,2600,2630,2600,2620,15400
12/17/2021,ERAA,595,600,585,585,100585000
12/17/2021,ERTX,192,196,192,193,654600
12/17/2021,ESIP,121,160,120,153,271171400
12/17/2021,ESSA,525,540,500,520,106108000
12/17/2021,ESTA,300,304,280,280,2304000
12/17/2021,ESTI,123,123,123,123,2094800
12/17/2021,ETWA,62,62,62,62,0
12/17/2021,EXCL,3170,3240,3160,3230,17248100
12/17/2021,FAPA,3180,3180,3170,3180,112800
12/17/2021,FAST,1005,1010,975,1010,22700
12/17/2021,FASW,7600,7600,7600,7600,0
12/17/2021,FILM,870,890,830,860,9177300
12/17/2021,FIMP,43,44,42,43,4907300
12/17/2021,FIMP-W,17,17,15,16,71000
12/17/2021,FIRE,464,472,462,472,1529300
12/17/2021,FISH,7975,7975,7975,7975,0
12/17/2021,FITT,610,610,595,600,16287300
12/17/2021,FITT-W,466,466,466,466,2000
12/17/2021,FLMC,505,515,500,505,3579900
12/17/2021,FMII,372,450,348,360,2653900
12/17/2021,FOOD,113,126,113,121,5138500
12/17/2021,FORU,278,278,256,262,2661400
12/17/2021,FORZ,50,50,50,50,0
12/17/2021,FPNI,220,230,220,226,1315100
12/17/2021,FREN,88,90,85,88,527449400
12/17/2021,FREN-W2,28,28,26,27,78734600
12/17/2021,FUJI,535,540,535,540,16200
12/17/2021,GAMA,50,58,50,50,91882000
12/17/2021,GDST,99,99,97,98,2018300
12/17/2021,GDYR,1310,1340,1280,1335,57800
12/17/2021,GEMA,440,440,410,410,16500
12/17/2021,GEMS,4960,5450,4850,5450,304700
12/17/2021,GGRM,31175,31175,30875,31000,1082400
12/17/2021,GGRP,835,840,780,780,422500
12/17/2021,GHON,2230,2320,2230,2310,1500
12/17/2021,GIAA,222,222,222,222,0
12/17/2021,GJTL,665,670,660,665,2086100
12/17/2021,GLOB,236,248,226,240,109400
12/17/2021,GLVA,284,288,274,284,251100
12/17/2021,GMFI,79,80,77,77,1210200
12/17/2021,GMTD,16725,16725,16725,16725,0
12/17/2021,GOLD,382,400,378,382,17300
12/17/2021,GOLL,50,50,50,50,0
12/17/2021,GOOD,510,510,496,498,6423100
12/17/2021,GPRA,93,94,91,91,7836100
12/17/2021,GPSO,130,130,127,130,62800
12/17/2021,GPSO-W,34,36,33,35,205600
12/17/2021,GSMF,306,312,294,296,1988900
12/17/2021,GTBO,75,75,75,75,0
12/17/2021,GTSI,70,72,69,71,13025300
12/17/2021,GWSA,191,192,186,188,494200
12/17/2021,GZCO,61,65,58,60,82469500
12/17/2021,HADE,50,50,50,50,100
12/17/2021,HAIS,197,198,194,197,742200
12/17/2021,HDFA,232,264,228,238,5936100
12/17/2021,HDIT,388,416,386,394,2198800
12/17/2021,HDTX,120,120,120,120,0
12/17/2021,HEAL,1090,1095,1045,1050,21752500
12/17/2021,HELI,342,342,334,334,2200
12/17/2021,HERO,1805,1835,1740,1740,51600
12/17/2021,HEXA,4770,4800,4750,4760,106800
12/17/2021,HITS,398,402,386,386,700
12/17/2021,HKMU,65,65,55,55,109620100
12/17/2021,HMSP,980,985,970,980,14488700
12/17/2021,HOKI,183,184,180,183,3018100
12/17/2021,HOME,50,50,50,50,0
12/17/2021,HOMI,1635,1645,1620,1645,384400
12/17/2021,HOPE,87,88,85,85,1823700
12/17/2021,HOPE-W,17,18,16,17,6483400
12/17/2021,HOTL,50,50,50,50,5200
12/17/2021,HRME,54,56,53,56,6384200
12/17/2021,HRTA,218,220,212,212,17034700
12/17/2021,HRUM,10925,11050,10525,10725,17798300
12/17/2021,IATA,71,74,70,71,364475900
12/17/2021,IBFN,84,85,79,80,51900
12/17/2021,IBST,6025,6225,6025,6225,200
12/17/2021,ICBP,8725,8800,8700,8800,5451900
12/17/2021,ICON,100,110,100,103,11284300
12/17/2021,IDEA,99,106,97,101,6118100
12/17/2021,IDPR,187,192,185,189,879100
12/17/2021,IFII,154,155,152,154,117400
12/17/2021,IFSH,1575,1585,1465,1585,1700
12/17/2021,IGAR,446,448,442,442,59600
12/17/2021,IIKP,50,50,50,50,0
12/17/2021,IKAI,50,50,50,50,74400
12/17/2021,IKAN,94,101,94,95,18031500
12/17/2021,IKBI,240,250,238,238,10500
12/17/2021,IMAS,925,925,910,910,1414600
12/17/2021,IMJS,424,444,420,442,11640100
12/17/2021,IMPC,2670,2790,2660,2790,4484000
12/17/2021,INAF,2430,2490,2380,2400,1348700
12/17/2021,INAI,340,348,320,320,232800
12/17/2021,INCF,418,442,418,430,24100
12/17/2021,INCI,585,590,580,585,29300
12/17/2021,INCO,4640,4700,4620,4660,5683400
12/17/2021,INDF,6425,6500,6425,6475,8264800
12/17/2021,INDO,106,108,106,106,5662600
12/17/2021,INDO-W,12,12,11,12,98874300
12/17/2021,INDR,4390,4440,4300,4320,151900
12/17/2021,INDS,2060,2130,2060,2090,2700
12/17/2021,INDX,112,140,109,139,74593900
12/17/2021,INDY,1650,1675,1640,1660,13784100
12/17/2021,INKP,7650,7900,7575,7900,6566300
12/17/2021,INOV,216,222,214,218,881300
12/17/2021,INPC,142,149,140,142,29082500
12/17/2021,INPP,620,650,620,650,2100
12/17/2021,INPS,1790,1790,1790,1790,0
12/17/2021,INRU,715,820,680,720,6000
12/17/2021,INTA,89,91,87,87,54800
12/17/2021,INTD,324,330,320,320,143300
12/17/2021,INTP,11700,12075,11400,11400,13645000
12/17/2021,IPAC,118,125,116,125,3700
12/17/2021,IPCC,555,565,550,555,1166200
12/17/2021,IPCM,304,308,300,302,1251700
12/17/2021,IPOL,177,177,172,175,760100
12/17/2021,IPPE,186,216,186,186,98356900
12/17/2021,IPTV,197,198,189,189,8080400
12/17/2021,IRRA,2090,2170,2070,2090,28415000
12/17/2021,ISAT,6100,6125,6000,6050,5058300
12/17/2021,ISSP,418,424,406,410,27366100
12/17/2021,ITIC,298,300,288,290,850900
12/17/2021,ITMA,520,520,500,515,116500
12/17/2021,ITMA-W,86,86,86,86,0
12/17/2021,ITMG,20250,20675,20250,20675,2974200
12/17/2021,JAST,134,136,130,134,3204100
12/17/2021,JAWA,252,258,238,242,20504500
12/17/2021,JAYA,210,214,198,206,50177000
12/17/2021,JAYA-W,59,61,56,60,2482900
12/17/2021,JECC,5550,5550,5550,5550,0
12/17/2021,JGLE,50,50,50,50,3400
12/17/2021,JIHD,472,474,470,470,4400
12/17/2021,JKON,124,125,123,124,233600
12/17/2021,JKSW,60,60,60,60,0
12/17/2021,JMAS,167,191,166,182,44285000
12/17/2021,JPFA,1565,1605,1560,1605,10398600
12/17/2021,JRPT,486,488,482,488,1228000
12/17/2021,JSKY,105,106,103,104,5820100
12/17/2021,JSMR,3850,4070,3800,4070,5111100
12/17/2021,JSPT,755,755,755,755,0
12/17/2021,JTPE,1070,1070,1070,1070,1099100
12/17/2021,KAEF,2620,2660,2550,2560,9086100
12/17/2021,KARW,100,132,100,118,134674100
12/17/2021,KAYU,51,51,50,51,4550900
12/17/2021,KBAG,83,84,78,78,4542674100
12/17/2021,KBAG-W,14,14,11,12,1031243000
12/17/2021,KBLI,284,286,278,282,817900
12/17/2021,KBLM,212,218,212,218,719400
12/17/2021,KBLV,680,710,670,700,8771000
12/17/2021,KBRI,50,50,50,50,0
12/17/2021,KDSI,1035,1065,1035,1060,1200
12/17/2021,KEEN,442,444,440,440,972300
12/17/2021,KEJU,1190,1190,1180,1190,4600
12/17/2021,KIAS,50,50,50,50,37500
12/17/2021,KICI,308,316,306,310,531800
12/17/2021,KIJA,173,178,171,174,4943200
12/17/2021,KINO,2020,2020,2000,2000,77200
12/17/2021,KIOS,535,545,505,505,42428900
12/17/2021,KJEN,885,890,825,825,1178000
12/17/2021,KKGI,272,276,266,272,381200
12/17/2021,KLBF,1630,1630,1595,1610,41416100
12/17/2021,KMDS,458,460,458,460,10000
12/17/2021,KMTR,336,340,328,336,2500
12/17/2021,KOBX,286,306,276,296,11805100
12/17/2021,KOIN,163,165,163,163,49200
12/17/2021,KONI,945,1000,910,985,8400
12/17/2021,KOPI,675,690,650,655,54000
12/17/2021,KOTA,82,84,79,81,43948100
12/17/2021,KOTA-W,66,75,64,69,54800
12/17/2021,KPAL,50,50,50,50,0
12/17/2021,KPAS,62,62,62,62,0
12/17/2021,KPIG,95,95,92,93,7193500
12/17/2021,KRAH,436,436,436,436,0
12/17/2021,KRAS,412,414,406,406,7844000
12/17/2021,KREN,96,96,93,93,7639200
12/17/2021,KUAS,118,124,113,117,8739100
12/17/2021,KUAS-W,31,32,30,32,1225000
12/17/2021,LABA,103,103,101,101,2049500
12/17/2021,LABA-W,21,21,20,21,2853000
12/17/2021,LAND,90,91,87,89,9275500
12/17/2021,LAPD,50,50,50,50,0
12/17/2021,LCGP,114,114,114,114,0
12/17/2021,LCKM,308,308,308,308,1700
12/17/2021,LEAD,51,54,51,51,25119100
12/17/2021,LFLO,114,114,108,109,59300
12/17/2021,LFLO-W,40,49,40,43,5436900
12/17/2021,LIFE,6100,6200,6100,6200,700
12/17/2021,LINK,4190,4260,4160,4240,1748600
12/17/2021,LION,334,334,314,314,15600
12/17/2021,LMAS,142,142,131,131,41670100
12/17/2021,LMPI,192,198,192,195,62800
12/17/2021,LMSH,720,745,705,730,900
12/17/2021,LPCK,1265,1285,1220,1240,363000
12/17/2021,LPGI,4550,4550,4550,4550,0
12/17/2021,LPIN,1290,1310,1210,1210,7664000
12/17/2021,LPKR,142,145,141,145,18897300
12/17/2021,LPLI,278,286,260,278,460800
12/17/2021,LPPF,3920,3960,3830,3830,1826900
12/17/2021,LPPS,116,117,114,116,1444800
12/17/2021,LRNA,182,186,175,183,57300
12/17/2021,LSIP,1210,1235,1210,1215,6152600
12/17/2021,LTLS,695,705,680,680,39300
12/17/2021,LUCK,394,410,390,392,20909200
12/17/2021,LUCY,52,52,51,52,871500
12/17/2021,LUCY-W,14,15,14,15,1057300
12/17/2021,MABA,50,50,50,50,0
12/17/2021,MAGP,50,50,50,50,0
12/17/2021,MAIN,675,680,675,680,1309100
12/17/2021,MAMI,50,50,50,50,0
12/17/2021,MAMI-W,6,6,6,6,0
12/17/2021,MAMIP,600,600,600,600,0
12/17/2021,MAPA,2580,2650,2550,2620,1062600
12/17/2021,MAPB,1595,1595,1595,1595,3100
12/17/2021,MAPI,695,735,690,710,19940400
12/17/2021,MARI,474,505,470,500,90558800
12/17/2021,MARK,1090,1090,1055,1070,3707900
12/17/2021,MASA,6250,6250,5825,5825,25600
12/17/2021,MASB,3550,3560,3510,3560,9600
12/17/2021,MASB-W,374,374,340,370,153300
12/17/2021,MAYA,700,705,690,695,1222100
12/17/2021,MBAP,3560,3610,3550,3610,54000
12/17/2021,MBSS,925,955,880,955,575400
12/17/2021,MBTO,172,172,166,167,313600
12/17/2021,MCAS,10000,10000,9525,9575,351600
12/17/2021,MCOL,3720,3780,3500,3570,1922000
12/17/2021,MCOR,123,125,123,123,7263500
12/17/2021,MDIA,50,50,50,50,110600
12/17/2021,MDKA,3750,3780,3700,3700,94336700
12/17/2021,MDKI,210,210,204,206,804100
12/17/2021,MDLN,51,51,51,51,0
12/17/2021,MDRN,50,50,50,50,100
12/17/2021,MEDC,486,486,478,478,33847200
12/17/2021,MEGA,8425,8475,8400,8450,12400
12/17/2021,MERK,3700,3700,3650,3680,157400
12/17/2021,META,116,116,113,115,1543500
12/17/2021,MFIN,1100,1100,1100,1100,0
12/17/2021,MFMI,990,990,940,945,5700
12/17/2021,MGLV,220,230,204,210,316500
12/17/2021,MGLV-W,24,25,23,24,8715100
12/17/2021,MGNA,50,50,50,50,0
12/17/2021,MGRO,810,825,800,825,3927000
12/17/2021,MICE,416,436,414,426,334000
12/17/2021,MIDI,2090,2600,2090,2150,15500
12/17/2021,MIKA,2290,2320,2240,2240,24616300
12/17/2021,MINA,50,52,50,50,17353300
12/17/2021,MIRA,50,59,50,50,48247300
12/17/2021,MITI,210,214,206,206,7856100
12/17/2021,MKNT,50,50,50,50,400
12/17/2021,MKPI,24925,24925,24925,24925,0
12/17/2021,MLBI,7675,7725,7575,7650,180300
12/17/2021,MLIA,2190,2210,2120,2120,5626800
12/17/2021,MLPL,372,378,356,360,177975600
12/17/2021,MLPT,3400,3500,3380,3400,53000
12/17/2021,MMLP,615,620,600,610,9249700
12/17/2021,MNCN,910,925,905,920,21458600
12/17/2021,MOLI,545,585,540,570,16600
12/17/2021,MPMX,1150,1175,1125,1150,10707400
12/17/2021,MPOW,111,117,109,112,17868700
12/17/2021,MPPA,474,476,458,462,41377600
12/17/2021,MPRO,855,855,830,835,300
12/17/2021,MRAT,296,296,278,284,1872500
12/17/2021,MREI,3580,3830,3580,3830,300
12/17/2021,MSIN,1435,1465,1400,1420,21993000
12/17/2021,MSKY,304,310,304,310,45500
12/17/2021,MTDL,3750,3800,3660,3680,4045200
12/17/2021,MTEL,765,785,755,785,87426200
12/17/2021,MTFN,50,50,50,50,102500
12/17/2021,MTLA,402,412,396,404,35000
12/17/2021,MTPS,110,114,109,111,1218700
12/17/2021,MTRA,244,244,244,244,0
12/17/2021,MTSM,400,414,396,414,222300
12/17/2021,MTWI,134,135,123,123,17256200
12/17/2021,MYOH,1660,1695,1660,1690,26900
12/17/2021,MYOR,2070,2070,2010,2030,2999700
12/17/2021,MYRX,50,50,50,50,0
12/17/2021,MYRXP,50,50,50,50,0
12/17/2021,MYTX,93,98,93,94,1358100
12/17/2021,NASA,63,64,61,62,2634200
12/17/2021,NASI,214,236,210,216,10447900
12/17/2021,NATO,735,750,720,725,248173100
12/17/2021,NATO-W,274,274,274,274,0
12/17/2021,NELY,442,515,410,410,28242000
12/17/2021,NFCX,9425,9450,9375,9425,85200
12/17/2021,NICK,780,790,730,730,50600
12/17/2021,NICL,71,72,70,70,14008900
12/17/2021,NICL-W,11,11,9,10,17988600
12/17/2021,NIKL,1045,1055,1025,1030,361000
12/17/2021,NIPS,282,282,282,282,0
12/17/2021,NIRO,146,150,141,149,32100
12/17/2021,NISP,670,675,665,670,988500
12/17/2021,NOBU,745,795,745,775,12929600
12/17/2021,NPGF,92,95,91,92,14265700
12/17/2021,NRCA,334,366,334,350,12504600
12/17/2021,NUSA,50,50,50,50,0
12/17/2021,NZIA,158,175,151,157,30800
12/17/2021,OASA,605,685,550,650,13439200
12/17/2021,OBMD,146,148,141,141,2611000
12/17/2021,OBMD-W,23,24,22,22,4512700
12/17/2021,OCAP,159,159,159,159,0
12/17/2021,OILS,354,390,326,332,123473500
12/17/2021,OILS-W,113,118,99,100,2990200
12/17/2021,OKAS,87,90,80,80,66620700
12/17/2021,OMRE,845,845,840,840,200
12/17/2021,OPMS,150,153,148,150,8033500
12/17/2021,PADI,50,50,50,50,31200
12/17/2021,PALM,900,960,850,885,25082700
12/17/2021,PAMG,88,92,88,90,873200
12/17/2021,PANI,1775,1775,1675,1775,2895800
12/17/2021,PANR,254,254,240,240,1900300
12/17/2021,PANS,1320,1340,1320,1335,36000
12/17/2021,PBID,1630,1650,1620,1640,323300
12/17/2021,PBRX,160,165,154,158,5024800
12/17/2021,PBSA,680,680,635,635,2300
12/17/2021,PCAR,270,280,266,270,20500
12/17/2021,PDES,294,296,294,296,55100
12/17/2021,PEGE,1205,1270,1190,1230,106400
12/17/2021,PEHA,1135,1145,1120,1130,174000
12/17/2021,PGAS,1475,1485,1465,1480,48462200
12/17/2021,PGJO,75,78,75,77,95900
12/17/2021,PGLI,226,250,224,224,31900
12/17/2021,PGUN,326,326,318,320,14300
12/17/2021,PICO,100,100,98,99,7200
12/17/2021,PJAA,565,575,565,565,18800
12/17/2021,PKPK,167,170,164,166,7557400
12/17/2021,PLAN,36,38,36,37,5225500
12/17/2021,PLAN-W,11,11,10,11,481600
12/17/2021,PLAS,50,50,50,50,0
12/17/2021,PLIN,2450,2450,2450,2450,0
12/17/2021,PMJS,148,160,148,153,4363800
12/17/2021,PMMP,480,484,472,476,13679000
12/17/2021,PNBN,765,770,740,740,11133100
12/17/2021,PNBS,86,88,85,86,44934900
12/17/2021,PNGO,1570,1640,1485,1520,22900
12/17/2021,PNIN,690,695,685,690,111200
12/17/2021,PNLF,173,174,168,168,67622000
12/17/2021,PNSE,600,600,600,600,2300
12/17/2021,POLA,250,260,248,250,853900
12/17/2021,POLA-W,91,92,91,92,11600
12/17/2021,POLI,1450,1490,1380,1425,12800
12/17/2021,POLL,1535,1535,1430,1455,615300
12/17/2021,POLU,452,460,452,460,25700
12/17/2021,POLY,68,70,63,63,21671200
12/17/2021,POOL,50,50,50,50,0
12/17/2021,PORT,590,600,580,580,5500
12/17/2021,POSA,50,50,50,50,0
12/17/2021,POWR,620,625,620,620,2267400
12/17/2021,PPGL,139,146,136,138,4383400
12/17/2021,PPGL-W,25,27,23,26,11494900
12/17/2021,PPRE,186,187,182,185,6557600
12/17/2021,PPRO,69,69,67,67,16132800
12/17/2021,PRAS,258,260,250,260,64200
12/17/2021,PRDA,9700,9700,9325,9350,394800
12/17/2021,PRIM,476,490,476,476,9446400
12/17/2021,PSAB,143,151,139,148,35031200
12/17/2021,PSDN,148,148,142,142,40700
12/17/2021,PSGO,242,254,240,242,24214100
12/17/2021,PSKT,50,50,50,50,0
12/17/2021,PSSI,428,428,418,420,2515500
12/17/2021,PTBA,2700,2730,2660,2730,17001300
12/17/2021,PTDU,195,216,190,212,36103200
12/17/2021,PTIS,358,394,354,356,4300
12/17/2021,PTPP,1045,1055,1010,1010,34498400
12/17/2021,PTPW,755,755,740,740,521100
12/17/2021,PTRO,2360,2370,2290,2300,356600
12/17/2021,PTSN,228,232,226,232,250500
12/17/2021,PTSP,5900,5900,5900,5900,200
12/17/2021,PUDP,330,348,310,344,10300
12/17/2021,PURA,69,72,67,70,127698300
12/17/2021,PURA-W,20,20,19,19,6158900
12/17/2021,PURE,84,84,82,83,1978500
12/17/2021,PURI,348,362,330,362,5100
12/17/2021,PWON,482,486,470,470,39389200
12/17/2021,PYFA,1045,1045,1010,1015,308900
12/17/2021,PZZA,665,690,665,675,35300
12/17/2021,R-ABFII,28600,28600,28600,28600,0
12/17/2021,R-LQ45X,1004,1006,1001,1005,6600
12/17/2021,RAJA,187,187,182,186,5641200
12/17/2021,RALS,675,685,665,670,1880400
12/17/2021,RANC,1935,1935,1935,1935,76500
12/17/2021,RBMS,55,64,54,58,172618100
12/17/2021,RDTX,6625,6625,6625,6625,400
12/17/2021,REAL,75,78,75,75,13817100
12/17/2021,RELI,446,456,446,456,1000
12/17/2021,RICY,98,103,90,96,29659200
12/17/2021,RIGS,316,332,314,322,90600
12/17/2021,RIMO,50,50,50,50,0
12/17/2021,RISE,382,384,374,378,268500
12/17/2021,RMBA,306,306,306,306,0
12/17/2021,RMKE,224,226,218,220,4649100
12/17/2021,ROCK,680,725,680,715,2400
12/17/2021,RODA,92,95,91,93,1890500
12/17/2021,RONY,264,330,264,330,6618500
12/17/2021,ROTI,1280,1290,1275,1285,1172500
12/17/2021,RSGK,1685,1685,1675,1675,71000
12/17/2021,RUIS,218,220,204,204,455800
12/17/2021,RUNS,284,290,278,280,402200
12/17/2021,SAFE,238,244,238,244,1721600
12/17/2021,SAME,442,450,432,432,20413900
12/17/2021,SAMF,1030,1030,975,995,5171800
12/17/2021,SAPX,1280,1280,1250,1250,4200
12/17/2021,SATU,96,96,93,94,35963200
12/17/2021,SBAT,50,50,50,50,1821800
12/17/2021,SBAT-W,11,12,10,11,3792400
12/17/2021,SBAT-W2,28,44,28,34,36200
12/17/2021,SBMA,458,488,426,470,38569900
12/17/2021,SBMA-W,124,140,124,130,180600
12/17/2021,SCCO,10075,10400,10075,10400,4100
12/17/2021,SCMA,344,368,344,366,95007700
12/17/2021,SCNP,200,200,198,199,839000
12/17/2021,SCPI,29000,29000,29000,29000,0
12/17/2021,SDMU,77,92,71,87,189016900
12/17/2021,SDPC,142,151,142,146,3709200
12/17/2021,SDRA,585,595,580,580,142600
12/17/2021,SFAN,1490,1495,1490,1495,1361200
12/17/2021,SGER,1255,1255,1225,1225,1230400
12/17/2021,SGER-W,1160,1160,1160,1160,0
12/17/2021,SGRO,2000,2040,2000,2000,55800
12/17/2021,SHID,1000,1000,950,950,112800
12/17/2021,SHIP,1015,1145,1015,1095,3680200
12/17/2021,SIDO,895,900,875,875,7325200
12/17/2021,SILO,8850,9000,8600,8650,358700
12/17/2021,SIMA,50,50,50,50,0
12/17/2021,SIMP,460,466,458,460,1748300
12/17/2021,SINI,290,290,256,256,10800
12/17/2021,SINI-W,141,141,141,141,400
12/17/2021,SIPD,1745,1790,1655,1700,6200
12/17/2021,SKBM,370,408,354,362,17200
12/17/2021,SKLT,2250,2250,2120,2120,500
12/17/2021,SKRN,925,925,890,890,2310400
12/17/2021,SKYB,51,51,51,51,0
12/17/2021,SLIS,1175,1280,1075,1090,3031300
12/17/2021,SMAR,4250,4250,4250,4250,7200
12/17/2021,SMBR,665,665,635,645,3829400
12/17/2021,SMCB,1660,1665,1650,1660,723000
12/17/2021,SMDM,179,189,179,187,2563100
12/17/2021,SMDR,1095,1145,1095,1115,6858500
12/17/2021,SMGR,7500,7625,7425,7425,23131200
12/17/2021,SMKL,450,460,440,452,468100
12/17/2021,SMKL-W,53,58,52,55,1507500
12/17/2021,SMMA,11300,11300,11150,11150,1100
12/17/2021,SMMT,220,224,216,222,19106500
12/17/2021,SMRA,855,875,850,855,9854700
12/17/2021,SMRU,50,50,50,50,0
12/17/2021,SMSM,1365,1380,1360,1375,601700
12/17/2021,SNLK,1780,1815,1695,1695,164100
12/17/2021,SOCI,204,208,200,206,10491700
12/17/2021,SOFA,46,47,45,46,1357100
12/17/2021,SOHO,6125,6300,6125,6300,3200
12/17/2021,SONA,5175,5175,4890,4890,600
12/17/2021,SOSS,400,400,382,382,2800
12/17/2021,SOSS-W,39,39,38,39,11700
12/17/2021,SOTS,300,300,266,278,5100
12/17/2021,SOTS-W,45,46,45,45,8400
12/17/2021,SPMA,655,735,650,735,7655700
12/17/2021,SPTO,660,675,625,660,78700
12/17/2021,SQMI,73,76,68,70,51376500
12/17/2021,SRAJ,464,470,432,432,2320600
12/17/2021,SRIL,146,146,146,146,0
12/17/2021,SRSN,55,55,54,54,674200
12/17/2021,SRTG,2760,2900,2750,2800,15887300
12/17/2021,SSIA,478,478,472,476,262800
12/17/2021,SSMS,1030,1075,1020,1075,11705500
12/17/2021,SSTM,800,835,800,835,1100
12/17/2021,STAR,143,150,143,150,68200
12/17/2021,STTP,7275,7275,7275,7275,0
12/17/2021,SUGI,50,50,50,50,0
12/17/2021,SULI,50,50,50,50,323200
12/17/2021,SUPR,15450,15450,15450,15450,70100
12/17/2021,SURE,2000,2010,1990,2010,4900
12/17/2021,SWAT,181,187,177,178,60524700
12/17/2021,TALF,318,318,300,300,800
12/17/2021,TAMA,60,65,59,64,31396200
12/17/2021,TAMA-W,16,17,16,16,4509300
12/17/2021,TAMU,50,50,50,50,900
12/17/2021,TAPG,630,630,600,610,30556100
12/17/2021,TARA,50,50,50,50,63800
12/17/2021,TAXI,50,50,50,50,0
12/17/2021,TAYS,220,238,220,222,11573700
12/17/2021,TBIG,3130,3150,3050,3090,40584800
12/17/2021,TBLA,790,795,785,790,518200
12/17/2021,TBMS,1675,1685,1675,1685,2500
12/17/2021,TCID,5300,5300,5275,5275,20300
12/17/2021,TCPI,9525,9800,9500,9800,5754800
12/17/2021,TDPM,119,119,119,119,0
12/17/2021,TEBE,670,670,655,655,179300
12/17/2021,TECH,8625,8900,7800,8450,1520100
12/17/2021,TELE,121,121,121,121,0
12/17/2021,TFAS,5100,5100,5000,5050,57100
12/17/2021,TFCO,720,720,720,720,500
12/17/2021,TGKA,7050,7050,7050,7050,200
12/17/2021,TGRA,77,78,76,77,8276700
12/17/2021,TIFA,790,790,735,785,349500
12/17/2021,TINS,1510,1510,1480,1490,11436300
12/17/2021,TIRA,448,452,448,448,21000
12/17/2021,TIRT,83,83,78,81,1142600
12/17/2021,TKIM,7250,7375,7200,7275,2234600
12/17/2021,TLKM,4010,4100,4010,4100,149615800
12/17/2021,TMAS,1515,1515,1515,1515,0
12/17/2021,TMPO,145,150,140,146,35100
12/17/2021,TNCA,2080,2190,2020,2100,3199300
12/17/2021,TOBA,1230,1250,1185,1230,11032500
12/17/2021,TOPS,50,50,50,50,413700
12/17/2021,TOTL,318,318,312,314,866700
12/17/2021,TOTO,216,218,214,216,296900
12/17/2021,TOWR,1115,1125,1110,1115,39909600
12/17/2021,TOYS,300,332,266,270,1284573200
12/17/2021,TOYS-W,40,42,30,32,229439100
12/17/2021,TPIA,7225,7400,7150,7400,2439700
12/17/2021,TPMA,372,388,370,378,1216000
12/17/2021,TRAM,50,50,50,50,0
12/17/2021,TRIL,50,50,50,50,0
12/17/2021,TRIM,394,398,368,368,45858000
12/17/2021,TRIN,254,260,244,244,7013800
12/17/2021,TRIN-W,27,27,26,26,529200
12/17/2021,TRIO,426,426,426,426,0
12/17/2021,TRIS,236,240,226,230,814400
12/17/2021,TRIS-W,6,6,6,6,0
12/17/2021,TRJA,590,595,550,550,12227000
12/17/2021,TRST,590,595,560,570,2200
12/17/2021,TRUE,113,118,110,110,13848600
12/17/2021,TRUE-W,21,21,19,20,14087300
12/17/2021,TRUK,162,165,157,157,36801400
12/17/2021,TRUS,416,424,416,424,1300
12/17/2021,TSPC,1480,1480,1460,1470,256400
12/17/2021,TUGU,1600,1620,1585,1600,150900
12/17/2021,TURI,1310,1310,1290,1290,1300
12/17/2021,UANG,815,815,815,815,400
12/17/2021,UCID,1480,1495,1480,1480,28200
12/17/2021,UFOE,1620,1650,1540,1565,1680800
12/17/2021,ULTJ,1555,1560,1530,1550,394100
12/17/2021,UNIC,12200,12800,11600,12100,4800
12/17/2021,UNIQ,85,93,85,90,8331600
12/17/2021,UNIT,316,316,316,316,0
12/17/2021,UNSP,107,110,106,109,371800
12/17/2021,UNTR,21450,21875,21450,21725,3710900
12/17/2021,UNVR,4180,4240,4150,4150,18949400
12/17/2021,URBN,810,810,710,710,1045700
12/17/2021,UVCR,404,412,396,396,7750100
12/17/2021,UVCR-W,161,169,160,162,563400
12/17/2021,VICI,520,530,505,520,1993800
12/17/2021,VICO,284,312,266,268,14878500
12/17/2021,VINS,202,216,197,198,1801000
12/17/2021,VIVA,50,50,50,50,186800
12/17/2021,VOKS,194,197,192,192,105300
12/17/2021,VRNA,172,184,172,177,12580700
12/17/2021,WAPO,191,200,191,191,1493700
12/17/2021,WEGE,208,210,204,206,10372600
12/17/2021,WEHA,212,224,210,220,36092300
12/17/2021,WGSH,167,170,154,154,43647500
12/17/2021,WICO,414,414,414,414,41000
12/17/2021,WIFI,560,575,540,550,37511000
12/17/2021,WIFI-W,228,228,222,222,200
12/17/2021,WIIM,472,472,468,468,2219600
12/17/2021,WIKA,1130,1140,1080,1090,32277600
12/17/2021,WINS,204,230,200,212,108477300
12/17/2021,WMPP,149,151,148,149,31807300
12/17/2021,WMUU,159,159,152,153,9677200
12/17/2021,WOMF,242,246,240,242,103100
12/17/2021,WOOD,785,810,785,795,4126600
12/17/2021,WOWS,57,65,54,64,910627000
12/17/2021,WSBP,118,120,117,119,19011500
12/17/2021,WSKT,785,800,730,755,43909400
12/17/2021,WTON,274,278,272,272,5566000
12/17/2021,XAFA,1149,1149,1050,1054,24500
12/17/2021,XAQA,926,934,926,934,300
12/17/2021,XBES,969,969,969,969,0
12/17/2021,XBID,524,524,524,524,100
12/17/2021,XBIG,530,530,530,530,1000
12/17/2021,XBIN,495,495,495,495,0
12/17/2021,XBLQ,478,478,470,470,300
12/17/2021,XBNI,1032,1032,1032,1032,0
12/17/2021,XBSK,387,387,387,387,100
12/17/2021,XCID,83,85,81,85,16000
12/17/2021,XCIS,105,105,105,105,0
12/17/2021,XCLQ,98,99,98,99,900
12/17/2021,XDIF,467,467,467,467,0
12/17/2021,XDSG,992,992,992,992,100
12/17/2021,XFES,133,137,133,137,3100
12/17/2021,XIFE,104,104,104,104,400
12/17/2021,XIHD,498,498,495,497,2300
12/17/2021,XIIC,971,971,971,971,0
12/17/2021,XIID,522,522,522,522,500
12/17/2021,XIIF,542,542,540,540,1200
12/17/2021,XIIT,534,534,530,533,10100
12/17/2021,XIJI,604,604,591,595,10200
12/17/2021,XILV,113,113,113,113,200
12/17/2021,XIML,259,259,259,259,0
12/17/2021,XIPI,178,185,178,185,200
12/17/2021,XISB,398,398,398,398,0
12/17/2021,XISC,698,698,693,693,5400
12/17/2021,XISI,336,336,330,334,8200
12/17/2021,XISR,386,387,385,385,16200
12/17/2021,XKIV,460,460,460,460,100
12/17/2021,XKMS,1084,1089,1072,1089,800
12/17/2021,XMIG,179,179,179,179,0
12/17/2021,XMJM,1001,1001,1001,1001,0
12/17/2021,XMTS,477,477,477,477,0
12/17/2021,XNVE,143,143,143,143,4400
12/17/2021,XPCR,885,885,885,885,100
12/17/2021,XPDV,474,474,474,474,0
12/17/2021,XPES,394,394,394,394,500
12/17/2021,XPFT,553,553,553,553,0
12/17/2021,XPID,510,510,510,510,0
12/17/2021,XPLC,452,452,452,452,0
12/17/2021,XPLQ,490,490,490,490,0
12/17/2021,XPMI,975,975,975,975,0
12/17/2021,XPSG,383,383,383,383,0
12/17/2021,XPTD,510,510,510,510,0
12/17/2021,XSBC,106,106,106,106,10000
12/17/2021,XSMU,139,139,139,139,100
12/17/2021,XSPI,750,750,750,750,0
12/17/2021,XSRI,186,186,186,186,0
12/17/2021,XSSI,80,80,80,80,1000
12/17/2021,XSSK,644,644,644,644,100
12/17/2021,YELO,163,164,156,157,74470600
12/17/2021,YPAS,895,900,835,835,58600
12/17/2021,YULE,1080,1150,1060,1120,30700
12/17/2021,ZBRA,665,665,655,660,323400
12/17/2021,ZINC,103,104,101,103,222278900
12/17/2021,ZONE,406,406,404,406,145900
12/17/2021,ZYRX,525,530,520,530,9671600
12/17/2021,ZYRX-W,92,100,90,93,522100
