<date>,<ticker>,<open>,<high>,<low>,<close>,<volume>
10/11/2021,IHSG,6482.957,6506.092,6451.678,6459.697,264144855
10/11/2021,AALI,10100,10300,10100,10250,4547400
10/11/2021,ABBA,470,470,438,438,4754800
10/11/2021,ABDA,6950,6950,6950,6950,0
10/11/2021,ABMM,1500,1535,1455,1500,26219100
10/11/2021,ACES,1420,1425,1360,1405,34871900
10/11/2021,ACST,270,270,262,262,16788600
10/11/2021,ADES,2580,2580,2550,2560,212200
10/11/2021,ADHI,1100,1105,1075,1090,28772800
10/11/2021,ADMF,7825,7850,7775,7825,383300
10/11/2021,ADMG,214,216,212,212,3376500
10/11/2021,ADRO,1820,1920,1815,1915,343765900
10/11/2021,AGAR,360,360,356,356,1600
10/11/2021,AGII,1615,1715,1605,1655,26922200
10/11/2021,AGRO,2050,2060,1900,2000,119795400
10/11/2021,AGRS,208,210,200,202,5857100
10/11/2021,AHAP,63,67,62,63,7309500
10/11/2021,AIMS,320,344,316,342,646900
10/11/2021,AISA,236,246,232,236,29690800
10/11/2021,AKKU,50,50,50,50,9900
10/11/2021,AKPI,630,665,630,640,21000
10/11/2021,AKRA,4420,4440,4380,4410,12685800
10/11/2021,AKSI,422,426,422,426,3400
10/11/2021,ALDO,735,780,730,755,11529700
10/11/2021,ALKA,240,268,232,248,49300
10/11/2021,ALMI,240,242,240,240,3900
10/11/2021,ALTO,312,312,312,312,300
10/11/2021,AMAG,334,342,330,340,240400
10/11/2021,AMAN,470,472,468,470,2444900
10/11/2021,AMAR,268,278,268,278,1704900
10/11/2021,AMFG,3900,3900,3900,3900,0
10/11/2021,AMIN,187,192,186,192,26500
10/11/2021,AMOR,3830,3890,3730,3880,655500
10/11/2021,AMRT,1280,1300,1260,1275,7967100
10/11/2021,ANDI,50,50,50,50,278600
10/11/2021,ANJT,755,760,750,750,74200
10/11/2021,ANTM,2390,2430,2370,2420,233370800
10/11/2021,APEX,545,555,535,545,28200
10/11/2021,APIC,880,885,860,875,9746000
10/11/2021,APII,181,181,181,181,8000
10/11/2021,APLI,202,206,202,204,74700
10/11/2021,APLN,145,147,141,144,17895600
10/11/2021,ARCI,740,765,685,690,58792300
10/11/2021,ARGO,1750,1770,1680,1680,3700
10/11/2021,ARII,310,330,304,324,33800
10/11/2021,ARKA,66,66,61,61,85898100
10/11/2021,ARMY,50,50,50,50,0
10/11/2021,ARNA,760,760,750,755,1467200
10/11/2021,ARTA,1730,1740,1700,1720,75800
10/11/2021,ARTI,50,50,50,50,2500
10/11/2021,ARTO,12925,12925,12100,12350,30761000
10/11/2021,ASBI,326,380,302,302,27598600
10/11/2021,ASDM,910,915,900,915,38200
10/11/2021,ASGR,760,765,730,735,2482100
10/11/2021,ASII,5925,5950,5775,5775,38994500
10/11/2021,ASJT,145,150,143,146,1687400
10/11/2021,ASMI,396,396,368,368,1868100
10/11/2021,ASPI,72,73,66,67,10393400
10/11/2021,ASPI-W,17,18,17,18,6957600
10/11/2021,ASRI,191,194,189,189,52551200
10/11/2021,ASRM,1920,1920,1875,1895,4100
10/11/2021,ASSA,3900,3960,3780,3810,14933500
10/11/2021,ATAP,101,101,100,100,52000
10/11/2021,ATIC,625,650,625,630,197700
10/11/2021,AUTO,1095,1110,1080,1100,2346600
10/11/2021,AYLS,238,238,238,238,0
10/11/2021,BABP,270,272,262,262,89353100
10/11/2021,BABP-W3,154,195,154,190,10700
10/11/2021,BABP-W4,214,214,212,214,10600
10/11/2021,BACA,330,334,322,322,25634700
10/11/2021,BACA-W2,163,163,163,163,0
10/11/2021,BAJA,348,370,348,362,912800
10/11/2021,BALI,740,750,735,740,436400
10/11/2021,BANK,2770,2800,2590,2630,30472000
10/11/2021,BANK-W,2410,2410,2410,2410,900
10/11/2021,BAPA,54,59,53,54,65828500
10/11/2021,BAPI,50,50,50,50,2400
10/11/2021,BAPI-W,7,8,7,7,9787900
10/11/2021,BATA,655,700,655,700,20900
10/11/2021,BAYU,1030,1030,1030,1030,1200
10/11/2021,BBCA,36200,36450,36150,36275,9440200
10/11/2021,BBHI,3800,3850,3680,3750,3431200
10/11/2021,BBKP,436,442,422,422,87910600
10/11/2021,BBLD,410,410,410,410,100
10/11/2021,BBMD,2100,2300,2000,2270,48000
10/11/2021,BBNI,6150,6425,6150,6400,73495400
10/11/2021,BBRI,4160,4200,4130,4180,146720100
10/11/2021,BBRM,50,50,50,50,5100
10/11/2021,BBSI,6050,6100,5975,6050,126400
10/11/2021,BBSS,69,70,68,70,1293500
10/11/2021,BBTN,1590,1605,1580,1590,26466900
10/11/2021,BBYB,1465,1495,1330,1330,95283000
10/11/2021,BCAP,108,108,106,106,8177400
10/11/2021,BCIC,169,169,159,161,3886800
10/11/2021,BCIP,64,65,61,63,4511200
10/11/2021,BDMN,2900,2900,2780,2780,2662600
10/11/2021,BEBS,1545,1545,1450,1450,15372600
10/11/2021,BEEF,86,86,84,85,6837100
10/11/2021,BEKS,81,85,79,80,364339200
10/11/2021,BELL,158,158,156,156,63400
10/11/2021,BESS,1500,1500,1395,1500,111800
10/11/2021,BESS-W,1435,1435,1020,1020,300
10/11/2021,BEST,134,137,132,135,38476800
10/11/2021,BFIN,1010,1015,965,970,35129400
10/11/2021,BGTG,197,199,184,187,45917200
10/11/2021,BHAT,840,850,835,840,1041500
10/11/2021,BHIT,83,84,80,80,132392300
10/11/2021,BIKA,318,320,294,294,1796200
10/11/2021,BIMA,193,206,181,184,16241400
10/11/2021,BINA,3530,3550,3510,3550,333000
10/11/2021,BIPI,50,51,50,50,293963200
10/11/2021,BIPI-W,14,15,13,14,12455800
10/11/2021,BIPP,54,54,52,52,4692500
10/11/2021,BIRD,1310,1370,1300,1305,7196800
10/11/2021,BISI,1030,1030,1020,1020,106500
10/11/2021,BJBR,1445,1445,1430,1435,3151300
10/11/2021,BJTM,760,760,750,760,5225000
10/11/2021,BKDP,50,51,50,50,518000
10/11/2021,BKSL,61,63,61,62,43108300
10/11/2021,BKSW,189,190,182,183,8620000
10/11/2021,BLTA,50,50,50,50,34900
10/11/2021,BLTZ,3650,3790,3400,3400,2900
10/11/2021,BLUE,760,770,755,770,144100
10/11/2021,BMAS,1285,1285,1260,1280,15700
10/11/2021,BMHS,1015,1030,1000,1015,61670900
10/11/2021,BMRI,6900,6925,6800,6900,61510100
10/11/2021,BMSR,173,176,165,167,456000
10/11/2021,BMTR,280,280,272,274,26073800
10/11/2021,BNBA,1365,1470,1355,1435,14914200
10/11/2021,BNBR,50,50,50,50,7400
10/11/2021,BNGA,1045,1055,1025,1030,6200600
10/11/2021,BNII,332,340,332,338,1804700
10/11/2021,BNLI,1740,1740,1715,1730,242700
10/11/2021,BOGA,1480,1485,1465,1465,97757000
10/11/2021,BOLA,675,685,625,630,9630900
10/11/2021,BOLT,675,675,675,675,0
10/11/2021,BOSS,102,106,98,100,165512000
10/11/2021,BPFI,1000,1000,1000,1000,0
10/11/2021,BPII,4700,4700,4700,4700,0
10/11/2021,BPTR,170,170,165,169,81100
10/11/2021,BRAM,6575,6575,6575,6575,600
10/11/2021,BRIS,2150,2160,2070,2090,45849400
10/11/2021,BRMS,94,100,92,97,1048387200
10/11/2021,BRMS-W,23,29,23,27,453162300
10/11/2021,BRNA,1295,1380,1205,1300,13500
10/11/2021,BRPT,965,970,925,925,49636000
10/11/2021,BSDE,1120,1125,1075,1080,33169600
10/11/2021,BSIM,880,905,880,890,251900
10/11/2021,BSSR,2450,2610,2450,2580,185100
10/11/2021,BSWD,1750,1750,1750,1750,0
10/11/2021,BTEK,50,50,50,50,6100
10/11/2021,BTEL,50,50,50,50,0
10/11/2021,BTON,496,496,482,496,2800
10/11/2021,BTPN,2820,2820,2810,2810,47100
10/11/2021,BTPS,3760,3820,3650,3670,5049500
10/11/2021,BUDI,177,180,174,177,12162900
10/11/2021,BUKA,820,825,780,785,284923600
10/11/2021,BUKK,1055,1055,1045,1045,5400
10/11/2021,BULL,286,292,284,288,150353800
10/11/2021,BULL-W2,62,65,56,64,144600
10/11/2021,BUMI,87,94,82,94,2326346300
10/11/2021,BUVA,60,60,60,60,0
10/11/2021,BVIC,137,138,135,135,5274100
10/11/2021,BWPT,99,102,97,98,195941200
10/11/2021,BYAN,28800,28950,28500,28600,76700
10/11/2021,CAKK,91,97,90,92,41934400
10/11/2021,CAMP,302,310,300,302,1853200
10/11/2021,CANI,138,149,136,140,3026300
10/11/2021,CARE,474,480,462,468,379688700
10/11/2021,CARS,50,50,50,50,6900
10/11/2021,CASA,412,412,390,410,5607000
10/11/2021,CASH,154,165,154,154,22213100
10/11/2021,CASS,464,478,444,470,676300
10/11/2021,CBMF,90,92,85,87,13863500
10/11/2021,CCSI,550,570,540,540,270700
10/11/2021,CEKA,1810,1810,1800,1810,61300
10/11/2021,CENT,318,322,294,294,89195900
10/11/2021,CFIN,270,270,266,268,1824000
10/11/2021,CINT,224,224,210,210,456200
10/11/2021,CITA,2900,2900,2680,2680,53900
10/11/2021,CITY,147,150,137,137,265000
10/11/2021,CLAY,860,860,860,860,300
10/11/2021,CLEO,458,464,454,462,4604100
10/11/2021,CLPI,1040,1045,1035,1045,31900
10/11/2021,CMNP,1295,1295,1290,1295,28100
10/11/2021,CMNP-W,326,424,326,386,7400
10/11/2021,CMNT,940,940,930,940,22873400
10/11/2021,CMPP,184,184,184,184,0
10/11/2021,CNKO,50,50,50,50,19100
10/11/2021,CNTB,250,250,250,250,0
10/11/2021,CNTX,181,186,178,184,35900
10/11/2021,COCO,278,288,262,264,10003700
10/11/2021,COCO-W,286,286,286,286,0
10/11/2021,COWL,50,50,50,50,0
10/11/2021,CPIN,6300,6325,6250,6300,4604000
10/11/2021,CPRI,50,50,50,50,0
10/11/2021,CPRI-W,12,12,12,12,0
10/11/2021,CPRO,50,50,50,50,0
10/11/2021,CSAP,500,550,500,535,146500
10/11/2021,CSIS,101,101,93,96,23446700
10/11/2021,CSMI,3480,3480,3240,3240,200
10/11/2021,CSRA,460,462,432,436,1590100
10/11/2021,CTBN,3250,3260,3100,3110,3100
10/11/2021,CTRA,1055,1070,1025,1030,40255200
10/11/2021,CTTH,50,51,50,50,1022400
10/11/2021,DADA,50,50,50,50,672500
10/11/2021,DADA-W,15,16,14,15,14867800
10/11/2021,DART,220,240,220,230,394000
10/11/2021,DAYA,250,258,248,252,218900
10/11/2021,DCII,46100,46100,45000,45000,3200
10/11/2021,DEAL,50,50,50,50,0
10/11/2021,DEAL-W,26,26,26,26,0
10/11/2021,DEFI,1250,1250,1190,1200,9700
10/11/2021,DEWA,50,50,50,50,3460600
10/11/2021,DFAM,376,392,370,390,1893800
10/11/2021,DGIK,114,124,107,107,224117900
10/11/2021,DGNS,810,815,780,785,8104500
10/11/2021,DIGI,570,645,570,630,25382100
10/11/2021,DILD,184,194,184,193,23243000
10/11/2021,DIVA,2210,2300,2210,2290,2092400
10/11/2021,DKFT,141,143,138,142,38363300
10/11/2021,DLTA,3860,3880,3820,3830,170100
10/11/2021,DMAS,204,210,204,210,25389200
10/11/2021,DMMX,2640,2640,2490,2500,4610800
10/11/2021,DMND,795,965,795,905,1555900
10/11/2021,DNAR,270,270,244,248,2214800
10/11/2021,DNET,3250,3260,3210,3260,1900
10/11/2021,DOID,334,344,318,344,292179700
10/11/2021,DPNS,358,358,350,350,675300
10/11/2021,DPUM,50,50,50,50,0
10/11/2021,DSFI,114,117,108,109,11165200
10/11/2021,DSNG,605,630,585,595,54056300
10/11/2021,DSSA,24700,25000,24700,24775,5400
10/11/2021,DUCK,176,176,176,176,0
10/11/2021,DUTI,3420,3500,3420,3470,19500
10/11/2021,DVLA,2440,2500,2440,2440,20200
10/11/2021,DWGL,199,202,198,199,53400
10/11/2021,DWGL-W,37,38,36,38,144600
10/11/2021,DYAN,81,85,80,80,21435500
10/11/2021,EAST,71,73,70,71,5460600
10/11/2021,EAST-W,12,13,11,12,8039400
10/11/2021,ECII,980,980,980,980,0
10/11/2021,EDGE,25400,25400,24875,24875,3500
10/11/2021,EKAD,1425,1430,1420,1425,190400
10/11/2021,ELSA,328,334,326,330,87317400
10/11/2021,ELTY,50,50,50,50,0
10/11/2021,EMDE,196,196,196,196,0
10/11/2021,EMTK,1715,1725,1610,1625,37097600
10/11/2021,ENRG,126,130,124,126,456496700
10/11/2021,ENVY,50,50,50,50,0
10/11/2021,ENZO,50,50,50,50,19500
10/11/2021,ENZO-W,17,17,16,16,4117900
10/11/2021,EPAC,51,54,51,52,3871900
10/11/2021,EPMT,2320,2320,2300,2310,79800
10/11/2021,ERAA,600,600,585,590,75460000
10/11/2021,ERTX,204,204,202,204,417500
10/11/2021,ESIP,72,87,71,78,69203900
10/11/2021,ESIP-W,12,16,11,13,55614600
10/11/2021,ESSA,304,314,300,310,56849600
10/11/2021,ESTA,165,170,154,165,493200
10/11/2021,ESTI,138,138,132,135,261100
10/11/2021,ETWA,62,62,62,62,0
10/11/2021,EXCL,3010,3250,2990,3200,75346600
10/11/2021,FAPA,3090,3120,3090,3120,101500
10/11/2021,FAST,980,995,980,980,37700
10/11/2021,FASW,7600,7600,7600,7600,0
10/11/2021,FILM,420,426,416,424,6485000
10/11/2021,FIMP,50,50,46,49,3225200
10/11/2021,FIMP-W,20,20,12,19,3004900
10/11/2021,FIRE,675,730,660,720,17261900
10/11/2021,FISH,7050,7075,7050,7075,300
10/11/2021,FITT,254,254,234,234,10808900
10/11/2021,FITT-W,130,134,105,126,2148400
10/11/2021,FLMC,320,324,298,300,1504400
10/11/2021,FMII,410,410,406,406,15100
10/11/2021,FOOD,97,100,95,95,2006500
10/11/2021,FORU,145,148,145,148,74600
10/11/2021,FORZ,50,50,50,50,0
10/11/2021,FPNI,236,242,234,234,8903900
10/11/2021,FREN,102,105,94,95,2010299600
10/11/2021,FREN-W,43,46,41,41,2026400
10/11/2021,FREN-W2,33,34,28,29,738531400
10/11/2021,FUJI,340,340,320,324,21200
10/11/2021,GAMA,50,50,50,50,2800
10/11/2021,GDST,102,103,101,101,4341500
10/11/2021,GDYR,1440,1455,1440,1455,93300
10/11/2021,GEMA,384,384,384,384,31900
10/11/2021,GEMS,4250,4300,4240,4290,53400
10/11/2021,GGRM,34650,34675,33600,33850,821900
10/11/2021,GGRP,466,480,466,476,16500
10/11/2021,GHON,2310,2310,2190,2220,15700
10/11/2021,GIAA,222,222,222,222,0
10/11/2021,GJTL,750,755,745,750,4852500
10/11/2021,GLOB,174,182,174,182,54000
10/11/2021,GLVA,270,274,270,270,44200
10/11/2021,GMFI,96,97,95,97,1511000
10/11/2021,GMTD,16725,16725,16725,16725,0
10/11/2021,GOLD,420,420,412,418,16700
10/11/2021,GOLL,50,50,50,50,0
10/11/2021,GOOD,444,446,440,444,8658900
10/11/2021,GPRA,79,82,77,79,14809400
10/11/2021,GPSO,165,169,163,165,984500
10/11/2021,GPSO-W,61,64,59,60,950300
10/11/2021,GSMF,175,183,175,180,64700
10/11/2021,GTBO,75,75,75,75,0
10/11/2021,GTSI,76,76,74,75,22087900
10/11/2021,GWSA,131,140,128,128,1285200
10/11/2021,GZCO,55,56,54,54,9082400
10/11/2021,HADE,50,50,50,50,10900
10/11/2021,HAIS,250,258,242,244,11698600
10/11/2021,HDFA,191,191,178,190,4400
10/11/2021,HDIT,342,356,320,356,5642500
10/11/2021,HDTX,120,120,120,120,0
10/11/2021,HEAL,1140,1150,1130,1140,13850100
10/11/2021,HELI,334,396,334,360,108100
10/11/2021,HERO,1800,1830,1790,1830,14200
10/11/2021,HEXA,3850,3880,3840,3840,366600
10/11/2021,HITS,358,446,358,446,106100
10/11/2021,HKMU,53,56,53,54,33726400
10/11/2021,HMSP,1120,1130,1100,1100,28288800
10/11/2021,HOKI,199,200,196,197,11520300
10/11/2021,HOME,50,50,50,50,0
10/11/2021,HOMI,1805,1820,1780,1810,580100
10/11/2021,HOPE,124,139,116,116,687330700
10/11/2021,HOPE-W,21,23,20,20,52801900
10/11/2021,HOTL,50,50,50,50,500
10/11/2021,HRME,57,57,56,56,1747400
10/11/2021,HRTA,228,232,222,230,8518300
10/11/2021,HRUM,7975,8300,7600,8250,16641100
10/11/2021,IATA,50,50,50,50,2400
10/11/2021,IBFN,85,93,85,85,3248000
10/11/2021,IBST,6150,6150,6150,6150,500
10/11/2021,ICBP,8900,8925,8800,8850,4998400
10/11/2021,ICON,103,103,99,100,6558400
10/11/2021,IDEA,199,200,184,185,2951200
10/11/2021,IDPR,216,216,210,210,1625800
10/11/2021,IFII,157,157,150,154,338900
10/11/2021,IFSH,1850,1850,1550,1550,20800
10/11/2021,IGAR,422,426,422,424,84800
10/11/2021,IIKP,50,50,50,50,0
10/11/2021,IKAI,50,50,50,50,20500
10/11/2021,IKAN,106,112,106,106,22788100
10/11/2021,IKBI,242,248,238,248,46300
10/11/2021,IMAS,1030,1065,1010,1035,11310800
10/11/2021,IMJS,464,476,454,454,15103400
10/11/2021,IMPC,2090,2150,2080,2100,3080200
10/11/2021,INAF,2430,2480,2380,2460,1003900
10/11/2021,INAI,294,300,294,296,8500
10/11/2021,INCF,310,310,292,292,726100
10/11/2021,INCI,610,620,610,620,41700
10/11/2021,INCO,4920,5050,4880,5025,32235200
10/11/2021,INDF,6725,6725,6600,6625,4124900
10/11/2021,INDO,180,185,175,176,412300
10/11/2021,INDO-W,69,72,63,65,70700
10/11/2021,INDR,4910,4920,4770,4800,131700
10/11/2021,INDS,1980,1980,1975,1975,1000
10/11/2021,INDX,100,101,99,99,521000
10/11/2021,INDY,2190,2330,2100,2310,188548800
10/11/2021,INKP,8675,8750,8500,8675,5946800
10/11/2021,INOV,192,193,184,185,717100
10/11/2021,INPC,141,142,138,138,5591800
10/11/2021,INPC-W,42,42,39,42,2897000
10/11/2021,INPP,630,630,630,630,200
10/11/2021,INPS,1700,1700,1700,1700,500
10/11/2021,INRU,680,680,680,680,600
10/11/2021,INTA,89,92,84,92,379100
10/11/2021,INTD,166,177,165,168,127300
10/11/2021,INTP,10300,10350,9950,10025,4895700
10/11/2021,IPAC,130,130,125,130,293500
10/11/2021,IPCC,550,560,545,545,4715000
10/11/2021,IPCM,352,354,344,346,9995400
10/11/2021,IPOL,162,166,162,162,2112000
10/11/2021,IPTV,246,248,242,246,11371900
10/11/2021,IRRA,1880,1880,1840,1855,2500700
10/11/2021,ISAT,6350,6450,6300,6300,2224100
10/11/2021,ISSP,302,310,298,306,20831200
10/11/2021,ITIC,312,312,306,306,2212900
10/11/2021,ITMA,580,595,580,595,223700
10/11/2021,ITMA-W,124,154,101,114,124600
10/11/2021,ITMG,25125,26850,24850,26750,7529400
10/11/2021,JAST,156,158,155,155,7284100
10/11/2021,JAWA,119,130,117,128,10570700
10/11/2021,JAYA,118,119,117,118,1068000
10/11/2021,JECC,5800,6650,5800,6550,17800
10/11/2021,JGLE,50,50,50,50,1800
10/11/2021,JIHD,422,440,422,430,6200
10/11/2021,JKON,158,158,153,156,137500
10/11/2021,JKSW,60,60,60,60,0
10/11/2021,JMAS,169,169,163,168,297900
10/11/2021,JPFA,1860,1875,1810,1820,16481200
10/11/2021,JRPT,494,505,492,496,6431900
10/11/2021,JSKY,124,127,124,125,8831200
10/11/2021,JSMR,3980,4030,3970,3970,2575900
10/11/2021,JSPT,790,790,790,790,200
10/11/2021,JTPE,1075,1080,1075,1075,144800
10/11/2021,KAEF,2570,2600,2540,2560,2813700
10/11/2021,KARW,94,94,90,90,1760100
10/11/2021,KAYU,63,74,60,68,251642300
10/11/2021,KBAG,54,55,54,54,35613300
10/11/2021,KBAG-W,14,14,13,13,14061000
10/11/2021,KBLI,300,300,296,300,1133800
10/11/2021,KBLM,202,202,200,202,3400
10/11/2021,KBLV,690,735,690,700,42900
10/11/2021,KBRI,50,50,50,50,0
10/11/2021,KDSI,905,905,885,885,23100
10/11/2021,KEEN,418,424,418,422,907700
10/11/2021,KEJU,1225,1225,1210,1225,41700
10/11/2021,KIAS,50,50,50,50,80400
10/11/2021,KICI,240,244,232,238,1872200
10/11/2021,KIJA,162,163,160,160,2274200
10/11/2021,KINO,2130,2130,2070,2090,783200
10/11/2021,KIOS,775,790,750,780,34664500
10/11/2021,KJEN,446,560,446,510,97100
10/11/2021,KKGI,300,310,288,308,434100
10/11/2021,KLBF,1380,1385,1360,1360,20811400
10/11/2021,KMDS,480,490,470,488,727900
10/11/2021,KMTR,378,378,364,376,428900
10/11/2021,KOBX,175,178,174,176,822100
10/11/2021,KOIN,164,164,163,163,14300
10/11/2021,KONI,920,920,870,910,3000
10/11/2021,KOPI,460,570,460,570,71300
10/11/2021,KOTA,153,163,150,159,257931900
10/11/2021,KOTA-W,115,130,113,113,281000
10/11/2021,KPAL,50,50,50,50,0
10/11/2021,KPAS,62,62,62,62,0
10/11/2021,KPIG,107,107,105,106,18694900
10/11/2021,KRAH,436,436,436,436,0
10/11/2021,KRAS,540,540,525,535,18487500
10/11/2021,KREN,124,124,119,121,11772300
10/11/2021,LABA,226,226,214,222,23160900
10/11/2021,LABA-W,27,27,25,27,10773800
10/11/2021,LAND,89,96,89,93,3012300
10/11/2021,LAPD,50,50,50,50,0
10/11/2021,LCGP,114,114,114,114,0
10/11/2021,LCKM,314,314,314,314,0
10/11/2021,LEAD,50,50,50,50,138300
10/11/2021,LFLO,80,81,77,79,976400
10/11/2021,LFLO-W,10,10,9,10,5178800
10/11/2021,LIFE,6200,6200,6200,6200,200
10/11/2021,LINK,3960,4000,3910,3950,516600
10/11/2021,LION,394,488,378,380,23818200
10/11/2021,LMAS,101,101,101,101,0
10/11/2021,LMPI,204,214,190,195,7234300
10/11/2021,LMSH,815,820,800,800,44700
10/11/2021,LPCK,1020,1060,1005,1005,2060900
10/11/2021,LPGI,3730,3740,3730,3740,1700
10/11/2021,LPIN,382,390,382,386,325800
10/11/2021,LPKR,159,168,157,159,499098700
10/11/2021,LPLI,258,274,252,264,80000
10/11/2021,LPPF,2530,2700,2510,2700,9711100
10/11/2021,LPPS,106,106,104,106,79700
10/11/2021,LRNA,175,175,175,175,2200
10/11/2021,LSIP,1445,1485,1395,1420,84274100
10/11/2021,LTLS,620,620,600,605,97300
10/11/2021,LUCK,216,220,214,214,1434000
10/11/2021,LUCY,51,51,49,51,1067800
10/11/2021,LUCY-W,14,14,12,12,6299700
10/11/2021,MABA,50,50,50,50,0
10/11/2021,MAGP,50,50,50,50,0
10/11/2021,MAIN,830,830,810,810,4721800
10/11/2021,MAMI,50,50,50,50,0
10/11/2021,MAMI-W,6,6,6,6,0
10/11/2021,MAMIP,600,600,600,600,0
10/11/2021,MAPA,2710,3000,2700,2840,3170100
10/11/2021,MAPB,1610,1610,1610,1610,500
10/11/2021,MAPI,780,795,760,790,24539300
10/11/2021,MARI,462,464,424,424,108414500
10/11/2021,MARK,980,995,975,995,3236200
10/11/2021,MASA,5300,5300,4930,4940,51400
10/11/2021,MASB,3460,3540,3460,3540,31100
10/11/2021,MASB-W,296,400,290,346,279500
10/11/2021,MAYA,715,770,705,745,8122500
10/11/2021,MBAP,3680,3780,3680,3760,406300
10/11/2021,MBSS,965,1175,945,1110,13124000
10/11/2021,MBTO,123,124,119,120,333000
10/11/2021,MCAS,11600,11925,11425,11550,537100
10/11/2021,MCOL,1760,1800,1730,1775,6206000
10/11/2021,MCOR,132,132,130,130,9545800
10/11/2021,MDIA,51,52,50,51,2042100
10/11/2021,MDKA,2760,3100,2760,3090,175523500
10/11/2021,MDKI,208,210,206,206,346200
10/11/2021,MDLN,51,51,51,51,0
10/11/2021,MDRN,50,50,50,50,5100
10/11/2021,MEDC,610,635,605,635,162985300
10/11/2021,MEGA,8725,9000,8625,8800,32200
10/11/2021,MERK,3510,3520,3490,3490,167700
10/11/2021,META,136,140,134,140,2646200
10/11/2021,MFIN,1040,1070,1040,1070,30300
10/11/2021,MFMI,880,900,845,885,15300
10/11/2021,MGLV,218,218,206,218,379300
10/11/2021,MGLV-W,17,18,16,17,41493400
10/11/2021,MGNA,50,50,50,50,0
10/11/2021,MGRO,735,750,720,740,4644900
10/11/2021,MICE,366,368,360,366,10800
10/11/2021,MIDI,2150,2210,2090,2100,38279400
10/11/2021,MIKA,2280,2280,2230,2240,24997800
10/11/2021,MINA,52,53,51,51,7710000
10/11/2021,MIRA,50,50,50,50,18700
10/11/2021,MITI,117,118,111,112,5887600
10/11/2021,MKNT,50,50,50,50,3500
10/11/2021,MKPI,24925,24925,24925,24925,0
10/11/2021,MLBI,8475,8675,8475,8575,209000
10/11/2021,MLIA,1875,1875,1740,1740,7357600
10/11/2021,MLPL,424,440,390,390,431412800
10/11/2021,MLPT,3060,3150,2990,3060,851300
10/11/2021,MMLP,600,605,560,560,24544800
10/11/2021,MNCN,900,920,885,890,78148100
10/11/2021,MOLI,590,625,590,625,48200
10/11/2021,MPMX,745,745,735,745,6491500
10/11/2021,MPOW,134,138,130,131,27083300
10/11/2021,MPPA,700,715,700,700,147768600
10/11/2021,MPRO,825,825,815,820,3200
10/11/2021,MRAT,278,278,270,276,250100
10/11/2021,MREI,5025,5025,5025,5025,0
10/11/2021,MSIN,505,505,494,500,12795200
10/11/2021,MSKY,346,358,344,356,86700
10/11/2021,MTDL,2990,3200,2970,3200,6621200
10/11/2021,MTFN,50,50,50,50,300
10/11/2021,MTLA,360,360,350,354,276300
10/11/2021,MTPS,129,131,128,129,919200
10/11/2021,MTRA,244,244,244,244,0
10/11/2021,MTSM,150,150,143,150,77100
10/11/2021,MTWI,113,113,108,110,3986000
10/11/2021,MYOH,1675,1695,1640,1675,44700
10/11/2021,MYOR,2420,2430,2320,2340,3237100
10/11/2021,MYRX,50,50,50,50,0
10/11/2021,MYRXP,50,50,50,50,0
10/11/2021,MYTX,79,80,78,78,58200
10/11/2021,NASA,71,73,70,72,17574200
10/11/2021,NATO,615,620,595,610,308341200
10/11/2021,NATO-W,352,352,352,352,0
10/11/2021,NELY,224,228,222,228,1910400
10/11/2021,NFCX,9550,9850,9550,9750,203700
10/11/2021,NICK,478,478,426,462,5800
10/11/2021,NICL,76,79,76,78,45456100
10/11/2021,NICL-W,12,12,10,10,69853800
10/11/2021,NIKL,1150,1200,1130,1130,2894500
10/11/2021,NIPS,282,282,282,282,0
10/11/2021,NIRO,150,150,148,150,751800
10/11/2021,NISP,715,725,710,720,4322400
10/11/2021,NOBU,1010,1010,980,990,1963300
10/11/2021,NPGF,102,110,101,107,14624000
10/11/2021,NRCA,300,300,294,300,993400
10/11/2021,NUSA,50,50,50,50,0
10/11/2021,NZIA,163,163,156,163,30000
10/11/2021,OASA,210,210,202,204,75700
10/11/2021,OCAP,159,159,159,159,0
10/11/2021,OILS,322,324,312,320,6643400
10/11/2021,OILS-W,141,149,137,141,1713200
10/11/2021,OKAS,80,85,78,81,22576100
10/11/2021,OMRE,810,895,810,880,2800
10/11/2021,OPMS,152,158,152,156,11308100
10/11/2021,PADI,50,50,50,50,23000
10/11/2021,PALM,520,525,500,500,4885800
10/11/2021,PAMG,89,91,86,90,782500
10/11/2021,PANI,468,486,450,486,1547400
10/11/2021,PANR,232,266,228,260,22272200
10/11/2021,PANS,1310,1350,1305,1305,66100
10/11/2021,PBID,1685,1725,1685,1720,1566500
10/11/2021,PBRX,128,128,126,126,3793800
10/11/2021,PBSA,540,635,540,630,81100
10/11/2021,PCAR,304,304,298,300,35700
10/11/2021,PDES,320,320,300,320,108300
10/11/2021,PEGE,1535,1595,1480,1535,498400
10/11/2021,PEHA,1170,1180,1160,1165,163100
10/11/2021,PGAS,1495,1500,1475,1480,104541900
10/11/2021,PGJO,74,80,71,74,951300
10/11/2021,PGLI,197,197,197,197,0
10/11/2021,PGUN,322,328,302,308,88000
10/11/2021,PICO,105,114,104,114,887800
10/11/2021,PJAA,575,590,565,590,420900
10/11/2021,PKPK,162,168,151,154,72045800
10/11/2021,PLAN,32,32,30,30,2384700
10/11/2021,PLAN-W,10,11,10,11,462000
10/11/2021,PLAS,50,50,50,50,0
10/11/2021,PLIN,2450,2450,2450,2450,0
10/11/2021,PMJS,126,128,123,123,117200
10/11/2021,PMMP,434,442,420,434,18741300
10/11/2021,PNBN,770,780,750,755,20690600
10/11/2021,PNBS,86,88,84,84,50381200
10/11/2021,PNGO,1435,1435,1435,1435,100
10/11/2021,PNIN,695,700,685,690,560100
10/11/2021,PNLF,181,183,178,180,68953800
10/11/2021,PNSE,925,1130,845,845,235800
10/11/2021,POLA,158,158,158,158,800
10/11/2021,POLA-W,57,73,57,70,53700
10/11/2021,POLI,1275,1275,1275,1275,0
10/11/2021,POLL,2920,2920,2800,2800,4831400
10/11/2021,POLU,272,272,268,268,2500
10/11/2021,POLY,53,54,53,54,547000
10/11/2021,POOL,50,50,50,50,0
10/11/2021,PORT,620,620,615,615,12000
10/11/2021,POSA,50,50,50,50,0
10/11/2021,POWR,625,640,620,635,9877800
10/11/2021,PPGL,102,104,96,99,7282000
10/11/2021,PPGL-W,14,14,13,13,13746400
10/11/2021,PPRE,228,228,214,222,14023300
10/11/2021,PPRO,76,76,74,74,40389600
10/11/2021,PRAS,250,252,248,252,630500
10/11/2021,PRDA,6525,6750,6475,6550,717500
10/11/2021,PRIM,334,334,316,318,2867300
10/11/2021,PSAB,162,169,162,169,37042700
10/11/2021,PSDN,188,188,181,181,47500
10/11/2021,PSGO,183,190,180,187,1294200
10/11/2021,PSKT,50,50,50,50,100
10/11/2021,PSSI,318,318,310,314,2524600
10/11/2021,PTBA,2810,2880,2780,2840,68436800
10/11/2021,PTDU,232,246,228,230,50987600
10/11/2021,PTIS,286,290,286,288,1800
10/11/2021,PTPP,1190,1200,1170,1175,19376400
10/11/2021,PTPW,930,940,915,915,384400
10/11/2021,PTRO,2500,2540,2500,2520,1650000
10/11/2021,PTSN,266,268,262,264,1713500
10/11/2021,PTSP,4910,5975,4630,5200,7400
10/11/2021,PUDP,470,486,442,452,403000
10/11/2021,PURA,58,59,54,54,228279400
10/11/2021,PURA-W,21,22,18,19,60893800
10/11/2021,PURE,106,109,104,106,32150700
10/11/2021,PURI,360,360,360,360,0
10/11/2021,PWON,525,525,510,515,73352400
10/11/2021,PYFA,1125,1125,1110,1110,45500
10/11/2021,PZZA,720,720,700,710,169400
10/11/2021,R-ABFII,28600,28600,28600,28600,0
10/11/2021,R-LQ45X,995,1010,995,1000,79200
10/11/2021,RAJA,226,228,222,222,13107100
10/11/2021,RALS,755,765,740,760,10807900
10/11/2021,RANC,2420,2440,2400,2410,1509300
10/11/2021,RBMS,50,50,50,50,278500
10/11/2021,RDTX,7100,7100,7000,7000,11000
10/11/2021,REAL,104,109,101,107,150973300
10/11/2021,RELI,402,448,394,414,27400
10/11/2021,RICY,95,103,92,92,28128600
10/11/2021,RIGS,278,280,270,276,325700
10/11/2021,RIMO,50,50,50,50,0
10/11/2021,RISE,384,386,384,386,214900
10/11/2021,RMBA,306,306,306,306,0
10/11/2021,ROCK,570,590,570,590,1100
10/11/2021,RODA,103,107,102,105,37200300
10/11/2021,RONY,180,214,176,183,6200
10/11/2021,ROTI,1300,1310,1300,1305,2851800
10/11/2021,RSGK,1720,1720,1660,1685,126100
10/11/2021,RUIS,206,208,204,206,107900
10/11/2021,RUNS,492,492,436,438,3957800
10/11/2021,SAFE,190,202,190,190,9700
10/11/2021,SAME,460,460,444,448,44619500
10/11/2021,SAMF,720,720,685,685,523200
10/11/2021,SAPX,1070,1075,1070,1075,600
10/11/2021,SATU,72,72,68,69,5466700
10/11/2021,SBAT,51,51,50,50,6752600
10/11/2021,SBAT-W,17,17,15,16,18195300
10/11/2021,SBMA,380,420,380,412,43984500
10/11/2021,SBMA-W,175,178,172,173,155800
10/11/2021,SCCO,10600,10600,10100,10600,5400
10/11/2021,SCMA,2080,2100,1955,1960,6583200
10/11/2021,SCNP,242,248,240,246,3896400
10/11/2021,SCPI,29000,29000,29000,29000,0
10/11/2021,SDMU,51,51,50,50,1459700
10/11/2021,SDPC,131,132,129,129,95400
10/11/2021,SDRA,650,650,635,635,250200
10/11/2021,SFAN,1480,1485,1470,1485,466800
10/11/2021,SGER,885,985,865,910,26869000
10/11/2021,SGER-W,820,845,755,760,37900
10/11/2021,SGRO,1955,1965,1925,1935,145200
10/11/2021,SHID,1115,1120,1110,1120,14800
10/11/2021,SHIP,880,950,880,925,2105000
10/11/2021,SIDO,775,780,765,775,4590800
10/11/2021,SILO,8500,8900,8250,8600,365100
10/11/2021,SIMA,50,50,50,50,0
10/11/2021,SIMP,498,510,490,494,21425000
10/11/2021,SINI,272,272,260,260,2100
10/11/2021,SINI-W,157,158,157,158,23500
10/11/2021,SIPD,1900,1900,1850,1850,6700
10/11/2021,SKBM,388,388,338,346,16900
10/11/2021,SKLT,2160,2250,2160,2250,1100
10/11/2021,SKRN,690,700,675,690,1731500
10/11/2021,SKYB,51,51,51,51,0
10/11/2021,SLIS,3090,3140,3000,3000,168800
10/11/2021,SMAR,4410,4420,4300,4350,22000
10/11/2021,SMBR,720,770,720,750,12954500
10/11/2021,SMCB,1735,1740,1715,1740,1753900
10/11/2021,SMDM,120,123,118,122,214700
10/11/2021,SMDR,710,720,695,695,5626700
10/11/2021,SMGR,8075,8125,7875,7875,17913500
10/11/2021,SMKL,360,370,346,360,674000
10/11/2021,SMKL-W,41,45,39,40,4134500
10/11/2021,SMMA,10700,10700,10700,10700,200
10/11/2021,SMMT,206,208,196,206,37914600
10/11/2021,SMRA,935,940,905,915,36479000
10/11/2021,SMRU,50,50,50,50,0
10/11/2021,SMSM,1480,1495,1430,1440,270200
10/11/2021,SNLK,1060,1080,1050,1080,749800
10/11/2021,SOCI,202,208,200,202,16544000
10/11/2021,SOFA,47,50,46,50,31791900
10/11/2021,SOHO,5100,5100,5000,5050,4700
10/11/2021,SONA,4380,4380,4350,4350,1000
10/11/2021,SOSS,404,404,386,392,79700
10/11/2021,SOSS-W,44,55,42,44,160400
10/11/2021,SOTS,364,364,324,358,14800
10/11/2021,SOTS-W,58,59,55,56,15500
10/11/2021,SPMA,362,362,354,358,316800
10/11/2021,SPTO,560,590,555,580,1905900
10/11/2021,SQMI,115,115,110,111,30902700
10/11/2021,SRAJ,286,288,278,278,1664100
10/11/2021,SRIL,146,146,146,146,0
10/11/2021,SRSN,54,55,54,54,1497200
10/11/2021,SRTG,2000,2110,2000,2060,35806000
10/11/2021,SSIA,490,494,486,492,2851400
10/11/2021,SSMS,1005,1055,1005,1045,13822100
10/11/2021,SSTM,900,915,890,915,12800
10/11/2021,STAR,152,152,142,144,136700
10/11/2021,STTP,6825,6825,6825,6825,2700
10/11/2021,SUGI,50,50,50,50,0
10/11/2021,SULI,50,50,50,50,623800
10/11/2021,SUPR,14850,15000,14850,14900,1900
10/11/2021,SURE,2000,2000,1980,2000,1500
10/11/2021,SWAT,162,183,145,145,365928300
10/11/2021,TALF,302,314,294,294,38300
10/11/2021,TAMA,57,58,56,57,3299800
10/11/2021,TAMA-W,17,18,16,17,5097000
10/11/2021,TAMU,50,50,50,50,3000
10/11/2021,TAPG,805,820,755,775,50073600
10/11/2021,TARA,50,50,50,50,64300
10/11/2021,TAXI,50,50,50,50,400
10/11/2021,TBIG,2910,2930,2850,2870,21442300
10/11/2021,TBLA,875,905,875,880,3104000
10/11/2021,TBMS,1600,1640,1600,1640,6300
10/11/2021,TCID,5675,5675,5400,5650,1066600
10/11/2021,TCPI,9625,9800,9600,9600,14799000
10/11/2021,TDPM,119,119,119,119,0
10/11/2021,TEBE,640,715,605,700,573700
10/11/2021,TECH,8250,8300,7650,7650,125500
10/11/2021,TELE,121,121,121,121,0
10/11/2021,TFAS,5375,5450,5250,5375,111400
10/11/2021,TFCO,650,655,650,650,600
10/11/2021,TGKA,7000,7050,7000,7000,400
10/11/2021,TGRA,92,93,91,91,12959300
10/11/2021,TIFA,510,540,505,510,301400
10/11/2021,TINS,1620,1705,1610,1685,174296600
10/11/2021,TIRA,374,438,374,398,17500
10/11/2021,TIRT,52,56,50,54,4925600
10/11/2021,TKIM,7925,8075,7825,8000,5749000
10/11/2021,TLKM,3800,3850,3770,3810,78865000
10/11/2021,TMAS,312,320,306,308,7779600
10/11/2021,TMPO,148,148,140,143,91000
10/11/2021,TNCA,900,945,835,835,515100
10/11/2021,TOBA,550,575,545,550,2372700
10/11/2021,TOPS,50,50,50,50,28500
10/11/2021,TOTL,324,332,324,330,3086700
10/11/2021,TOTO,204,206,202,204,166400
10/11/2021,TOWR,1250,1250,1235,1235,57002800
10/11/2021,TOYS,188,202,188,198,35019900
10/11/2021,TOYS-W,26,27,25,26,5837500
10/11/2021,TPIA,7325,7350,7050,7075,5593800
10/11/2021,TPMA,498,500,490,490,2329000
10/11/2021,TRAM,50,50,50,50,0
10/11/2021,TRIL,50,50,50,50,0
10/11/2021,TRIM,312,314,290,290,131789400
10/11/2021,TRIN,214,214,202,202,4024500
10/11/2021,TRIN-W,35,35,32,32,371400
10/11/2021,TRIO,426,426,426,426,0
10/11/2021,TRIS,137,164,134,142,2828200
10/11/2021,TRIS-W,6,6,6,6,0
10/11/2021,TRJA,248,262,246,250,11388800
10/11/2021,TRST,600,600,585,600,132300
10/11/2021,TRUE,214,216,206,208,10221800
10/11/2021,TRUE-W,23,23,22,22,19263700
10/11/2021,TRUK,173,188,171,188,106082000
10/11/2021,TRUS,352,352,342,342,17000
10/11/2021,TSPC,1475,1480,1440,1440,1452400
10/11/2021,TUGU,1800,1950,1775,1900,578500
10/11/2021,TURI,1370,1370,1370,1370,0
10/11/2021,UANG,1120,1155,1120,1155,800
10/11/2021,UCID,1635,1650,1630,1640,671900
10/11/2021,UFOE,795,795,715,725,544000
10/11/2021,ULTJ,1570,1570,1555,1555,782300
10/11/2021,UNIC,8950,9050,8775,8775,8500
10/11/2021,UNIQ,100,105,92,94,23068500
10/11/2021,UNIT,316,316,316,316,0
10/11/2021,UNSP,124,126,122,125,602200
10/11/2021,UNTR,26125,26450,25850,26350,5243000
10/11/2021,UNVR,4760,4850,4730,4830,39246200
10/11/2021,URBN,865,865,820,820,153200
10/11/2021,URBN-W,66,66,63,64,376200
10/11/2021,UVCR,520,550,498,545,19710000
10/11/2021,UVCR-W,226,230,214,228,1064300
10/11/2021,VICI,406,408,400,406,3618200
10/11/2021,VICO,167,169,162,162,956800
10/11/2021,VINS,110,113,110,110,447400
10/11/2021,VIVA,50,52,50,50,24294400
10/11/2021,VOKS,180,181,179,181,5200
10/11/2021,VRNA,144,146,143,143,281900
10/11/2021,WAPO,91,91,83,85,901400
10/11/2021,WEGE,206,208,202,204,15052600
10/11/2021,WEHA,224,232,216,222,14231400
10/11/2021,WICO,440,440,440,440,100
10/11/2021,WIFI,645,725,605,690,104328500
10/11/2021,WIFI-W,202,268,202,234,355400
10/11/2021,WIIM,545,555,510,510,23559300
10/11/2021,WIKA,1330,1335,1300,1305,23173800
10/11/2021,WINS,139,150,138,143,97175000
10/11/2021,WMUU,175,177,167,172,31931400
10/11/2021,WOMF,232,234,230,234,320100
10/11/2021,WOOD,710,720,695,695,6406500
10/11/2021,WOWS,51,52,51,51,14654300
10/11/2021,WSBP,163,165,161,162,25590800
10/11/2021,WSKT,1000,1025,970,975,36975300
10/11/2021,WTON,288,290,284,288,12272400
10/11/2021,XAFA,1072,1073,1072,1073,700
10/11/2021,XAQA,915,915,915,915,0
10/11/2021,XBES,930,930,930,930,0
10/11/2021,XBID,515,515,515,515,0
10/11/2021,XBIG,529,529,529,529,0
10/11/2021,XBIN,473,473,473,473,0
10/11/2021,XBLQ,455,455,455,455,0
10/11/2021,XBNI,1030,1030,1025,1025,500
10/11/2021,XBSK,377,377,377,377,0
10/11/2021,XCID,84,85,84,84,1100
10/11/2021,XCIS,105,105,105,105,0
10/11/2021,XCLQ,100,100,98,99,11000
10/11/2021,XDIF,468,468,468,468,0
10/11/2021,XDSG,957,957,957,957,0
10/11/2021,XIFE,102,105,102,103,10800
10/11/2021,XIHD,495,495,494,495,18400
10/11/2021,XIIC,956,956,956,956,100
10/11/2021,XIID,515,515,511,511,7500
10/11/2021,XIIF,548,548,547,547,3500
10/11/2021,XIIT,532,532,528,532,124600
10/11/2021,XIJI,590,599,590,598,23100
10/11/2021,XILV,115,115,113,113,15200
10/11/2021,XIML,260,263,260,262,10600
10/11/2021,XIPI,179,179,179,179,200
10/11/2021,XISB,398,398,398,398,0
10/11/2021,XISC,707,707,707,707,300
10/11/2021,XISI,336,338,336,338,3100
10/11/2021,XISR,380,383,380,382,9300
10/11/2021,XKIV,475,475,475,475,2500
10/11/2021,XKMS,1077,1077,1076,1077,3800
10/11/2021,XMIG,182,182,175,175,600
10/11/2021,XMJM,1001,1001,1001,1001,0
10/11/2021,XMTS,452,452,452,452,0
10/11/2021,XNVE,150,150,149,149,1600
10/11/2021,XPCR,880,880,880,880,0
10/11/2021,XPDV,465,477,465,477,400
10/11/2021,XPES,386,386,386,386,1100
10/11/2021,XPFT,523,523,523,523,0
10/11/2021,XPID,500,500,500,500,0
10/11/2021,XPLC,444,444,444,444,0
10/11/2021,XPLQ,452,474,452,474,900
10/11/2021,XPMI,930,930,930,930,1000
10/11/2021,XPSG,369,369,369,369,0
10/11/2021,XPTD,488,488,488,488,0
10/11/2021,XSBC,100,100,100,100,300
10/11/2021,XSMU,130,130,130,130,0
10/11/2021,XSPI,750,750,750,750,0
10/11/2021,XSRI,169,169,169,169,0
10/11/2021,XSSI,75,75,74,75,9900
10/11/2021,XSSK,636,636,636,636,0
10/11/2021,YELO,404,408,388,388,6730300
10/11/2021,YELO-W,72,73,69,70,1412200
10/11/2021,YPAS,580,620,540,540,27700
10/11/2021,YULE,750,750,685,710,5300
10/11/2021,ZBRA,820,845,800,830,21050900
10/11/2021,ZINC,123,125,122,124,770672000
10/11/2021,ZONE,406,408,406,406,300400
10/11/2021,ZYRX,545,545,535,540,9624700
10/11/2021,ZYRX-W,106,108,106,107,145300
