<date>,<ticker>,<open>,<high>,<low>,<close>,<volume>
7/19/2021,IHSG,6062.966,6063.647,6015.149,6017.394,134506073
7/19/2021,AALI,7725,7950,7725,7900,2719700
7/19/2021,ABBA,274,342,274,322,259351200
7/19/2021,ABDA,6950,6950,6950,6950,0
7/19/2021,ABMM,1325,1350,1235,1265,847100
7/19/2021,ACES,1425,1425,1375,1390,14136200
7/19/2021,ACST,262,272,248,248,54758900
7/19/2021,ADES,2620,2620,2500,2510,128900
7/19/2021,ADHI,680,695,670,690,10167300
7/19/2021,ADMF,7575,7700,7575,7675,117100
7/19/2021,ADMG,202,216,202,206,1717000
7/19/2021,ADRO,1250,1265,1240,1250,47573900
7/19/2021,AGAR,428,428,400,402,11400
7/19/2021,AGII,1690,1785,1655,1665,141001500
7/19/2021,AGRO,2100,2350,2060,2290,178143400
7/19/2021,AGRS,224,228,216,218,42718000
7/19/2021,AHAP,60,61,59,60,329700
7/19/2021,AIMS,414,480,414,414,2660800
7/19/2021,AISA,210,210,204,206,6045000
7/19/2021,AKKU,50,50,50,50,2200
7/19/2021,AKPI,610,630,610,620,26700
7/19/2021,AKRA,3340,3520,3340,3460,29825500
7/19/2021,AKSI,540,540,466,490,20400
7/19/2021,ALDO,625,660,620,620,1725700
7/19/2021,ALKA,238,238,236,236,1200
7/19/2021,ALMI,228,230,228,230,6400
7/19/2021,ALTO,324,342,320,342,57900
7/19/2021,AMAG,274,280,260,268,583100
7/19/2021,AMAN,374,382,374,380,1974800
7/19/2021,AMAR,274,280,260,270,6346200
7/19/2021,AMFG,3800,3800,3620,3620,3400
7/19/2021,AMIN,200,210,200,206,170400
7/19/2021,AMOR,3410,3420,3290,3320,1045800
7/19/2021,AMRT,1290,1310,1255,1255,14264400
7/19/2021,ANDI,50,50,50,50,128000
7/19/2021,ANJT,625,625,615,615,7500
7/19/2021,ANTM,2630,2670,2610,2640,74138600
7/19/2021,APEX,635,635,625,635,14400
7/19/2021,APIC,850,850,825,835,14467900
7/19/2021,APII,182,182,179,181,69500
7/19/2021,APLI,204,204,194,196,16900
7/19/2021,APLN,126,126,121,122,6958600
7/19/2021,ARCI,650,650,630,635,17407600
7/19/2021,ARGO,1745,1745,1630,1735,25200
7/19/2021,ARII,298,300,290,298,408900
7/19/2021,ARKA,50,51,50,50,14896300
7/19/2021,ARMY,50,50,50,50,0
7/19/2021,ARNA,760,780,755,760,8475700
7/19/2021,ARTA,498,520,466,480,133300
7/19/2021,ARTI,50,50,50,50,3200
7/19/2021,ARTO,15900,15900,15150,15300,12285200
7/19/2021,ASBI,298,302,294,294,44000
7/19/2021,ASDM,915,925,900,915,13700
7/19/2021,ASGR,680,695,680,690,777300
7/19/2021,ASII,4850,4870,4780,4780,25106100
7/19/2021,ASJT,222,222,218,220,72800
7/19/2021,ASMI,444,458,414,440,43200
7/19/2021,ASPI,50,50,50,50,14300
7/19/2021,ASPI-W,13,14,12,13,1481000
7/19/2021,ASRI,157,159,154,155,13508700
7/19/2021,ASRM,1640,1640,1640,1640,0
7/19/2021,ASSA,2250,2250,2180,2200,9989000
7/19/2021,ATAP,106,106,105,105,79600
7/19/2021,ATIC,1175,1375,1095,1095,3481800
7/19/2021,AUTO,1070,1070,1055,1060,484900
7/19/2021,AYLS,65,69,65,68,1838700
7/19/2021,BABP,276,286,270,276,158532900
7/19/2021,BABP-W3,218,218,165,199,57300
7/19/2021,BABP-W4,214,232,214,224,128700
7/19/2021,BACA,426,432,418,418,34936400
7/19/2021,BACA-W2,284,366,284,302,2400
7/19/2021,BAJA,296,308,284,296,3160300
7/19/2021,BALI,590,595,550,550,13488400
7/19/2021,BANK,3250,3260,3120,3200,29067300
7/19/2021,BANK-W,2910,2950,2850,2940,87500
7/19/2021,BAPA,50,50,50,50,600
7/19/2021,BAPI,50,50,50,50,1300
7/19/2021,BAPI-W,5,6,5,6,8802500
7/19/2021,BATA,685,685,685,685,1600
7/19/2021,BAYU,1070,1070,1070,1070,600
7/19/2021,BBCA,30550,30550,30025,30025,9423800
7/19/2021,BBHI,2680,2780,2560,2590,26265100
7/19/2021,BBKP,398,406,396,398,45582400
7/19/2021,BBLD,446,446,426,426,400
7/19/2021,BBMD,1500,1500,1495,1500,11200
7/19/2021,BBNI,4810,4850,4760,4820,17806900
7/19/2021,BBRI,3850,3850,3780,3780,63023000
7/19/2021,BBRM,50,50,50,50,845600
7/19/2021,BBSI,3720,3750,3710,3730,37100
7/19/2021,BBSS,50,50,50,50,138300
7/19/2021,BBTN,1310,1325,1275,1290,26362600
7/19/2021,BBYB,640,665,615,635,136595800
7/19/2021,BCAP,112,114,111,111,18621500
7/19/2021,BCIC,700,700,700,700,0
7/19/2021,BCIP,57,58,56,57,319400
7/19/2021,BDMN,2130,2140,2110,2130,1311500
7/19/2021,BEBS,438,454,426,430,21593700
7/19/2021,BEEF,85,86,83,84,5114400
7/19/2021,BEKS,94,98,92,92,386224700
7/19/2021,BELL,135,135,127,128,304300
7/19/2021,BESS,1000,1090,930,1010,879600
7/19/2021,BESS-W,800,800,720,740,8900
7/19/2021,BEST,124,125,122,123,6589300
7/19/2021,BFIN,825,825,805,805,33343700
7/19/2021,BGTG,151,178,150,169,1409639300
7/19/2021,BHAT,755,760,745,760,127276000
7/19/2021,BHIT,79,82,78,79,279233900
7/19/2021,BIKA,254,254,238,248,274800
7/19/2021,BIMA,100,114,100,103,6639700
7/19/2021,BINA,5775,5775,5775,5775,0
7/19/2021,BIPI,50,50,50,50,433800
7/19/2021,BIPI-W,9,10,8,10,219800
7/19/2021,BIPP,53,54,52,53,521100
7/19/2021,BIRD,1115,1115,1080,1080,790700
7/19/2021,BISI,1090,1105,1080,1080,55500
7/19/2021,BJBR,1225,1235,1220,1225,1345700
7/19/2021,BJTM,690,695,685,685,7535400
7/19/2021,BKDP,50,51,50,50,1053500
7/19/2021,BKSL,53,56,52,55,77852600
7/19/2021,BKSW,188,200,187,189,48067100
7/19/2021,BLTA,50,50,50,50,1900
7/19/2021,BLTZ,2770,2770,2760,2760,900
7/19/2021,BLUE,675,680,665,670,67900
7/19/2021,BMAS,1490,1495,1420,1450,152800
7/19/2021,BMHS,1010,1010,985,990,32262100
7/19/2021,BMRI,5800,5850,5750,5750,15730100
7/19/2021,BMSR,168,177,165,165,3207500
7/19/2021,BMTR,262,264,260,262,20272500
7/19/2021,BNBA,1460,1500,1355,1360,21335000
7/19/2021,BNBR,50,50,50,50,3600
7/19/2021,BNGA,905,985,900,950,12310000
7/19/2021,BNII,340,346,338,344,2613700
7/19/2021,BNLI,2280,2310,2180,2180,2108600
7/19/2021,BOGA,1350,1350,1320,1330,110472500
7/19/2021,BOLA,298,310,296,302,1525700
7/19/2021,BOLT,685,700,685,700,700
7/19/2021,BOSS,75,77,72,73,41962300
7/19/2021,BPFI,1055,1055,1055,1055,0
7/19/2021,BPII,6100,6100,6100,6100,3000
7/19/2021,BPTR,117,120,112,115,6316400
7/19/2021,BRAM,5600,6400,5600,6000,6700
7/19/2021,BRIS,2440,2620,2400,2590,188177000
7/19/2021,BRMS,99,100,96,98,469663600
7/19/2021,BRMS-W,28,30,27,28,164341300
7/19/2021,BRNA,1300,1300,1300,1300,0
7/19/2021,BRPT,810,820,805,810,29005900
7/19/2021,BSDE,950,955,935,945,7679500
7/19/2021,BSIM,810,840,760,760,2317200
7/19/2021,BSSR,1650,1680,1650,1655,31800
7/19/2021,BSWD,1750,1750,1750,1750,0
7/19/2021,BTEK,50,50,50,50,0
7/19/2021,BTEL,50,50,50,50,0
7/19/2021,BTON,424,432,414,416,13100
7/19/2021,BTPN,2800,2800,2770,2770,59000
7/19/2021,BTPS,2560,2560,2460,2470,6920500
7/19/2021,BUDI,186,187,177,179,16361200
7/19/2021,BUKK,995,995,950,950,6600
7/19/2021,BULL,260,262,248,250,463978300
7/19/2021,BULL-W2,51,53,48,49,62900
7/19/2021,BUMI,58,58,57,57,72193500
7/19/2021,BUVA,60,60,60,60,0
7/19/2021,BVIC,156,166,154,157,21679200
7/19/2021,BWPT,87,88,85,87,18381900
7/19/2021,BYAN,13700,13925,13625,13750,84200
7/19/2021,CAKK,65,66,64,66,725100
7/19/2021,CAMP,254,256,252,256,666700
7/19/2021,CANI,107,110,100,104,384500
7/19/2021,CARE,346,348,338,344,267595600
7/19/2021,CARS,50,50,50,50,300
7/19/2021,CASA,392,404,392,404,29200
7/19/2021,CASH,220,232,212,232,25015500
7/19/2021,CASS,368,378,362,368,118800
7/19/2021,CBMF,55,58,52,55,38038000
7/19/2021,CCSI,438,450,432,440,1040100
7/19/2021,CEKA,1780,1790,1770,1780,65700
7/19/2021,CENT,264,278,260,264,61792600
7/19/2021,CFIN,284,286,280,284,1029700
7/19/2021,CINT,191,198,191,198,6200
7/19/2021,CITA,2980,3000,2980,3000,12900
7/19/2021,CITY,151,151,145,150,3000
7/19/2021,CITY-W,45,45,45,45,5000
7/19/2021,CLAY,830,830,830,830,0
7/19/2021,CLEO,470,470,460,468,4844200
7/19/2021,CLPI,1045,1060,1020,1060,316300
7/19/2021,CMNP,1720,1720,1675,1720,2600
7/19/2021,CMNP-W,800,800,800,800,0
7/19/2021,CMPP,184,184,184,184,0
7/19/2021,CNKO,50,50,50,50,0
7/19/2021,CNTB,250,250,250,250,0
7/19/2021,CNTX,182,192,182,192,10200
7/19/2021,COCO,310,320,308,308,120400
7/19/2021,COCO-W,300,300,300,300,0
7/19/2021,COWL,50,50,50,50,0
7/19/2021,CPIN,6425,6625,6425,6450,4247000
7/19/2021,CPRI,50,50,50,50,100
7/19/2021,CPRI-W,14,15,6,14,28700
7/19/2021,CPRO,50,50,50,50,100
7/19/2021,CSAP,406,406,392,394,264800
7/19/2021,CSIS,72,72,70,71,776100
7/19/2021,CSMI,3000,3000,3000,3000,0
7/19/2021,CSRA,304,304,292,292,191700
7/19/2021,CTBN,2960,2960,2960,2960,500
7/19/2021,CTRA,950,955,930,930,11454000
7/19/2021,CTTH,51,52,50,51,5575000
7/19/2021,DADA,50,50,50,50,1125900
7/19/2021,DADA-W,11,11,10,11,26492700
7/19/2021,DART,200,200,200,200,1000
7/19/2021,DAYA,268,268,256,256,6800
7/19/2021,DCII,59000,59000,59000,59000,0
7/19/2021,DEAL,71,75,71,72,1672400
7/19/2021,DEAL-W,46,48,26,44,400
7/19/2021,DEFI,1625,1625,1625,1625,0
7/19/2021,DEWA,50,50,50,50,26000
7/19/2021,DFAM,135,182,133,182,313700
7/19/2021,DGIK,69,72,68,72,12234800
7/19/2021,DGNS,1120,1145,1045,1045,21398900
7/19/2021,DIGI,390,390,376,378,2500
7/19/2021,DILD,170,170,166,168,748400
7/19/2021,DIVA,3600,3700,3580,3600,122700
7/19/2021,DKFT,144,147,144,145,3552700
7/19/2021,DLTA,3780,3780,3760,3760,75800
7/19/2021,DMAS,195,197,193,193,14646900
7/19/2021,DMMX,2440,2700,2430,2630,85145800
7/19/2021,DMND,730,740,725,730,10200
7/19/2021,DNAR,242,252,232,236,9829800
7/19/2021,DNET,3190,3190,3160,3190,4400
7/19/2021,DOID,310,318,308,310,38435700
7/19/2021,DPNS,306,312,304,312,69200
7/19/2021,DPUM,50,50,50,50,0
7/19/2021,DSFI,68,70,68,69,425400
7/19/2021,DSNG,530,550,530,535,28202600
7/19/2021,DSSA,12300,12300,11500,12000,2000
7/19/2021,DUCK,115,116,109,112,21872700
7/19/2021,DUTI,3480,3510,3480,3510,200
7/19/2021,DVLA,2540,2590,2500,2500,33400
7/19/2021,DWGL,184,190,182,184,88800
7/19/2021,DWGL-W,33,34,30,34,123400
7/19/2021,DYAN,62,64,62,62,3581300
7/19/2021,EAST,64,67,62,63,1270400
7/19/2021,EAST-W,8,9,7,8,660800
7/19/2021,ECII,990,990,990,990,0
7/19/2021,EDGE,32300,32300,31150,31250,25600
7/19/2021,EKAD,1410,1420,1400,1410,253700
7/19/2021,ELSA,258,264,256,264,31421400
7/19/2021,ELTY,50,50,50,50,1413800
7/19/2021,EMDE,200,200,200,200,0
7/19/2021,EMTK,2510,2530,2420,2420,47469300
7/19/2021,ENRG,121,124,113,113,476896000
7/19/2021,ENVY,50,50,50,50,0
7/19/2021,ENZO,50,50,50,50,6200
7/19/2021,ENZO-W,15,15,14,15,417900
7/19/2021,EPAC,50,51,50,50,3194400
7/19/2021,EPMT,2300,2310,2290,2290,52100
7/19/2021,ERAA,580,590,550,580,169792800
7/19/2021,ERTX,185,185,178,178,475700
7/19/2021,ESIP,69,70,69,69,374000
7/19/2021,ESIP-W,10,11,10,11,289900
7/19/2021,ESSA,404,416,388,390,165179300
7/19/2021,ESTA,97,98,96,98,9600
7/19/2021,ESTI,98,99,98,98,260100
7/19/2021,ETWA,62,62,62,62,0
7/19/2021,EXCL,2480,2480,2430,2470,16181200
7/19/2021,FAPA,2940,2950,2850,2950,23100
7/19/2021,FAST,960,960,900,900,16500
7/19/2021,FASW,7600,7600,7600,7600,0
7/19/2021,FILM,354,400,346,400,77972500
7/19/2021,FIMP,54,54,47,50,287900
7/19/2021,FIMP-W,12,14,11,13,4072100
7/19/2021,FIRE,468,486,468,470,3476900
7/19/2021,FISH,4000,4000,4000,4000,0
7/19/2021,FITT,135,137,132,137,143100
7/19/2021,FITT-W,40,41,40,41,600
7/19/2021,FLMC,294,324,294,324,8028600
7/19/2021,FMII,560,585,535,535,203900
7/19/2021,FOOD,100,100,98,99,1194900
7/19/2021,FORU,153,153,147,147,4100
7/19/2021,FORZ,50,50,50,50,100
7/19/2021,FPNI,258,260,242,246,8118400
7/19/2021,FREN,112,115,108,113,374824600
7/19/2021,FREN-W,45,46,42,43,3640900
7/19/2021,FREN-W2,63,64,61,62,101301900
7/19/2021,FUJI,278,278,270,276,24800
7/19/2021,GAMA,50,50,50,50,0
7/19/2021,GDST,106,106,102,103,4576100
7/19/2021,GDYR,1490,1570,1490,1510,39000
7/19/2021,GEMA,356,356,356,356,0
7/19/2021,GEMS,3850,3850,3780,3830,9400
7/19/2021,GGRM,38500,38500,37400,37400,2417900
7/19/2021,GGRP,430,430,398,422,11900
7/19/2021,GHON,2120,2440,2120,2400,23300
7/19/2021,GIAA,222,222,222,222,0
7/19/2021,GJTL,775,790,770,775,2660900
7/19/2021,GLOB,183,198,173,183,41000
7/19/2021,GLVA,304,310,296,298,592300
7/19/2021,GMFI,80,81,77,79,917400
7/19/2021,GMTD,16725,16725,16725,16725,0
7/19/2021,GOLD,426,426,410,412,34300
7/19/2021,GOLL,50,50,50,50,0
7/19/2021,GOOD,368,368,352,368,14539300
7/19/2021,GPRA,64,64,61,62,1065600
7/19/2021,GSMF,140,147,139,140,4144700
7/19/2021,GTBO,75,75,75,75,0
7/19/2021,GWSA,107,107,103,107,759800
7/19/2021,GZCO,50,50,50,50,5500
7/19/2021,HADE,50,50,50,50,100
7/19/2021,HDFA,179,185,167,175,147300
7/19/2021,HDIT,705,750,655,690,25897000
7/19/2021,HDTX,120,120,120,120,0
7/19/2021,HEAL,6000,6075,5950,6000,1507300
7/19/2021,HELI,328,328,328,328,1400
7/19/2021,HERO,1740,1830,1705,1810,446500
7/19/2021,HEXA,3470,3490,3460,3460,91600
7/19/2021,HITS,342,342,320,334,5500
7/19/2021,HKMU,68,70,64,65,144926900
7/19/2021,HMSP,1120,1125,1110,1110,25014800
7/19/2021,HOKI,189,190,184,186,38048900
7/19/2021,HOME,50,50,50,50,0
7/19/2021,HOMI,2020,2030,1950,2030,181700
7/19/2021,HOPE,118,124,113,119,2415700
7/19/2021,HOPE-W,15,18,14,17,28205500
7/19/2021,HOTL,50,50,50,50,19000
7/19/2021,HRME,55,55,53,55,2589300
7/19/2021,HRTA,248,250,244,244,3018000
7/19/2021,HRUM,5675,5950,5550,5675,10612700
7/19/2021,IATA,50,50,50,50,0
7/19/2021,IBFN,152,156,152,156,1600
7/19/2021,IBFN-W,13,13,13,13,500
7/19/2021,IBST,5000,5000,5000,5000,0
7/19/2021,ICBP,8575,8575,8425,8500,3177400
7/19/2021,ICON,94,95,91,92,1105400
7/19/2021,IDPR,140,143,139,140,76600
7/19/2021,IFII,140,141,139,140,73700
7/19/2021,IFSH,1130,1130,1130,1130,0
7/19/2021,IGAR,434,444,428,430,187400
7/19/2021,IIKP,50,50,50,50,0
7/19/2021,IKAI,50,50,50,50,200
7/19/2021,IKAN,104,105,102,103,5091100
7/19/2021,IKBI,234,234,234,234,200
7/19/2021,IMAS,870,870,855,855,1010000
7/19/2021,IMJS,290,302,286,288,1074700
7/19/2021,IMPC,1695,1740,1695,1725,2066700
7/19/2021,INAF,3180,3200,3040,3080,1879500
7/19/2021,INAI,312,322,312,320,9800
7/19/2021,INCF,98,98,95,96,16300
7/19/2021,INCI,710,755,710,735,71700
7/19/2021,INCO,5350,5400,5275,5350,12607000
7/19/2021,INDF,6625,6675,6550,6650,6565300
7/19/2021,INDO,121,121,118,119,86700
7/19/2021,INDO-W,40,40,39,40,42400
7/19/2021,INDR,3870,3940,3750,3920,23200
7/19/2021,INDS,1875,1950,1875,1900,5800
7/19/2021,INDX,118,119,116,117,985600
7/19/2021,INDY,1330,1355,1315,1325,17278000
7/19/2021,INKP,7375,7775,7275,7675,9201100
7/19/2021,INOV,178,179,172,176,241700
7/19/2021,INPC,151,159,146,151,39348300
7/19/2021,INPC-W,58,63,56,58,2683100
7/19/2021,INPP,735,735,735,735,0
7/19/2021,INPS,1850,1850,1750,1780,2300
7/19/2021,INRU,680,680,680,680,0
7/19/2021,INTA,150,159,142,143,153100
7/19/2021,INTD,195,198,190,192,88300
7/19/2021,INTP,10300,10375,10100,10200,2770200
7/19/2021,IPAC,155,163,150,163,267000
7/19/2021,IPCC,570,605,560,580,29896500
7/19/2021,IPCM,386,432,386,432,40819100
7/19/2021,IPOL,154,156,151,155,474000
7/19/2021,IPTV,262,262,254,254,14579200
7/19/2021,IRRA,2070,2080,1940,1940,17978100
7/19/2021,ISAT,6075,6225,6025,6150,1871800
7/19/2021,ISSP,238,242,234,238,5982400
7/19/2021,ITIC,436,450,436,440,388100
7/19/2021,ITMA,520,530,520,525,23100
7/19/2021,ITMA-W,64,72,61,72,18300
7/19/2021,ITMG,15250,15600,15250,15475,2433100
7/19/2021,JAST,128,130,127,127,4807400
7/19/2021,JAWA,116,119,112,113,2352500
7/19/2021,JAYA,110,110,104,105,4408800
7/19/2021,JECC,7600,8000,7225,7300,2900
7/19/2021,JGLE,50,50,50,50,0
7/19/2021,JIHD,430,448,426,426,5400
7/19/2021,JKON,145,145,142,144,25700
7/19/2021,JKSW,60,60,60,60,0
7/19/2021,JMAS,204,204,191,192,112600
7/19/2021,JPFA,1680,1685,1650,1660,8760700
7/19/2021,JRPT,460,460,450,456,2999200
7/19/2021,JSKY,140,143,134,137,19835700
7/19/2021,JSMR,3680,3680,3600,3620,843500
7/19/2021,JSPT,805,805,805,805,0
7/19/2021,JTPE,1160,1160,1160,1160,186900
7/19/2021,KAEF,3420,3420,3180,3180,18112800
7/19/2021,KARW,105,106,103,104,1126900
7/19/2021,KAYU,59,68,56,61,44458800
7/19/2021,KBAG,50,50,50,50,39400
7/19/2021,KBAG-W,8,9,7,8,8695100
7/19/2021,KBLI,322,322,316,322,401000
7/19/2021,KBLM,210,210,204,204,105500
7/19/2021,KBLV,870,870,810,825,44600
7/19/2021,KBRI,50,50,50,50,0
7/19/2021,KDSI,895,895,850,850,93500
7/19/2021,KEEN,400,404,398,400,365100
7/19/2021,KEJU,1220,1225,1200,1200,538700
7/19/2021,KIAS,50,50,50,50,20900
7/19/2021,KICI,256,260,244,258,271100
7/19/2021,KIJA,170,171,166,169,4069000
7/19/2021,KINO,2300,2300,2100,2240,1821100
7/19/2021,KIOS,875,950,870,910,63442300
7/19/2021,KJEN,530,530,525,525,400
7/19/2021,KKGI,256,264,244,248,147800
7/19/2021,KLBF,1390,1410,1365,1390,24056800
7/19/2021,KMDS,484,484,450,482,7300
7/19/2021,KMTR,380,388,366,378,41700
7/19/2021,KOBX,165,165,159,159,2920800
7/19/2021,KOIN,161,161,160,161,18400
7/19/2021,KONI,1050,1050,1050,1050,1700
7/19/2021,KOPI,456,456,456,456,0
7/19/2021,KOTA,108,108,101,101,27679200
7/19/2021,KOTA-W,94,94,94,94,100
7/19/2021,KPAL,50,50,50,50,100
7/19/2021,KPAS,60,60,58,59,1152800
7/19/2021,KPAS-W,14,15,11,13,5843800
7/19/2021,KPIG,106,108,104,105,43134200
7/19/2021,KRAH,436,436,436,436,0
7/19/2021,KRAS,480,480,474,476,6831900
7/19/2021,KREN,128,134,121,132,47713300
7/19/2021,LABA,402,438,400,426,24243200
7/19/2021,LABA-W,113,195,112,151,69541500
7/19/2021,LAND,89,89,86,87,853100
7/19/2021,LAPD,50,50,50,50,0
7/19/2021,LCGP,114,114,114,114,0
7/19/2021,LCKM,304,310,304,310,15700
7/19/2021,LEAD,50,50,50,50,100
7/19/2021,LFLO,78,85,75,85,3360800
7/19/2021,LFLO-W,8,12,7,10,119490500
7/19/2021,LIFE,6750,6750,6750,6750,0
7/19/2021,LINK,4280,4300,4190,4200,1831300
7/19/2021,LION,350,368,340,340,27400
7/19/2021,LMAS,133,133,133,133,1072400
7/19/2021,LMPI,184,188,172,173,4677100
7/19/2021,LMSH,595,600,555,560,44900
7/19/2021,LPCK,960,970,945,950,528800
7/19/2021,LPGI,3550,3560,3550,3560,3300
7/19/2021,LPIN,398,398,334,380,96200
7/19/2021,LPKR,144,145,140,142,49607300
7/19/2021,LPLI,322,322,310,320,198100
7/19/2021,LPPF,2130,2230,2000,2000,78108700
7/19/2021,LPPS,108,112,108,111,3500
7/19/2021,LRNA,187,187,180,186,3300
7/19/2021,LSIP,1105,1140,1100,1120,25091300
7/19/2021,LTLS,630,635,595,595,962300
7/19/2021,LUCK,214,218,200,200,9530800
7/19/2021,LUCY,40,40,38,39,3453700
7/19/2021,LUCY-W,11,11,10,11,2063000
7/19/2021,MABA,50,50,50,50,0
7/19/2021,MAGP,50,50,50,50,0
7/19/2021,MAIN,705,715,695,700,5740500
7/19/2021,MAMI,50,50,50,50,101700
7/19/2021,MAMI-W,7,8,7,7,751100
7/19/2021,MAMIP,600,600,600,600,0
7/19/2021,MAPA,1630,1685,1540,1550,2670100
7/19/2021,MAPB,1285,1285,1285,1285,300
7/19/2021,MAPI,625,635,620,630,4448400
7/19/2021,MARI,340,378,340,370,273195700
7/19/2021,MARK,880,880,865,880,2093300
7/19/2021,MASA,1800,1800,1670,1700,36100
7/19/2021,MASB,3360,3380,3350,3360,297900
7/19/2021,MASB-W,344,382,340,346,505200
7/19/2021,MAYA,1625,1625,1615,1625,183900
7/19/2021,MBAP,2850,2900,2840,2880,143500
7/19/2021,MBSS,510,515,505,515,2113500
7/19/2021,MBTO,159,167,159,162,1325200
7/19/2021,MCAS,7975,8825,7950,8825,3053000
7/19/2021,MCOR,131,134,131,131,18427700
7/19/2021,MDIA,56,58,55,57,4905200
7/19/2021,MDKA,3020,3040,2920,2930,29271900
7/19/2021,MDKI,208,208,204,208,435800
7/19/2021,MDLN,51,51,51,51,0
7/19/2021,MDRN,50,50,50,50,0
7/19/2021,MEDC,565,580,545,555,88459100
7/19/2021,MEGA,7900,7975,7850,7850,3600
7/19/2021,MERK,3240,3500,3240,3400,224700
7/19/2021,META,123,124,121,122,1923500
7/19/2021,MFIN,1080,1120,1055,1120,98000
7/19/2021,MFMI,635,640,615,615,93900
7/19/2021,MGLV,108,108,101,105,90200
7/19/2021,MGLV-W,7,8,6,8,9097100
7/19/2021,MGNA,50,50,50,50,0
7/19/2021,MGRO,680,680,670,670,2693400
7/19/2021,MICE,340,358,336,354,44100
7/19/2021,MIDI,1840,1840,1840,1840,1400
7/19/2021,MIKA,2740,2780,2700,2710,27179200
7/19/2021,MINA,60,64,56,57,5362500
7/19/2021,MIRA,50,50,50,50,0
7/19/2021,MITI,98,123,97,98,28438500
7/19/2021,MKNT,50,50,50,50,9500
7/19/2021,MKPI,25100,25100,25100,25100,0
7/19/2021,MLBI,8000,8000,7950,7950,2700
7/19/2021,MLIA,1060,1100,1045,1055,6891400
7/19/2021,MLPL,675,685,630,655,188766800
7/19/2021,MLPT,3950,4100,3700,3700,6102000
7/19/2021,MMLP,660,680,620,620,57555700
7/19/2021,MNCN,840,845,815,820,36268400
7/19/2021,MOLI,1070,1070,1070,1070,6000
7/19/2021,MPMX,710,710,700,710,5248800
7/19/2021,MPOW,86,91,85,87,5144100
7/19/2021,MPPA,1055,1075,990,1005,86970300
7/19/2021,MPRO,478,478,478,478,0
7/19/2021,MRAT,400,408,390,398,1181200
7/19/2021,MREI,4100,5450,4100,4140,8600
7/19/2021,MSIN,520,525,480,488,41565600
7/19/2021,MSKY,400,402,380,400,463100
7/19/2021,MTDL,2180,2390,2180,2330,16363100
7/19/2021,MTFN,50,50,50,50,0
7/19/2021,MTLA,420,420,410,410,32000
7/19/2021,MTPS,126,148,126,148,25777200
7/19/2021,MTRA,244,244,244,244,0
7/19/2021,MTSM,180,182,180,180,2000
7/19/2021,MTWI,125,130,119,126,17633500
7/19/2021,MYOH,1435,1445,1400,1445,55900
7/19/2021,MYOR,2420,2430,2360,2380,1629100
7/19/2021,MYRX,50,50,50,50,0
7/19/2021,MYRXP,50,50,50,50,0
7/19/2021,MYTX,86,90,86,86,121700
7/19/2021,NASA,94,132,94,98,14507200
7/19/2021,NATO,520,535,520,530,299204300
7/19/2021,NATO-W,248,248,248,248,0
7/19/2021,NELY,202,202,200,200,511300
7/19/2021,NFCX,6800,7000,6550,6550,479400
7/19/2021,NICK,298,300,278,282,1444400
7/19/2021,NICL,276,294,276,276,112574300
7/19/2021,NICL-W,27,32,24,26,317630400
7/19/2021,NIKL,1090,1135,1070,1115,1161100
7/19/2021,NIPS,282,282,282,282,0
7/19/2021,NIRO,147,147,147,147,0
7/19/2021,NISP,715,735,715,735,267700
7/19/2021,NOBU,1725,1760,1630,1635,3062800
7/19/2021,NPGF,134,134,131,134,1617600
7/19/2021,NRCA,300,300,296,298,271500
7/19/2021,NUSA,50,50,50,50,0
7/19/2021,NZIA,165,173,154,154,1911100
7/19/2021,OASA,224,226,210,212,77100
7/19/2021,OCAP,159,159,159,159,0
7/19/2021,OKAS,76,78,75,76,1191700
7/19/2021,OMRE,660,660,660,660,1000
7/19/2021,OPMS,340,384,340,352,32717100
7/19/2021,PADI,50,50,50,50,91100
7/19/2021,PALM,555,560,540,550,502800
7/19/2021,PAMG,79,80,78,80,93500
7/19/2021,PANI,194,250,188,250,9712500
7/19/2021,PANR,101,101,98,100,462700
7/19/2021,PANS,1400,1465,1400,1400,100400
7/19/2021,PBID,1810,1900,1790,1900,2144900
7/19/2021,PBRX,123,123,116,117,5536000
7/19/2021,PBSA,486,486,486,486,1000
7/19/2021,PCAR,330,400,308,342,1465900
7/19/2021,PDES,248,248,232,232,74700
7/19/2021,PEGE,160,165,160,164,251400
7/19/2021,PEHA,1180,1190,1170,1190,241900
7/19/2021,PGAS,1000,1020,1000,1000,35838500
7/19/2021,PGJO,95,95,85,88,466500
7/19/2021,PGLI,212,212,206,206,1600
7/19/2021,PGUN,220,220,220,220,20400
7/19/2021,PICO,132,134,127,127,1165500
7/19/2021,PJAA,496,496,484,492,10300
7/19/2021,PKPK,63,68,63,65,19964100
7/19/2021,PLAN,29,30,28,29,2299000
7/19/2021,PLAN-W,8,9,7,9,1008200
7/19/2021,PLAS,50,50,50,50,0
7/19/2021,PLIN,2450,2450,2450,2450,0
7/19/2021,PMJS,130,132,128,132,25200
7/19/2021,PMMP,446,450,440,440,20664100
7/19/2021,PNBN,760,770,750,760,1725700
7/19/2021,PNBS,140,141,136,138,104591400
7/19/2021,PNGO,1390,1390,1390,1390,0
7/19/2021,PNIN,750,770,750,760,31800
7/19/2021,PNLF,185,187,184,185,10459500
7/19/2021,PNSE,480,480,410,410,9300
7/19/2021,POLA,153,153,147,149,176300
7/19/2021,POLA-W,61,71,60,60,122100
7/19/2021,POLI,820,850,820,850,3400
7/19/2021,POLL,3130,3140,3050,3110,1641900
7/19/2021,POLU,290,300,274,274,104400
7/19/2021,POLY,56,56,54,55,130400
7/19/2021,POOL,50,50,50,50,0
7/19/2021,PORT,630,685,630,680,5300
7/19/2021,POSA,50,50,50,50,0
7/19/2021,POWR,630,635,625,625,1106600
7/19/2021,PPGL,78,80,73,76,4932800
7/19/2021,PPGL-W,9,11,9,10,2792500
7/19/2021,PPRE,170,173,160,160,9797800
7/19/2021,PPRO,70,75,69,71,294138400
7/19/2021,PRAS,175,182,171,176,2680700
7/19/2021,PRDA,8350,8525,8150,8150,2474600
7/19/2021,PRIM,414,456,400,420,76110000
7/19/2021,PSAB,177,178,176,177,5001500
7/19/2021,PSDN,208,218,200,210,651800
7/19/2021,PSGO,144,147,136,137,218800
7/19/2021,PSKT,50,50,50,50,0
7/19/2021,PSSI,238,242,234,240,155300
7/19/2021,PTBA,2140,2160,2120,2140,13533600
7/19/2021,PTDU,1870,1890,1730,1790,9330000
7/19/2021,PTIS,272,286,272,286,3100
7/19/2021,PTPP,840,850,830,840,25334800
7/19/2021,PTPW,1000,1000,970,980,285100
7/19/2021,PTRO,1870,1910,1870,1885,516600
7/19/2021,PTSN,250,250,234,236,8056900
7/19/2021,PTSP,5400,5400,5400,5400,0
7/19/2021,PUDP,280,298,278,282,43800
7/19/2021,PURA,50,50,50,50,1381800
7/19/2021,PURA-W,7,8,6,8,32621800
7/19/2021,PURE,92,97,92,95,3885600
7/19/2021,PURI,394,394,370,390,4400
7/19/2021,PWON,410,410,404,404,20344200
7/19/2021,PYFA,1125,1125,1050,1060,2060800
7/19/2021,PZZA,650,655,625,635,86000
7/19/2021,R-ABFII,28600,28600,28600,28600,0
7/19/2021,R-LQ45X,902,902,890,899,20800
7/19/2021,RAJA,193,195,189,191,7231600
7/19/2021,RALS,600,600,580,590,10446900
7/19/2021,RANC,715,715,690,710,154800
7/19/2021,RBMS,50,50,50,50,66600
7/19/2021,RDTX,7000,7000,7000,7000,7000
7/19/2021,REAL,50,50,50,50,2241500
7/19/2021,RELI,436,446,406,442,1600
7/19/2021,RICY,84,84,81,82,152300
7/19/2021,RIGS,202,202,199,200,197700
7/19/2021,RIMO,50,50,50,50,0
7/19/2021,RISE,424,424,416,420,322700
7/19/2021,RMBA,256,264,246,262,222100
7/19/2021,ROCK,690,735,645,645,21800
7/19/2021,RODA,87,89,86,86,2821500
7/19/2021,RONY,202,266,186,210,3128400
7/19/2021,ROTI,1350,1370,1345,1370,96200
7/19/2021,RUIS,220,222,220,220,6500
7/19/2021,SAFE,190,190,178,188,800
7/19/2021,SAME,700,700,660,675,48248000
7/19/2021,SAMF,720,720,670,685,653000
7/19/2021,SAPX,1050,1100,1020,1085,89600
7/19/2021,SATU,54,54,53,54,12468000
7/19/2021,SBAT,50,50,50,50,12189700
7/19/2021,SBAT-W,13,14,13,13,5181500
7/19/2021,SCCO,11100,11100,10900,11100,2300
7/19/2021,SCMA,2130,2150,2040,2040,7444100
7/19/2021,SCNP,388,388,374,374,2663700
7/19/2021,SCPI,29000,29000,29000,29000,0
7/19/2021,SDMU,51,51,50,50,1060400
7/19/2021,SDPC,159,163,156,163,106800
7/19/2021,SDRA,725,725,710,715,129500
7/19/2021,SFAN,1305,1305,1295,1300,328800
7/19/2021,SGER,296,306,276,294,251100
7/19/2021,SGER-W,163,252,163,199,9100
7/19/2021,SGRO,1765,1765,1760,1760,7700
7/19/2021,SHID,1875,1875,1830,1830,3800
7/19/2021,SHIP,645,650,620,630,742000
7/19/2021,SIDO,765,770,755,760,4857000
7/19/2021,SILO,10525,10825,10100,10400,622100
7/19/2021,SIMA,50,50,50,50,0
7/19/2021,SIMP,424,432,424,428,4286900
7/19/2021,SINI,330,330,290,290,15300
7/19/2021,SINI-W,216,216,124,134,16400
7/19/2021,SIPD,1400,1400,1400,1400,17500
7/19/2021,SKBM,320,338,320,324,19200
7/19/2021,SKLT,2140,2350,2010,2140,22900
7/19/2021,SKRN,685,690,650,655,106100
7/19/2021,SKYB,51,51,51,51,0
7/19/2021,SLIS,11425,13700,11425,11600,18100
7/19/2021,SMAR,3990,3990,3980,3980,900
7/19/2021,SMBR,580,585,560,570,1565300
7/19/2021,SMCB,1740,1745,1715,1730,141400
7/19/2021,SMDM,124,130,120,124,45100
7/19/2021,SMDR,650,665,625,650,6762100
7/19/2021,SMGR,8825,8825,8550,8600,1849700
7/19/2021,SMKL,248,248,230,234,1182800
7/19/2021,SMKL-W,24,25,22,25,388100
7/19/2021,SMMA,10550,10800,10500,10800,2200
7/19/2021,SMMT,122,126,112,120,6716300
7/19/2021,SMRA,790,790,750,755,14925500
7/19/2021,SMRU,50,50,50,50,0
7/19/2021,SMSM,1345,1355,1330,1330,203300
7/19/2021,SNLK,1100,1100,1045,1055,9465500
7/19/2021,SOCI,186,188,182,182,5885500
7/19/2021,SOFA,216,216,210,214,2457600
7/19/2021,SOHO,5050,5100,5050,5100,7000
7/19/2021,SONA,5425,5425,5425,5425,0
7/19/2021,SOSS,408,408,386,386,3700
7/19/2021,SOSS-W,36,40,36,36,146300
7/19/2021,SOTS,535,555,525,550,1178600
7/19/2021,SOTS-W,65,65,65,65,1400
7/19/2021,SPMA,314,322,310,314,595500
7/19/2021,SPTO,510,520,480,490,967700
7/19/2021,SQMI,192,204,190,196,226800
7/19/2021,SRAJ,368,404,366,378,14553000
7/19/2021,SRIL,146,146,146,146,0
7/19/2021,SRSN,56,61,56,59,17326600
7/19/2021,SRTG,1850,1865,1800,1810,8051900
7/19/2021,SSIA,472,478,464,466,4445300
7/19/2021,SSMS,830,885,830,865,10715400
7/19/2021,SSTM,550,600,545,595,41900
7/19/2021,STAR,103,105,103,105,154800
7/19/2021,STTP,8150,8150,8000,8000,600
7/19/2021,SUGI,50,50,50,50,0
7/19/2021,SULI,50,50,50,50,100
7/19/2021,SUPR,8000,8000,8000,8000,0
7/19/2021,SURE,2000,2000,1975,1975,900
7/19/2021,SWAT,75,76,73,75,1417900
7/19/2021,TALF,270,334,270,334,182900
7/19/2021,TAMA,53,53,50,50,1159200
7/19/2021,TAMA-W,11,12,10,11,206000
7/19/2021,TAMU,50,50,50,50,22000
7/19/2021,TAPG,700,705,690,695,40948200
7/19/2021,TARA,50,50,50,50,10500
7/19/2021,TAXI,50,50,50,50,100
7/19/2021,TBIG,3270,3270,3200,3200,15133400
7/19/2021,TBLA,800,810,790,805,1360400
7/19/2021,TBMS,1660,1660,1655,1655,200
7/19/2021,TCID,5650,5700,5625,5700,8700
7/19/2021,TCPI,8725,8750,8500,8650,7056700
7/19/2021,TDPM,119,119,119,119,0
7/19/2021,TEBE,380,428,374,386,412400
7/19/2021,TECH,3240,3240,3040,3040,258600
7/19/2021,TELE,121,121,121,121,0
7/19/2021,TFAS,4200,4640,4170,4480,3701500
7/19/2021,TFCO,650,650,650,650,7600
7/19/2021,TGKA,7425,7900,7250,7300,5600
7/19/2021,TGRA,90,92,87,87,14702500
7/19/2021,TIFA,925,970,920,970,2400
7/19/2021,TINS,1720,1735,1685,1695,38884600
7/19/2021,TIRA,550,620,550,605,605200
7/19/2021,TIRT,50,50,50,50,22000
7/19/2021,TKIM,7250,7650,7150,7500,5379600
7/19/2021,TLKM,3160,3230,3150,3220,116219500
7/19/2021,TMAS,288,316,266,298,52704100
7/19/2021,TMPO,144,144,137,142,1200
7/19/2021,TNCA,342,350,338,342,199600
7/19/2021,TOBA,488,488,482,488,12200
7/19/2021,TOPS,50,50,50,50,22900
7/19/2021,TOTL,296,296,292,292,396100
7/19/2021,TOTO,202,204,198,200,982600
7/19/2021,TOWR,1355,1365,1340,1350,37682000
7/19/2021,TOYS,68,74,68,72,5141400
7/19/2021,TOYS-W,15,15,14,15,889900
7/19/2021,TPIA,9550,9550,9000,9100,5554500
7/19/2021,TPMA,710,710,710,710,0
7/19/2021,TRAM,50,50,50,50,0
7/19/2021,TRIL,50,50,50,50,0
7/19/2021,TRIM,113,115,109,109,40600
7/19/2021,TRIN,131,137,131,135,1151600
7/19/2021,TRIN-W,19,21,18,21,2454900
7/19/2021,TRIO,426,426,426,426,0
7/19/2021,TRIS,114,118,112,114,50700
7/19/2021,TRIS-W,6,6,6,6,0
7/19/2021,TRJA,184,184,178,183,961700
7/19/2021,TRST,480,480,480,480,2000
7/19/2021,TRUE,474,590,474,590,15880900
7/19/2021,TRUE-W,16,46,15,39,3910597000
7/19/2021,TRUK,91,91,88,88,3374300
7/19/2021,TRUS,324,336,318,334,16500
7/19/2021,TSPC,1505,1520,1490,1500,1598800
7/19/2021,TUGU,1495,1495,1475,1475,59100
7/19/2021,TURI,1140,1140,1140,1140,77700
7/19/2021,UANG,510,510,500,505,900
7/19/2021,UCID,1545,1575,1545,1555,1200
7/19/2021,UFOE,1390,1450,1350,1350,286600
7/19/2021,ULTJ,1525,1530,1520,1525,1368600
7/19/2021,UNIC,8500,8500,8475,8475,2700
7/19/2021,UNIQ,96,98,95,95,1057300
7/19/2021,UNIT,316,316,316,316,0
7/19/2021,UNSP,108,110,107,109,145400
7/19/2021,UNTR,19300,19550,19000,19100,1536600
7/19/2021,UNVR,5100,5125,5025,5075,7018000
7/19/2021,URBN,605,605,555,580,9600
7/19/2021,URBN-W,52,54,48,53,499700
7/19/2021,VICI,364,384,364,384,5478000
7/19/2021,VICO,116,118,110,111,2228800
7/19/2021,VINS,95,98,95,97,671800
7/19/2021,VIVA,53,53,52,52,7956700
7/19/2021,VOKS,183,184,181,183,1400
7/19/2021,VRNA,138,138,132,132,739500
7/19/2021,WAPO,103,110,101,105,341400
7/19/2021,WEGE,174,176,173,175,2595600
7/19/2021,WEHA,69,70,67,68,991900
7/19/2021,WICO,434,434,408,428,49600
7/19/2021,WIFI,945,960,910,910,5636200
7/19/2021,WIFI-W,272,356,272,344,3600
7/19/2021,WIIM,600,600,585,590,8765900
7/19/2021,WIKA,980,990,975,985,6515200
7/19/2021,WINS,118,119,113,116,4013600
7/19/2021,WMUU,166,166,161,162,11554100
7/19/2021,WOMF,240,240,236,236,136500
7/19/2021,WOOD,720,725,690,695,18847000
7/19/2021,WOWS,50,50,50,50,33400
7/19/2021,WSBP,138,139,131,132,74369100
7/19/2021,WSKT,870,875,850,855,9231000
7/19/2021,WTON,236,236,230,236,5129300
7/19/2021,XAFA,1055,1055,1055,1055,0
7/19/2021,XAQA,834,834,834,834,0
7/19/2021,XBES,840,840,840,840,0
7/19/2021,XBID,470,470,470,470,100
7/19/2021,XBIN,435,435,435,435,0
7/19/2021,XBLQ,430,430,430,430,0
7/19/2021,XBNI,920,920,903,903,300
7/19/2021,XBSK,334,334,334,334,0
7/19/2021,XCID,84,84,84,84,6900
7/19/2021,XCIS,105,105,105,105,0
7/19/2021,XCLQ,89,89,88,89,3000
7/19/2021,XDIF,421,421,421,421,0
7/19/2021,XDSG,860,870,860,870,400
7/19/2021,XIFE,90,90,89,90,1700
7/19/2021,XIHD,424,425,420,420,65600
7/19/2021,XIIC,900,900,900,900,100
7/19/2021,XIID,463,463,446,446,6500
7/19/2021,XIIF,467,476,467,476,2000
7/19/2021,XIIT,472,475,471,473,4000
7/19/2021,XIJI,575,578,570,575,18100
7/19/2021,XILV,103,103,102,102,900
7/19/2021,XIML,229,229,229,229,0
7/19/2021,XIPI,158,159,158,159,300
7/19/2021,XISB,398,398,398,398,0
7/19/2021,XISC,640,640,640,640,16600
7/19/2021,XISI,304,304,304,304,400
7/19/2021,XISR,330,335,330,334,6800
7/19/2021,XKIV,450,450,450,450,0
7/19/2021,XKMS,937,947,936,947,35400
7/19/2021,XMIG,158,158,158,158,0
7/19/2021,XMJM,1001,1001,1001,1001,0
7/19/2021,XMTS,408,408,408,408,100
7/19/2021,XNVE,127,127,127,127,78000
7/19/2021,XPCR,817,817,817,817,0
7/19/2021,XPDV,403,403,403,403,0
7/19/2021,XPES,355,355,348,348,6500
7/19/2021,XPFT,481,481,481,481,0
7/19/2021,XPID,462,466,462,466,400
7/19/2021,XPLC,406,406,406,406,0
7/19/2021,XPLQ,448,448,448,448,0
7/19/2021,XPMI,825,825,825,825,0
7/19/2021,XPSG,344,344,344,344,0
7/19/2021,XPTD,466,466,466,466,0
7/19/2021,XSBC,94,94,94,94,700
7/19/2021,XSMU,123,123,122,122,600
7/19/2021,XSPI,750,750,750,750,0
7/19/2021,XSRI,162,162,162,162,0
7/19/2021,XSSI,78,78,77,78,13600
7/19/2021,XSSK,560,560,560,560,0
7/19/2021,YELO,148,158,141,144,141212900
7/19/2021,YELO-W,33,42,31,34,42967600
7/19/2021,YPAS,470,470,470,470,800
7/19/2021,YULE,418,418,416,416,2000
7/19/2021,ZBRA,935,935,900,900,1193000
7/19/2021,ZINC,139,140,135,138,495545300
7/19/2021,ZONE,406,406,400,404,188600
7/19/2021,ZYRX,540,555,515,550,15393800
7/19/2021,ZYRX-W,85,91,85,89,1355200
