<date>,<ticker>,<open>,<high>,<low>,<close>,<volume>
5/10/2021,IHSG,5942.106,5985.372,5941.927,5975.787,132806860
5/10/2021,AALI,9800,10500,9775,10450,8025300
5/10/2021,ABBA,224,244,220,236,73540300
5/10/2021,ABDA,7025,7025,7025,7025,0
5/10/2021,ABMM,780,790,780,780,56300
5/10/2021,ACES,1480,1480,1455,1475,5610700
5/10/2021,ACST,280,284,268,272,23833100
5/10/2021,ADES,1685,1685,1665,1670,30400
5/10/2021,ADHI,1165,1200,1160,1185,10447000
5/10/2021,ADMF,8075,8075,8050,8075,28300
5/10/2021,ADMG,167,170,166,166,475200
5/10/2021,ADRO,1195,1210,1190,1195,45753000
5/10/2021,AGAR,426,426,402,410,10300
5/10/2021,AGII,1095,1130,1095,1105,3971600
5/10/2021,AGRO,910,925,905,915,19014700
5/10/2021,AGRS,600,680,570,625,17208100
5/10/2021,AHAP,71,73,70,70,2600100
5/10/2021,AIMS,494,498,460,478,694200
5/10/2021,AISA,274,280,274,276,7940600
5/10/2021,AKKU,50,50,50,50,3800
5/10/2021,AKPI,605,605,550,595,54100
5/10/2021,AKRA,3250,3310,3230,3290,6474500
5/10/2021,AKSI,780,785,750,760,14000
5/10/2021,ALDO,875,905,820,890,19230500
5/10/2021,ALKA,250,250,240,242,9700
5/10/2021,ALMI,236,240,222,240,2800
5/10/2021,ALTO,316,346,316,346,173600
5/10/2021,AMAG,282,298,270,296,552300
5/10/2021,AMAN,288,288,286,288,1405000
5/10/2021,AMAR,270,278,270,276,2201100
5/10/2021,AMFG,3830,4250,3810,4200,113000
5/10/2021,AMIN,190,196,190,196,6100
5/10/2021,AMOR,4010,4290,4000,4180,3676400
5/10/2021,AMRT,935,945,905,915,7147500
5/10/2021,ANDI,50,50,50,50,554500
5/10/2021,ANJT,740,830,730,745,137500
5/10/2021,ANTM,2640,2700,2620,2680,157887500
5/10/2021,APEX,980,1170,900,910,4124900
5/10/2021,APIC,715,735,710,725,10117200
5/10/2021,APII,191,193,184,185,651200
5/10/2021,APLI,210,214,198,198,257300
5/10/2021,APLN,157,159,156,157,14749400
5/10/2021,ARGO,1900,1900,1900,1900,100
5/10/2021,ARII,170,177,168,170,34700
5/10/2021,ARKA,50,50,50,50,121100
5/10/2021,ARMY,50,50,50,50,0
5/10/2021,ARNA,710,730,705,720,893600
5/10/2021,ARTA,284,284,276,276,700
5/10/2021,ARTI,50,50,50,50,9800
5/10/2021,ARTO,10100,10575,10075,10500,25279100
5/10/2021,ASBI,284,284,282,284,4800
5/10/2021,ASDM,910,910,910,910,1400
5/10/2021,ASGR,765,775,760,775,144400
5/10/2021,ASII,5350,5425,5350,5375,25429700
5/10/2021,ASJT,230,232,228,232,57800
5/10/2021,ASMI,765,765,720,750,12500
5/10/2021,ASPI,54,55,53,54,1427300
5/10/2021,ASPI-W,17,17,16,17,841700
5/10/2021,ASRI,191,196,191,194,20453700
5/10/2021,ASRM,1580,1580,1570,1570,1700
5/10/2021,ASSA,2030,2120,2010,2110,18113000
5/10/2021,ATAP,113,151,112,151,6688000
5/10/2021,ATIC,700,710,700,710,3000
5/10/2021,AUTO,1165,1180,1160,1180,700800
5/10/2021,AYLS,95,96,88,90,14190400
5/10/2021,BABP,91,93,88,90,94278300
5/10/2021,BABP-W3,30,81,30,75,324200
5/10/2021,BABP-W4,51,52,50,50,2544000
5/10/2021,BACA,428,434,420,428,12317000
5/10/2021,BACA-W2,220,350,220,350,500
5/10/2021,BAJA,366,420,348,348,111380100
5/10/2021,BALI,620,625,605,620,41600
5/10/2021,BANK,3370,3390,3330,3340,27075400
5/10/2021,BANK-W,2900,2950,2810,2830,16100
5/10/2021,BAPA,50,50,50,50,1400
5/10/2021,BAPI,50,50,50,50,25000
5/10/2021,BAPI-W,7,7,6,6,33591400
5/10/2021,BATA,690,690,690,690,100
5/10/2021,BAYU,1070,1070,1060,1060,1300
5/10/2021,BBCA,32000,32100,31975,32100,13636100
5/10/2021,BBHI,1305,1340,1280,1285,1518100
5/10/2021,BBKP,456,464,452,456,50179700
5/10/2021,BBLD,490,490,480,490,20500
5/10/2021,BBMD,1330,1380,1330,1350,16200
5/10/2021,BBNI,5600,5650,5550,5575,14191000
5/10/2021,BBRI,4050,4090,4050,4050,73978500
5/10/2021,BBRM,50,50,50,50,1100
5/10/2021,BBSI,2690,2790,2530,2680,132400
5/10/2021,BBSS,59,60,56,57,5638700
5/10/2021,BBTN,1620,1650,1620,1640,31278100
5/10/2021,BBYB,456,456,442,450,7100900
5/10/2021,BCAP,106,108,105,107,29439800
5/10/2021,BCIC,700,700,700,700,0
5/10/2021,BCIP,66,66,63,64,11609400
5/10/2021,BDMN,2550,2590,2540,2570,1437100
5/10/2021,BEBS,396,406,382,382,519600
5/10/2021,BEEF,120,122,119,121,3707900
5/10/2021,BEKS,88,89,85,85,174937100
5/10/2021,BELL,131,132,128,129,4547700
5/10/2021,BESS,298,298,292,292,27400
5/10/2021,BESS-W,189,210,139,187,800
5/10/2021,BEST,152,153,150,151,8606600
5/10/2021,BFIN,655,670,650,665,17078900
5/10/2021,BGTG,112,125,112,120,91487100
5/10/2021,BHAT,585,600,580,580,167249400
5/10/2021,BHIT,52,53,52,53,44934800
5/10/2021,BIKA,159,159,154,154,21300
5/10/2021,BIMA,70,72,67,68,4126400
5/10/2021,BINA,2050,2050,1980,1995,1220000
5/10/2021,BIPI,50,50,50,50,109600
5/10/2021,BIPI-W,10,11,10,10,600400
5/10/2021,BIPP,56,58,55,56,2216800
5/10/2021,BIRD,1280,1300,1275,1295,407300
5/10/2021,BISI,1155,1155,1135,1135,238100
5/10/2021,BJBR,1410,1415,1405,1410,3268200
5/10/2021,BJTM,805,820,805,815,33357600
5/10/2021,BKDP,50,51,50,51,867900
5/10/2021,BKSL,73,75,72,74,197061900
5/10/2021,BKSW,161,164,156,158,5036000
5/10/2021,BLTA,50,50,50,50,13400
5/10/2021,BLTZ,3990,3990,3850,3850,600
5/10/2021,BLUE,655,660,650,660,98700
5/10/2021,BMAS,1810,1900,1690,1850,944800
5/10/2021,BMRI,6025,6025,5950,5975,17740700
5/10/2021,BMSR,153,188,147,162,24344900
5/10/2021,BMTR,268,270,266,268,12917900
5/10/2021,BNBA,745,805,745,790,2000800
5/10/2021,BNBR,50,50,50,50,109400
5/10/2021,BNGA,995,1000,990,995,1354600
5/10/2021,BNII,384,384,376,380,1974800
5/10/2021,BNLI,2180,2180,2140,2170,117100
5/10/2021,BOGA,1345,1390,1340,1370,87582900
5/10/2021,BOLA,260,260,240,248,142800
5/10/2021,BOLT,710,800,705,750,18600
5/10/2021,BOSS,90,95,90,92,6909400
5/10/2021,BPFI,1050,1050,1050,1050,7500
5/10/2021,BPII,7300,7300,7300,7300,0
5/10/2021,BPTR,99,101,97,101,80000
5/10/2021,BRAM,4850,4900,4850,4900,200
5/10/2021,BRIS,2310,2360,2280,2280,23936100
5/10/2021,BRMS,108,109,105,106,343715000
5/10/2021,BRMS-W,40,42,38,40,210484300
5/10/2021,BRNA,1345,1365,1255,1295,1400
5/10/2021,BRPT,950,950,920,925,40216400
5/10/2021,BRPT-W,412,855,412,650,16300
5/10/2021,BSDE,1175,1205,1175,1200,8045300
5/10/2021,BSIM,630,630,590,620,92800
5/10/2021,BSIM-W3,10,10,10,10,0
5/10/2021,BSSR,1750,1960,1750,1960,296200
5/10/2021,BSWD,1750,1750,1750,1750,0
5/10/2021,BTEK,50,50,50,50,4500
5/10/2021,BTEL,50,50,50,50,0
5/10/2021,BTON,374,378,346,352,441000
5/10/2021,BTPN,2800,2900,2800,2840,68900
5/10/2021,BTPS,3270,3270,3220,3220,873000
5/10/2021,BUDI,183,212,175,193,120455800
5/10/2021,BUKK,1065,1080,1050,1080,20300
5/10/2021,BULL,320,322,306,308,330955900
5/10/2021,BULL-W2,111,115,100,108,943700
5/10/2021,BUMI,64,64,61,62,237034300
5/10/2021,BUVA,71,73,70,71,1604700
5/10/2021,BVIC,167,177,163,168,35772800
5/10/2021,BWPT,117,125,117,124,330857900
5/10/2021,BYAN,14275,14325,14100,14325,21000
5/10/2021,CAKK,76,77,75,75,4044800
5/10/2021,CAMP,234,262,234,262,23593900
5/10/2021,CANI,186,186,180,180,13100
5/10/2021,CARE,316,316,306,316,280425700
5/10/2021,CARS,50,50,50,50,18000
5/10/2021,CASA,380,380,378,378,900
5/10/2021,CASA-W,348,348,348,348,0
5/10/2021,CASH,312,316,302,302,3502900
5/10/2021,CASS,400,400,398,400,907500
5/10/2021,CBMF,140,140,140,140,0
5/10/2021,CCSI,292,292,284,286,1721100
5/10/2021,CEKA,1870,1910,1865,1885,79900
5/10/2021,CENT,248,254,240,248,27191500
5/10/2021,CFIN,300,302,298,300,6045100
5/10/2021,CINT,220,222,214,220,31500
5/10/2021,CITA,2650,2800,2650,2800,1100
5/10/2021,CITY,200,200,191,191,138300
5/10/2021,CITY-W,52,63,52,62,77100
5/10/2021,CLAY,940,940,940,940,200
5/10/2021,CLEO,454,458,452,454,3033900
5/10/2021,CLPI,865,870,860,865,39600
5/10/2021,CMNP,1970,1995,1945,1975,294200
5/10/2021,CMNP-W,920,955,910,945,59600
5/10/2021,CMPP,184,184,184,184,0
5/10/2021,CNKO,50,50,50,50,0
5/10/2021,CNTB,250,250,250,250,0
5/10/2021,CNTX,191,196,191,194,11100
5/10/2021,COCO,270,296,246,254,2840400
5/10/2021,COCO-W,240,240,240,240,100
5/10/2021,COWL,50,50,50,50,0
5/10/2021,CPIN,6600,6725,6550,6600,4132000
5/10/2021,CPRI,50,50,50,50,0
5/10/2021,CPRI-W,15,15,15,15,147300
5/10/2021,CPRO,50,50,50,50,700
5/10/2021,CSAP,368,390,360,386,113000
5/10/2021,CSIS,84,92,83,88,16704300
5/10/2021,CSMI,2100,2100,2100,2100,200
5/10/2021,CSRA,290,312,290,304,939100
5/10/2021,CTBN,2700,3400,2700,3280,3500
5/10/2021,CTRA,1125,1165,1120,1160,13728400
5/10/2021,CTTH,70,70,66,67,7003900
5/10/2021,DADA,50,54,50,51,217900400
5/10/2021,DADA-W,10,14,9,12,525707000
5/10/2021,DART,214,214,200,200,44600
5/10/2021,DAYA,242,268,226,256,70300
5/10/2021,DCII,11825,11825,11825,11825,200
5/10/2021,DEAL,104,105,98,100,26002700
5/10/2021,DEAL-W,51,53,46,53,102400
5/10/2021,DEFI,1630,1635,1630,1635,6100
5/10/2021,DEWA,50,50,50,50,247100
5/10/2021,DFAM,164,164,155,159,66900
5/10/2021,DGIK,74,78,74,77,64925900
5/10/2021,DGNS,675,690,655,665,24580600
5/10/2021,DIGI,450,454,430,432,92300
5/10/2021,DILD,185,187,184,185,3143300
5/10/2021,DIVA,3200,3200,3110,3190,13600
5/10/2021,DKFT,170,172,167,169,21166000
5/10/2021,DLTA,3820,3830,3810,3820,212400
5/10/2021,DMAS,232,232,224,228,58601200
5/10/2021,DMMX,775,775,725,760,32019900
5/10/2021,DMND,900,920,900,920,5200
5/10/2021,DNAR,200,206,198,204,1575500
5/10/2021,DNET,3350,3380,3350,3380,4500
5/10/2021,DOID,372,376,366,366,42255000
5/10/2021,DPNS,272,276,270,274,36900
5/10/2021,DPUM,50,50,50,50,3300
5/10/2021,DSFI,72,72,70,71,1253000
5/10/2021,DSNG,580,600,580,585,32501800
5/10/2021,DSSA,12500,12500,12500,12500,0
5/10/2021,DUCK,208,212,199,204,23421400
5/10/2021,DUTI,3600,3600,3600,3600,100
5/10/2021,DVLA,2360,2380,2340,2350,5700
5/10/2021,DWGL,187,187,177,183,329600
5/10/2021,DWGL-W,39,40,37,39,258500
5/10/2021,DYAN,87,88,82,83,5995800
5/10/2021,EAST,74,76,72,73,1327400
5/10/2021,EAST-W,10,11,10,10,5187600
5/10/2021,ECII,1025,1050,1025,1050,21800
5/10/2021,EDGE,11700,11700,11400,11675,9400
5/10/2021,EKAD,1300,1300,1290,1300,232600
5/10/2021,ELSA,342,348,342,344,27255400
5/10/2021,ELTY,50,50,50,50,300
5/10/2021,EMDE,193,193,193,193,0
5/10/2021,EMTK,2260,2280,2230,2260,18997300
5/10/2021,ENRG,110,112,109,109,16840800
5/10/2021,ENVY,50,50,50,50,0
5/10/2021,ENZO,50,51,50,50,8811900
5/10/2021,ENZO-W,17,18,16,18,3213200
5/10/2021,EPAC,51,51,50,50,5373700
5/10/2021,EPMT,2310,2320,2300,2310,155800
5/10/2021,ERAA,595,615,590,605,75378900
5/10/2021,ERTX,202,210,194,200,604700
5/10/2021,ESIP,72,74,72,72,1758300
5/10/2021,ESIP-W,13,14,12,14,2499200
5/10/2021,ESSA,338,346,332,340,24347400
5/10/2021,ESTA,112,135,98,101,10047800
5/10/2021,ESTI,106,107,105,107,1592300
5/10/2021,ETWA,62,62,62,62,0
5/10/2021,EXCL,2030,2050,2030,2030,5405300
5/10/2021,FAPA,2620,2630,2620,2630,9100
5/10/2021,FAST,1005,1010,1005,1005,900
5/10/2021,FASW,7600,7600,7600,7600,0
5/10/2021,FILM,498,500,470,482,46556600
5/10/2021,FIMP,62,62,54,55,9094300
5/10/2021,FIMP-W,18,19,17,18,1371000
5/10/2021,FIRE,510,520,505,515,1437700
5/10/2021,FISH,3560,3560,3560,3560,100
5/10/2021,FITT,129,142,123,127,2557400
5/10/2021,FITT-W,53,56,51,53,1169500
5/10/2021,FMII,520,600,520,600,600
5/10/2021,FOOD,118,120,116,116,2739900
5/10/2021,FORU,197,197,184,186,443300
5/10/2021,FORZ,50,50,50,50,1800
5/10/2021,FPNI,232,272,232,248,46647100
5/10/2021,FREN,83,84,82,83,299221100
5/10/2021,FREN-W,34,35,32,33,3388300
5/10/2021,FREN-W2,41,41,38,40,130328300
5/10/2021,FUJI,186,189,175,180,264700
5/10/2021,GAMA,50,50,50,50,0
5/10/2021,GDST,132,132,121,121,90085900
5/10/2021,GDYR,1500,1505,1490,1495,6100
5/10/2021,GEMA,342,342,340,340,10100
5/10/2021,GEMS,3900,3900,3730,3840,109300
5/10/2021,GGRM,35100,35175,35025,35175,871500
5/10/2021,GGRP,390,390,370,370,31400
5/10/2021,GHON,1975,1990,1925,1990,7600
5/10/2021,GIAA,320,322,312,320,7455900
5/10/2021,GJTL,910,910,885,895,5182500
5/10/2021,GLOB,260,276,260,272,22300
5/10/2021,GLVA,320,330,308,318,24700
5/10/2021,GMFI,117,118,114,115,5650800
5/10/2021,GMTD,16725,16725,16725,16725,0
5/10/2021,GOLD,290,290,280,280,36400
5/10/2021,GOLL,50,50,50,50,0
5/10/2021,GOOD,1640,1660,1625,1655,1724000
5/10/2021,GPRA,66,67,65,66,989600
5/10/2021,GSMF,130,130,124,125,23100
5/10/2021,GTBO,75,75,75,75,0
5/10/2021,GWSA,117,122,117,121,1368200
5/10/2021,GZCO,50,50,50,50,28500
5/10/2021,HADE,50,50,50,50,1800
5/10/2021,HDFA,107,115,107,115,400
5/10/2021,HDIT,150,159,150,155,1986200
5/10/2021,HDTX,120,120,120,120,0
5/10/2021,HEAL,4520,4560,4510,4550,1000400
5/10/2021,HELI,380,380,368,370,10600
5/10/2021,HERO,915,945,910,940,15500
5/10/2021,HEXA,3490,3530,3470,3500,387800
5/10/2021,HITS,432,448,420,448,43700
5/10/2021,HKMU,89,99,83,83,143044400
5/10/2021,HMSP,1300,1305,1290,1295,25797500
5/10/2021,HOKI,242,246,236,238,24504400
5/10/2021,HOME,50,50,50,50,0
5/10/2021,HOMI,2320,2400,2320,2390,993600
5/10/2021,HOTL,50,50,50,50,1200
5/10/2021,HRME,57,57,55,56,8113100
5/10/2021,HRTA,204,212,204,204,9345300
5/10/2021,HRUM,5150,5500,5150,5450,9509800
5/10/2021,IATA,50,50,50,50,800
5/10/2021,IBFN,176,179,175,179,14700
5/10/2021,IBFN-W,19,20,19,20,30100
5/10/2021,IBST,5800,5800,5800,5800,700
5/10/2021,ICBP,8450,8600,8425,8600,3839900
5/10/2021,ICON,120,122,112,115,10573000
5/10/2021,IDPR,218,218,218,218,100
5/10/2021,IFII,142,146,141,143,104600
5/10/2021,IFSH,1145,1170,1075,1075,39400
5/10/2021,IGAR,352,370,352,362,1207800
5/10/2021,IIKP,50,50,50,50,0
5/10/2021,IKAI,50,50,50,50,24300
5/10/2021,IKAN,116,116,107,116,22573400
5/10/2021,IKBI,238,246,238,238,3000
5/10/2021,IMAS,1050,1065,1045,1055,726600
5/10/2021,IMJS,348,354,346,348,3221800
5/10/2021,IMPC,1705,1710,1685,1700,1645700
5/10/2021,INAF,2260,2290,2200,2240,506700
5/10/2021,INAI,344,344,342,342,22700
5/10/2021,INCF,97,124,97,107,25454500
5/10/2021,INCI,1045,1045,1010,1030,58000
5/10/2021,INCO,5150,5500,5150,5475,51678500
5/10/2021,INDF,6525,6650,6525,6575,7849700
5/10/2021,INDO,172,185,168,185,4641200
5/10/2021,INDO-W,77,84,72,82,508900
5/10/2021,INDR,4600,4600,4600,4600,212800
5/10/2021,INDS,1845,1930,1835,1915,43100
5/10/2021,INDX,136,136,127,127,5461600
5/10/2021,INDY,1465,1470,1440,1450,8744000
5/10/2021,INKP,9275,10250,9250,10100,19074600
5/10/2021,INOV,190,190,177,186,240300
5/10/2021,INPC,154,156,146,146,6147000
5/10/2021,INPC-W,45,46,41,43,16438400
5/10/2021,INPP,745,785,745,785,500
5/10/2021,INPS,1280,1320,1275,1280,78000
5/10/2021,INRU,860,860,860,860,100
5/10/2021,INTA,163,163,158,163,17300
5/10/2021,INTD,210,210,210,210,109700
5/10/2021,INTP,12475,12525,12200,12450,1161900
5/10/2021,IPCC,525,540,525,535,1961400
5/10/2021,IPCM,282,286,278,284,1217300
5/10/2021,IPOL,171,172,167,169,1777700
5/10/2021,IPTV,238,240,236,240,16129800
5/10/2021,IPTV-W,26,28,26,28,956100
5/10/2021,IRRA,1650,1680,1645,1655,3207200
5/10/2021,ISAT,6225,6225,6100,6125,1568800
5/10/2021,ISSP,244,250,232,240,38908600
5/10/2021,ITIC,494,500,490,496,1197600
5/10/2021,ITMA,545,545,510,525,67300
5/10/2021,ITMA-W,79,79,79,79,100
5/10/2021,ITMG,12250,12400,12150,12350,1687100
5/10/2021,JAST,147,155,140,142,26798300
5/10/2021,JAWA,90,90,90,90,2400
5/10/2021,JAYA,124,125,122,124,3714800
5/10/2021,JECC,5950,5950,5925,5950,300
5/10/2021,JGLE,50,50,50,50,0
5/10/2021,JIHD,440,440,440,440,0
5/10/2021,JKON,190,191,190,190,19100
5/10/2021,JKSW,60,60,60,60,0
5/10/2021,JMAS,185,185,168,174,29400
5/10/2021,JPFA,2100,2140,2060,2090,22198700
5/10/2021,JRPT,555,560,545,560,711800
5/10/2021,JSKY,119,133,118,125,23439500
5/10/2021,JSMR,4040,4080,4020,4080,1490600
5/10/2021,JSPT,820,820,820,820,0
5/10/2021,JTPE,1225,1230,1225,1225,130300
5/10/2021,KAEF,2680,2710,2660,2660,1023000
5/10/2021,KARW,125,125,114,115,7096300
5/10/2021,KAYU,76,82,76,76,37007500
5/10/2021,KBAG,50,50,50,50,4068200
5/10/2021,KBAG-W,8,8,7,8,24720300
5/10/2021,KBLI,322,332,320,332,644800
5/10/2021,KBLM,214,214,210,210,61500
5/10/2021,KBLV,400,400,400,400,10500
5/10/2021,KBRI,50,50,50,50,0
5/10/2021,KDSI,870,870,860,860,3700
5/10/2021,KEEN,352,364,350,362,744800
5/10/2021,KEJU,1330,1350,1320,1345,8000
5/10/2021,KIAS,50,50,50,50,1005100
5/10/2021,KICI,228,230,228,230,2500
5/10/2021,KIJA,198,208,198,208,66696900
5/10/2021,KINO,2400,2400,2360,2370,99900
5/10/2021,KIOS,860,1015,855,990,66428800
5/10/2021,KJEN,565,565,535,535,1500
5/10/2021,KKGI,280,280,270,274,88600
5/10/2021,KLBF,1465,1470,1450,1470,18464900
5/10/2021,KMDS,500,500,484,496,800
5/10/2021,KMTR,456,458,434,458,148300
5/10/2021,KOBX,187,189,175,175,10839200
5/10/2021,KOIN,186,190,173,176,550700
5/10/2021,KONI,3810,3830,2860,2860,72800
5/10/2021,KOPI,500,515,500,515,200
5/10/2021,KOTA,300,308,280,286,157559300
5/10/2021,KOTA-W,197,212,197,212,2900
5/10/2021,KPAL,50,50,50,50,2600
5/10/2021,KPAS,68,70,67,69,761400
5/10/2021,KPAS-W,17,19,17,18,1632800
5/10/2021,KPIG,105,106,104,106,11777000
5/10/2021,KRAH,436,436,436,436,0
5/10/2021,KRAS,645,650,640,640,16716100
5/10/2021,KREN,160,165,149,149,41503900
5/10/2021,LAND,117,130,113,116,12898200
5/10/2021,LAPD,50,50,50,50,0
5/10/2021,LCGP,114,114,114,114,0
5/10/2021,LCKM,268,268,252,254,1700
5/10/2021,LEAD,50,50,50,50,13200
5/10/2021,LFLO,108,108,100,101,1976800
5/10/2021,LFLO-W,12,12,11,11,4911400
5/10/2021,LIFE,5000,5050,5000,5050,3100
5/10/2021,LINK,4000,4020,3940,3990,1112900
5/10/2021,LION,346,370,346,360,6900
5/10/2021,LMAS,50,50,50,50,21000
5/10/2021,LMPI,137,145,134,136,118800
5/10/2021,LMSH,590,675,540,675,509000
5/10/2021,LPCK,1440,1470,1415,1450,1718600
5/10/2021,LPGI,3620,3620,3610,3620,1900
5/10/2021,LPIN,250,250,250,250,15500
5/10/2021,LPKR,208,210,200,204,47479900
5/10/2021,LPLI,157,165,153,157,315500
5/10/2021,LPPF,1705,1780,1705,1760,7258600
5/10/2021,LPPS,105,105,101,105,407900
5/10/2021,LRNA,193,193,191,192,32000
5/10/2021,LSIP,1360,1420,1355,1400,48317600
5/10/2021,LTLS,515,570,515,565,1341900
5/10/2021,LUCK,180,240,178,240,132407200
5/10/2021,LUCY,91,91,91,91,26746600
5/10/2021,LUCY-W,14,19,13,16,67048700
5/10/2021,MABA,50,50,50,50,0
5/10/2021,MAGP,50,50,50,50,4100
5/10/2021,MAIN,920,925,905,920,7000200
5/10/2021,MAMI,50,50,50,50,11200
5/10/2021,MAMI-W,7,9,7,8,8544800
5/10/2021,MAMIP,600,600,600,600,0
5/10/2021,MAPA,2400,2400,2350,2400,623300
5/10/2021,MAPB,1420,1420,1350,1350,1300
5/10/2021,MAPI,760,765,750,760,5590900
5/10/2021,MARI,258,280,248,270,163777400
5/10/2021,MARK,935,955,930,945,2949600
5/10/2021,MASA,1360,1360,1360,1360,0
5/10/2021,MAYA,1925,1945,1910,1915,393200
5/10/2021,MBAP,2890,2970,2890,2970,279100
5/10/2021,MBSS,474,478,466,466,1454200
5/10/2021,MBTO,107,148,107,148,2817700
5/10/2021,MCAS,5475,5475,5225,5475,338700
5/10/2021,MCOR,139,141,139,139,14612300
5/10/2021,MDIA,59,60,58,59,6900400
5/10/2021,MDKA,2730,2800,2700,2770,146783600
5/10/2021,MDKI,208,224,208,218,3641000
5/10/2021,MDLN,51,51,51,51,0
5/10/2021,MDRN,50,50,50,50,700
5/10/2021,MEDC,705,730,705,720,178640000
5/10/2021,MEGA,8300,8475,8300,8425,6600
5/10/2021,MERK,3310,3310,3240,3270,21900
5/10/2021,META,141,143,139,140,4120100
5/10/2021,MFIN,1120,1145,1120,1145,21100
5/10/2021,MFMI,695,760,675,700,247600
5/10/2021,MGNA,50,50,50,50,0
5/10/2021,MGRO,740,750,730,750,3507800
5/10/2021,MICE,338,370,330,358,1771600
5/10/2021,MIDI,2000,2000,1995,1995,1500
5/10/2021,MIKA,2660,2710,2640,2700,30921500
5/10/2021,MINA,71,72,69,70,3824000
5/10/2021,MIRA,50,50,50,50,31700
5/10/2021,MITI,63,63,63,63,0
5/10/2021,MKNT,50,50,50,50,43977000
5/10/2021,MKPI,25900,25900,25900,25900,100
5/10/2021,MLBI,8850,8925,8850,8900,45100
5/10/2021,MLIA,1035,1250,1035,1180,6877200
5/10/2021,MLPL,214,234,214,232,261188300
5/10/2021,MLPT,1925,1980,1925,1980,1698300
5/10/2021,MMLP,424,450,414,450,14890700
5/10/2021,MNCN,905,935,905,925,45560100
5/10/2021,MOLI,850,890,850,865,3200
5/10/2021,MPMX,725,745,710,745,14489800
5/10/2021,MPOW,138,138,130,130,10088400
5/10/2021,MPPA,785,875,785,870,168249400
5/10/2021,MPRO,655,655,590,620,3200
5/10/2021,MRAT,204,240,202,228,3182700
5/10/2021,MREI,4850,4850,4850,4850,0
5/10/2021,MSIN,153,154,152,153,1189300
5/10/2021,MSKY,670,670,670,670,5000
5/10/2021,MTDL,1680,1720,1680,1695,516900
5/10/2021,MTFN,50,50,50,50,0
5/10/2021,MTLA,426,426,424,424,4800
5/10/2021,MTPS,142,145,131,139,8195100
5/10/2021,MTRA,244,244,244,244,0
5/10/2021,MTSM,178,182,174,180,37800
5/10/2021,MTWI,137,155,132,144,37819100
5/10/2021,MYOH,1390,1405,1390,1400,158000
5/10/2021,MYOR,2580,2620,2540,2620,2453600
5/10/2021,MYRX,50,50,50,50,0
5/10/2021,MYRXP,50,50,50,50,0
5/10/2021,MYTX,120,125,114,114,3169900
5/10/2021,NASA,104,104,104,104,0
5/10/2021,NATO,545,585,545,560,241535100
5/10/2021,NATO-W,195,195,155,155,200
5/10/2021,NELY,185,210,184,194,4755300
5/10/2021,NFCX,2980,3390,2980,3050,2343700
5/10/2021,NICK,268,268,260,266,5500
5/10/2021,NIKL,1135,1140,1095,1110,1244300
5/10/2021,NIPS,282,282,282,282,0
5/10/2021,NIRO,145,151,141,151,5900
5/10/2021,NISP,800,810,800,805,317100
5/10/2021,NOBU,790,810,780,810,454600
5/10/2021,NPGF,114,128,107,110,131030200
5/10/2021,NRCA,324,328,324,326,312600
5/10/2021,NUSA,50,50,50,50,0
5/10/2021,NZIA,170,185,161,164,1350500
5/10/2021,OASA,246,258,246,246,202400
5/10/2021,OCAP,159,159,159,159,0
5/10/2021,OKAS,92,92,90,90,1477300
5/10/2021,OMRE,820,1000,765,840,11900
5/10/2021,OPMS,825,885,770,770,24722900
5/10/2021,PADI,50,50,50,50,3000
5/10/2021,PALM,336,370,336,366,5292700
5/10/2021,PAMG,84,85,83,84,30300
5/10/2021,PANI,115,115,110,113,26900
5/10/2021,PANR,142,143,139,143,625800
5/10/2021,PANS,1170,1185,1165,1180,195500
5/10/2021,PBID,1910,1920,1865,1920,1750700
5/10/2021,PBRX,163,167,162,163,3207600
5/10/2021,PBSA,492,525,484,484,300
5/10/2021,PCAR,248,280,248,260,162500
5/10/2021,PDES,310,312,306,310,36400
5/10/2021,PEGE,150,189,147,182,441800
5/10/2021,PEHA,1250,1260,1225,1235,102600
5/10/2021,PGAS,1235,1245,1230,1240,27144400
5/10/2021,PGJO,50,50,49,50,26500
5/10/2021,PGLI,220,220,206,208,161500
5/10/2021,PGUN,228,228,222,228,2100
5/10/2021,PICO,135,138,133,135,22400
5/10/2021,PJAA,550,550,525,540,167000
5/10/2021,PKPK,68,73,68,71,1832200
5/10/2021,PLAN,34,34,33,33,5654600
5/10/2021,PLAN-W,10,10,9,10,1862500
5/10/2021,PLAS,50,50,50,50,0
5/10/2021,PLIN,2450,2450,2450,2450,0
5/10/2021,PMJS,125,126,123,124,1036400
5/10/2021,PMMP,364,366,348,364,53507100
5/10/2021,PNBN,915,915,900,910,1470000
5/10/2021,PNBS,149,152,141,146,249823300
5/10/2021,PNGO,1425,1430,1425,1430,300
5/10/2021,PNIN,765,775,755,770,1112200
5/10/2021,PNLF,191,194,190,193,11475000
5/10/2021,PNSE,466,474,466,474,200
5/10/2021,POLA,168,170,157,159,796800
5/10/2021,POLA-W,78,84,66,79,78300
5/10/2021,POLI,1310,1360,1310,1360,7900
5/10/2021,POLL,2490,2580,2450,2520,4765600
5/10/2021,POLU,440,440,436,436,300
5/10/2021,POLY,62,62,60,60,1587600
5/10/2021,POOL,50,50,50,50,0
5/10/2021,PORT,436,436,436,436,100
5/10/2021,POSA,50,50,50,50,0
5/10/2021,POWR,690,695,680,690,5079400
5/10/2021,PPGL,67,68,65,65,12208500
5/10/2021,PPGL-W,12,13,11,11,1678800
5/10/2021,PPRE,200,204,200,200,15012800
5/10/2021,PPRO,83,85,81,82,181455100
5/10/2021,PRAS,148,149,137,137,2900
5/10/2021,PRDA,4400,4600,4400,4460,409100
5/10/2021,PRIM,189,198,185,190,1256200
5/10/2021,PRIM-W,7,7,7,7,0
5/10/2021,PSAB,204,216,202,210,159788700
5/10/2021,PSDN,168,170,157,166,571600
5/10/2021,PSGO,124,124,119,124,93700
5/10/2021,PSKT,50,50,50,50,800
5/10/2021,PSSI,242,250,240,248,1746100
5/10/2021,PTBA,2290,2300,2250,2280,18400000
5/10/2021,PTDU,1950,2180,1930,2000,522000
5/10/2021,PTIS,306,306,306,306,100
5/10/2021,PTPP,1265,1305,1240,1290,21853300
5/10/2021,PTPW,1210,1225,1205,1225,433300
5/10/2021,PTRO,2270,2300,2240,2270,3250200
5/10/2021,PTSN,200,202,199,200,833700
5/10/2021,PTSP,5600,5600,5600,5600,100
5/10/2021,PUDP,240,240,240,240,5800
5/10/2021,PURA,104,108,104,107,377987300
5/10/2021,PURA-W,24,26,23,24,2174200
5/10/2021,PURE,113,121,113,117,6145300
5/10/2021,PURI,374,374,374,374,200
5/10/2021,PWON,515,525,510,520,23057700
5/10/2021,PYFA,1005,1020,980,990,866200
5/10/2021,PZZA,720,720,700,705,1962500
5/10/2021,R-ABFII,28600,28600,28600,28600,0
5/10/2021,R-LQ45X,935,945,935,935,28500
5/10/2021,RAJA,238,252,238,248,31611500
5/10/2021,RALS,740,740,715,735,21246400
5/10/2021,RANC,510,535,498,530,21177900
5/10/2021,RBMS,52,56,52,53,8594500
5/10/2021,RDTX,7925,7925,7925,7925,0
5/10/2021,REAL,50,50,50,50,527300
5/10/2021,RELI,328,328,306,326,400
5/10/2021,RICY,112,118,105,107,628900
5/10/2021,RIGS,214,214,206,212,58900
5/10/2021,RIMO,50,50,50,50,0
5/10/2021,RISE,440,442,440,442,317200
5/10/2021,RMBA,300,300,284,296,3400
5/10/2021,ROCK,600,600,560,560,5000
5/10/2021,RODA,78,79,76,77,2642000
5/10/2021,RONY,150,150,150,150,600
5/10/2021,ROTI,1385,1405,1385,1390,569000
5/10/2021,RUIS,238,242,236,240,109900
5/10/2021,SAFE,181,198,181,186,58000
5/10/2021,SAME,575,615,560,570,112325300
5/10/2021,SAMF,875,1080,870,1065,93290700
5/10/2021,SAPX,1050,1110,1020,1055,321800
5/10/2021,SATU,56,56,53,53,1397000
5/10/2021,SBAT,51,51,50,51,62482600
5/10/2021,SBAT-W,10,10,9,10,3943200
5/10/2021,SCCO,11400,11400,11400,11400,100
5/10/2021,SCMA,1485,1485,1445,1465,16931900
5/10/2021,SCNP,248,248,244,246,710000
5/10/2021,SCPI,29000,29000,29000,29000,0
5/10/2021,SDMU,59,62,57,58,9181500
5/10/2021,SDPC,130,133,130,132,310200
5/10/2021,SDRA,690,700,680,700,19300
5/10/2021,SFAN,1300,1305,1300,1305,239400
5/10/2021,SGER,258,258,254,256,124900
5/10/2021,SGER-W,149,149,126,134,43800
5/10/2021,SGRO,1900,1930,1900,1925,144800
5/10/2021,SHID,2310,2310,2310,2310,0
5/10/2021,SHIP,660,670,660,670,1142400
5/10/2021,SIDO,775,780,770,775,7111300
5/10/2021,SILO,8350,8425,8300,8425,424100
5/10/2021,SIMA,50,50,50,50,0
5/10/2021,SIMP,565,595,565,585,26007400
5/10/2021,SINI,348,358,348,356,6400
5/10/2021,SINI-W,176,176,176,176,15500
5/10/2021,SIPD,1275,1275,1275,1275,2600
5/10/2021,SKBM,356,356,354,354,1000
5/10/2021,SKLT,2700,2700,2450,2510,5000
5/10/2021,SKRN,760,760,725,730,974700
5/10/2021,SKYB,51,51,51,51,0
5/10/2021,SLIS,9225,9275,9200,9250,5300
5/10/2021,SMAR,4510,4900,4510,4650,53700
5/10/2021,SMBR,775,795,770,785,6786700
5/10/2021,SMCB,1730,1755,1730,1740,159900
5/10/2021,SMDM,130,134,129,131,476900
5/10/2021,SMDR,458,500,450,500,26119100
5/10/2021,SMGR,9925,10075,9700,9950,3911300
5/10/2021,SMKL,210,210,202,202,578900
5/10/2021,SMKL-W,16,16,15,15,1520100
5/10/2021,SMMA,13000,13000,13000,13000,600
5/10/2021,SMMT,94,99,94,94,573900
5/10/2021,SMRA,925,970,925,960,23988900
5/10/2021,SMRU,50,50,50,50,0
5/10/2021,SMSM,1225,1250,1225,1240,393100
5/10/2021,SNLK,790,825,770,825,15161000
5/10/2021,SOCI,214,224,212,214,48919300
5/10/2021,SOFA,98,98,96,98,1500
5/10/2021,SOFA-W,6,8,6,7,17875200
5/10/2021,SOHO,5275,5350,5275,5325,102000
5/10/2021,SONA,5475,5475,5475,5475,0
5/10/2021,SOSS,414,414,380,390,123700
5/10/2021,SOSS-W,41,41,32,35,336700
5/10/2021,SOTS,500,505,476,476,4027800
5/10/2021,SOTS-W,67,77,60,77,1700
5/10/2021,SPMA,555,575,540,575,379400
5/10/2021,SPTO,472,476,468,470,5080600
5/10/2021,SQMI,308,310,304,304,759200
5/10/2021,SRAJ,165,168,161,168,56000
5/10/2021,SRIL,152,153,149,152,35484600
5/10/2021,SRSN,64,65,62,63,7187600
5/10/2021,SRTG,5675,5800,5650,5725,1914300
5/10/2021,SSIA,460,464,450,458,4487500
5/10/2021,SSMS,945,965,940,945,13893500
5/10/2021,SSTM,470,470,432,432,200
5/10/2021,STAR,100,101,99,101,200700
5/10/2021,STTP,6875,8325,6875,8325,5100
5/10/2021,SUGI,50,50,50,50,0
5/10/2021,SULI,50,52,50,50,17350900
5/10/2021,SUPR,6000,6000,6000,6000,100
5/10/2021,SURE,1970,1970,1970,1970,100
5/10/2021,SWAT,85,113,82,113,12230900
5/10/2021,TALF,298,300,298,300,1500
5/10/2021,TAMA,54,55,52,52,2092000
5/10/2021,TAMA-W,14,15,13,13,8534900
5/10/2021,TAMU,50,50,50,50,15000
5/10/2021,TAPG,775,800,755,795,169318400
5/10/2021,TARA,50,50,50,50,10800
5/10/2021,TAXI,50,50,50,50,0
5/10/2021,TBIG,2500,2670,2490,2590,79133300
5/10/2021,TBLA,900,915,895,915,3781000
5/10/2021,TBMS,1435,1575,1430,1550,41700
5/10/2021,TCID,6150,6150,6150,6150,1200
5/10/2021,TCPI,7125,7350,7000,7200,9440900
5/10/2021,TDPM,119,119,119,119,0
5/10/2021,TEBE,510,510,480,484,250300
5/10/2021,TECH,2380,2380,2380,2380,0
5/10/2021,TELE,121,121,121,121,0
5/10/2021,TFAS,2900,2900,2900,2900,0
5/10/2021,TFCO,464,464,464,464,0
5/10/2021,TGKA,8875,8875,8625,8875,1300
5/10/2021,TGRA,124,125,121,125,21426600
5/10/2021,TIFA,1140,1140,1120,1120,800
5/10/2021,TINS,1805,1855,1770,1825,98695500
5/10/2021,TIRA,270,270,260,270,1100
5/10/2021,TIRT,56,59,52,52,3111400
5/10/2021,TKIM,10200,11250,10150,11175,14312200
5/10/2021,TLKM,3190,3200,3160,3170,104121900
5/10/2021,TMAS,175,180,166,177,1398900
5/10/2021,TMPO,140,142,137,137,5900
5/10/2021,TNCA,356,368,348,354,484200
5/10/2021,TOBA,500,500,494,500,28500
5/10/2021,TOPS,50,50,50,50,199300
5/10/2021,TOTL,322,330,322,326,1650800
5/10/2021,TOTO,208,212,206,210,74000
5/10/2021,TOWR,1150,1200,1150,1195,74777400
5/10/2021,TOYS,181,188,169,169,39840300
5/10/2021,TOYS-W,17,18,16,17,7715700
5/10/2021,TPIA,9400,9400,9075,9100,1877000
5/10/2021,TPMA,1025,1025,1025,1025,0
5/10/2021,TRAM,50,50,50,50,0
5/10/2021,TRIL,50,50,50,50,0
5/10/2021,TRIM,138,142,135,142,440400
5/10/2021,TRIN,165,167,163,163,1654200
5/10/2021,TRIN-W,18,19,17,18,6099600
5/10/2021,TRIO,426,426,426,426,0
5/10/2021,TRIS,133,150,130,134,3849700
5/10/2021,TRIS-W,101,101,101,101,0
5/10/2021,TRJA,170,180,169,174,904300
5/10/2021,TRST,430,430,430,430,100200
5/10/2021,TRUK,107,115,107,107,14762400
5/10/2021,TRUS,312,312,292,296,900
5/10/2021,TSPC,1525,1555,1525,1545,1206700
5/10/2021,TUGU,1500,1600,1500,1530,140300
5/10/2021,TURI,1230,1230,1225,1225,60100
5/10/2021,UANG,486,486,462,486,27500
5/10/2021,UCID,1560,1580,1555,1575,149800
5/10/2021,UFOE,1010,1010,1010,1010,0
5/10/2021,ULTJ,1550,1550,1515,1525,1313000
5/10/2021,UNIC,7625,7625,7550,7550,300
5/10/2021,UNIQ,106,108,106,106,4403500
5/10/2021,UNIT,316,316,316,316,0
5/10/2021,UNSP,115,116,114,116,283600
5/10/2021,UNTR,22100,22100,21575,21750,2293700
5/10/2021,UNVR,5550,5875,5550,5700,42701900
5/10/2021,URBN,500,500,454,480,95700
5/10/2021,URBN-W,33,33,30,30,1623500
5/10/2021,VICI,356,358,354,356,3540200
5/10/2021,VICO,144,146,140,141,834200
5/10/2021,VINS,127,133,119,119,12327100
5/10/2021,VIVA,61,65,61,62,50796900
5/10/2021,VOKS,202,206,200,202,75600
5/10/2021,VRNA,150,152,140,144,1116500
5/10/2021,WAPO,122,138,113,113,16451900
5/10/2021,WEGE,202,204,202,202,3952600
5/10/2021,WEHA,78,83,78,80,3656400
5/10/2021,WICO,418,430,418,430,300
5/10/2021,WIFI,915,1005,905,985,50120500
5/10/2021,WIFI-W,194,350,170,296,2439500
5/10/2021,WIIM,735,760,720,750,14625500
5/10/2021,WIKA,1440,1480,1430,1465,9302100
5/10/2021,WINS,95,102,94,95,18155300
5/10/2021,WMUU,206,206,204,206,17384900
5/10/2021,WOMF,240,246,240,240,99700
5/10/2021,WOOD,800,805,780,790,19090800
5/10/2021,WOWS,54,57,52,54,274668700
5/10/2021,WSBP,195,200,193,196,31175800
5/10/2021,WSKT,1075,1120,1070,1105,29119600
5/10/2021,WTON,294,300,294,300,4167400
5/10/2021,XAFA,1061,1061,1061,1061,200
5/10/2021,XAQA,874,874,874,874,0
5/10/2021,XASG,87,87,87,87,0
5/10/2021,XBES,880,880,880,880,0
5/10/2021,XBID,491,491,491,491,0
5/10/2021,XBIN,456,456,456,456,0
5/10/2021,XBLQ,440,452,440,452,4000
5/10/2021,XBNI,963,963,963,963,400
5/10/2021,XBSK,353,353,353,353,0
5/10/2021,XCID,85,85,81,82,17500
5/10/2021,XCIS,105,105,105,105,0
5/10/2021,XCLQ,93,93,91,93,23400
5/10/2021,XDIF,445,445,445,445,0
5/10/2021,XDSG,905,905,905,905,0
5/10/2021,XIFE,96,96,95,96,14300
5/10/2021,XIHD,436,437,434,434,6600
5/10/2021,XIIC,938,938,938,938,600
5/10/2021,XIID,480,480,480,480,700
5/10/2021,XIIF,545,547,544,547,400
5/10/2021,XIIT,493,498,492,494,33900
5/10/2021,XIJI,586,593,586,592,45900
5/10/2021,XILV,107,107,107,107,3700
5/10/2021,XIML,243,243,243,243,200
5/10/2021,XIPI,172,172,168,168,9500
5/10/2021,XISB,398,398,398,398,0
5/10/2021,XISC,710,710,702,710,2800
5/10/2021,XISI,310,317,310,317,600
5/10/2021,XISR,350,352,350,350,43100
5/10/2021,XKIV,452,452,452,452,0
5/10/2021,XKMS,987,989,987,989,200
5/10/2021,XMIG,165,165,165,165,0
5/10/2021,XMJM,1001,1001,1001,1001,0
5/10/2021,XMTS,441,441,441,441,0
5/10/2021,XNVE,143,143,143,143,11500
5/10/2021,XPCR,852,852,852,852,0
5/10/2021,XPDV,424,424,424,424,0
5/10/2021,XPES,365,365,365,365,0
5/10/2021,XPFT,488,488,488,488,0
5/10/2021,XPID,486,486,486,486,200
5/10/2021,XPLC,433,433,433,433,100
5/10/2021,XPLQ,448,448,448,448,0
5/10/2021,XPMI,845,845,845,845,200
5/10/2021,XPSG,368,368,368,368,0
5/10/2021,XPTD,476,476,476,476,0
5/10/2021,XSBC,100,100,100,100,900
5/10/2021,XSMU,127,127,127,127,100
5/10/2021,XSPI,750,750,750,750,0
5/10/2021,XSRI,172,172,172,172,0
5/10/2021,XSSI,81,82,80,81,49200
5/10/2021,XSSK,600,600,600,600,1800
5/10/2021,YELO,117,122,106,106,46060700
5/10/2021,YELO-W,34,36,32,32,7347300
5/10/2021,YPAS,410,410,410,410,1400
5/10/2021,YULE,446,446,446,446,0
5/10/2021,ZBRA,1065,1065,995,995,4895100
5/10/2021,ZINC,191,198,183,187,840542500
5/10/2021,ZONE,432,432,428,430,119000
5/10/2021,ZYRX,520,525,494,498,5480800
5/10/2021,ZYRX-W,50,51,49,49,4886500
