<date>,<ticker>,<open>,<high>,<low>,<close>,<volume>
9/23/2021,IHSG,6117.643,6148.147,6117.576,6142.712,242466979
9/23/2021,AALI,8475,8500,8425,8475,352500
9/23/2021,ABBA,545,595,515,595,39180100
9/23/2021,ABDA,6950,6950,6950,6950,0
9/23/2021,ABMM,1300,1300,1195,1200,1101600
9/23/2021,ACES,1310,1325,1295,1305,11065800
9/23/2021,ACST,246,260,246,246,48773000
9/23/2021,ADES,2740,2800,2720,2760,2905000
9/23/2021,ADHI,890,935,890,905,64453700
9/23/2021,ADMF,7750,7750,7650,7725,57700
9/23/2021,ADMG,218,220,214,216,2392900
9/23/2021,ADRO,1410,1445,1390,1415,146626700
9/23/2021,AGAR,368,368,366,366,1600
9/23/2021,AGII,1400,1400,1360,1360,9884000
9/23/2021,AGRO,2320,2480,2300,2470,93821400
9/23/2021,AGRS,248,250,242,244,4388100
9/23/2021,AHAP,68,75,68,70,60119400
9/23/2021,AIMS,342,350,338,340,86500
9/23/2021,AISA,204,206,202,204,8504800
9/23/2021,AKKU,50,50,50,50,24200
9/23/2021,AKPI,590,595,590,595,3100
9/23/2021,AKRA,4020,4120,4020,4100,10115000
9/23/2021,AKSI,420,422,412,414,6900
9/23/2021,ALDO,715,735,710,720,4643100
9/23/2021,ALKA,292,294,272,272,244100
9/23/2021,ALMI,238,240,238,240,1600
9/23/2021,ALTO,316,320,308,316,1300
9/23/2021,AMAG,326,338,326,330,993800
9/23/2021,AMAN,448,450,448,450,1819800
9/23/2021,AMAR,296,298,294,296,994100
9/23/2021,AMFG,3900,3900,3900,3900,253900
9/23/2021,AMIN,188,192,187,191,23700
9/23/2021,AMOR,3750,3850,3730,3790,733000
9/23/2021,AMRT,1385,1390,1345,1380,17955600
9/23/2021,ANDI,50,50,50,50,187100
9/23/2021,ANJT,700,700,695,695,35300
9/23/2021,ANTM,2370,2370,2290,2290,153137400
9/23/2021,APEX,545,545,525,540,41800
9/23/2021,APIC,860,870,855,865,7999800
9/23/2021,APII,187,189,185,186,440300
9/23/2021,APLI,202,206,202,206,1600
9/23/2021,APLN,128,129,126,127,8116600
9/23/2021,ARCI,550,570,545,565,17416600
9/23/2021,ARGO,1825,1825,1760,1765,3000
9/23/2021,ARII,280,320,278,302,390400
9/23/2021,ARKA,117,124,112,117,349187700
9/23/2021,ARMY,50,50,50,50,0
9/23/2021,ARNA,725,740,720,735,4144500
9/23/2021,ARTA,1495,1510,1460,1470,185900
9/23/2021,ARTI,50,50,50,50,3000
9/23/2021,ARTO,16300,16800,16200,16675,39647900
9/23/2021,ASBI,274,278,272,274,7100
9/23/2021,ASDM,890,895,885,885,24000
9/23/2021,ASGR,745,755,740,755,341200
9/23/2021,ASII,5275,5325,5150,5150,27178400
9/23/2021,ASJT,162,167,151,151,4499500
9/23/2021,ASMI,346,346,322,322,247900
9/23/2021,ASPI,77,99,77,99,258683200
9/23/2021,ASPI-W,27,28,22,25,85444100
9/23/2021,ASRI,170,172,168,171,17305800
9/23/2021,ASRM,1630,1770,1630,1740,17500
9/23/2021,ASSA,3640,3690,3370,3400,16525000
9/23/2021,ATAP,103,103,100,102,603400
9/23/2021,ATIC,700,715,695,705,249300
9/23/2021,AUTO,1010,1015,1005,1010,1796200
9/23/2021,AYLS,220,258,206,230,333079100
9/23/2021,BABP,314,320,296,300,346308700
9/23/2021,BABP-W3,218,224,204,210,30200
9/23/2021,BABP-W4,260,260,234,250,1700
9/23/2021,BACA,406,406,372,372,491204400
9/23/2021,BACA-W2,342,342,342,342,0
9/23/2021,BAJA,370,374,364,372,501000
9/23/2021,BALI,715,725,715,720,262300
9/23/2021,BANK,3090,3190,3080,3130,34882300
9/23/2021,BANK-W,2880,2880,2880,2880,0
9/23/2021,BAPA,67,72,64,70,92503600
9/23/2021,BAPI,50,50,50,50,3400
9/23/2021,BAPI-W,6,7,6,6,5909900
9/23/2021,BATA,700,700,700,700,200
9/23/2021,BAYU,1045,1045,1000,1000,600
9/23/2021,BBCA,32775,32950,32725,32900,12199700
9/23/2021,BBHI,3760,3900,3710,3850,6847400
9/23/2021,BBKP,438,440,426,428,161632300
9/23/2021,BBLD,410,412,406,412,11600
9/23/2021,BBMD,1870,1930,1820,1910,9100
9/23/2021,BBNI,5175,5200,5100,5125,30970200
9/23/2021,BBRI,3600,3770,3590,3770,432390800
9/23/2021,BBRM,50,50,50,50,13600
9/23/2021,BBSI,5850,6000,5625,5925,34600
9/23/2021,BBSS,54,62,52,58,104110400
9/23/2021,BBTN,1385,1385,1360,1375,19116400
9/23/2021,BBYB,1520,1520,1450,1460,37975800
9/23/2021,BCAP,112,114,111,111,19285000
9/23/2021,BCIC,232,246,216,218,12725600
9/23/2021,BCIP,69,79,67,69,137449200
9/23/2021,BDMN,2580,2600,2560,2570,1733500
9/23/2021,BEBS,1365,1390,1365,1385,14747700
9/23/2021,BEEF,88,89,85,87,19134400
9/23/2021,BEKS,99,100,98,99,78415200
9/23/2021,BELL,138,138,133,138,163600
9/23/2021,BESS,980,1005,915,1000,118600
9/23/2021,BESS-W,735,765,735,765,5900
9/23/2021,BEST,125,126,123,124,13484300
9/23/2021,BFIN,1035,1055,1025,1030,38737800
9/23/2021,BGTG,234,242,216,220,121576200
9/23/2021,BHAT,805,810,790,810,1226000
9/23/2021,BHIT,91,92,87,88,249307400
9/23/2021,BIKA,242,302,242,302,2946100
9/23/2021,BIMA,230,244,210,210,46802200
9/23/2021,BINA,3950,3980,3840,3960,1060200
9/23/2021,BIPI,50,50,50,50,163500
9/23/2021,BIPI-W,10,11,9,10,3498900
9/23/2021,BIPP,58,69,56,56,259539700
9/23/2021,BIRD,1195,1200,1175,1200,743900
9/23/2021,BISI,1020,1030,1020,1030,275400
9/23/2021,BJBR,1345,1370,1330,1370,6480400
9/23/2021,BJTM,705,715,705,715,3856000
9/23/2021,BKDP,51,55,51,52,7369100
9/23/2021,BKSL,63,65,62,63,107550000
9/23/2021,BKSW,218,220,210,210,12004200
9/23/2021,BLTA,50,50,50,50,93300
9/23/2021,BLTZ,3310,3700,3310,3380,4300
9/23/2021,BLUE,745,760,745,755,177600
9/23/2021,BMAS,1250,1275,1250,1250,24000
9/23/2021,BMHS,1100,1105,1080,1090,21944200
9/23/2021,BMRI,6125,6125,6025,6075,20303000
9/23/2021,BMSR,197,240,194,212,27595800
9/23/2021,BMTR,270,270,266,266,17467800
9/23/2021,BNBA,1365,1385,1300,1300,4177300
9/23/2021,BNBR,50,50,50,50,1500
9/23/2021,BNGA,975,995,975,980,3901800
9/23/2021,BNII,334,338,334,338,1367600
9/23/2021,BNLI,1755,1780,1750,1760,245400
9/23/2021,BOGA,1355,1375,1350,1370,99231700
9/23/2021,BOLA,660,680,620,620,14808600
9/23/2021,BOLT,685,685,685,685,0
9/23/2021,BOSS,91,101,85,86,541177500
9/23/2021,BPFI,1050,1050,1050,1050,0
9/23/2021,BPII,4750,4750,4750,4750,0
9/23/2021,BPTR,208,212,200,208,2044300
9/23/2021,BRAM,5500,5625,5500,5625,500
9/23/2021,BRIS,2120,2160,2090,2140,38513200
9/23/2021,BRMS,92,97,92,96,523825200
9/23/2021,BRMS-W,24,27,24,26,201558300
9/23/2021,BRNA,1350,1395,1300,1310,4400
9/23/2021,BRPT,985,1015,985,995,32054900
9/23/2021,BSDE,990,990,965,970,15652900
9/23/2021,BSIM,1040,1055,1010,1015,777000
9/23/2021,BSSR,2310,2310,2250,2250,65600
9/23/2021,BSWD,1750,1750,1750,1750,0
9/23/2021,BTEK,50,50,50,50,1900
9/23/2021,BTEL,50,50,50,50,0
9/23/2021,BTON,498,505,490,498,99800
9/23/2021,BTPN,2740,2760,2740,2750,5500
9/23/2021,BTPS,3300,3400,3280,3390,4886400
9/23/2021,BUDI,185,185,180,182,4602200
9/23/2021,BUKA,875,900,860,885,609379000
9/23/2021,BUKK,1015,1015,1000,1010,900
9/23/2021,BULL,268,272,264,270,174245300
9/23/2021,BULL-W2,51,52,48,52,720100
9/23/2021,BUMI,54,55,53,53,119519800
9/23/2021,BUVA,60,60,60,60,0
9/23/2021,BVIC,156,160,156,158,5280300
9/23/2021,BWPT,72,73,70,71,26947600
9/23/2021,BYAN,15300,16500,15300,15900,54100
9/23/2021,CAKK,112,121,107,114,112541200
9/23/2021,CAMP,342,344,322,322,22548700
9/23/2021,CANI,130,135,123,124,528200
9/23/2021,CARE,436,442,428,434,443285800
9/23/2021,CARS,50,50,50,50,52800
9/23/2021,CASA,398,398,398,398,0
9/23/2021,CASH,160,168,154,157,35569700
9/23/2021,CASS,358,386,358,380,3692500
9/23/2021,CBMF,112,132,112,112,133177400
9/23/2021,CCSI,550,570,545,545,808400
9/23/2021,CEKA,1775,1790,1760,1775,63100
9/23/2021,CENT,312,326,312,314,44309100
9/23/2021,CFIN,262,264,260,260,2010400
9/23/2021,CINT,190,190,187,189,7200
9/23/2021,CITA,2980,2980,2980,2980,0
9/23/2021,CITY,151,151,143,150,102400
9/23/2021,CITY-W,58,58,58,58,0
9/23/2021,CLAY,840,840,840,840,0
9/23/2021,CLEO,452,452,448,450,4805300
9/23/2021,CLPI,1040,1040,1025,1030,83900
9/23/2021,CMNP,1475,1500,1360,1360,1732800
9/23/2021,CMNP-W,420,448,364,386,202200
9/23/2021,CMNT,945,950,940,940,28241100
9/23/2021,CMPP,184,184,184,184,0
9/23/2021,CNKO,50,50,50,50,201900
9/23/2021,CNTB,250,250,250,250,0
9/23/2021,CNTX,183,186,173,184,800
9/23/2021,COCO,308,310,288,294,22634600
9/23/2021,COCO-W,376,376,376,376,0
9/23/2021,COWL,50,50,50,50,0
9/23/2021,CPIN,6575,6600,6500,6525,1977300
9/23/2021,CPRI,50,50,50,50,0
9/23/2021,CPRI-W,12,12,12,12,0
9/23/2021,CPRO,50,50,50,50,0
9/23/2021,CSAP,555,555,540,550,11400
9/23/2021,CSIS,89,93,85,88,41607500
9/23/2021,CSMI,3270,3270,3270,3270,100
9/23/2021,CSRA,314,314,304,310,206000
9/23/2021,CTBN,3710,3710,3620,3710,300
9/23/2021,CTRA,930,940,900,905,18122600
9/23/2021,CTTH,51,52,50,50,20366300
9/23/2021,DADA,50,51,50,50,29859300
9/23/2021,DADA-W,15,16,14,15,58178300
9/23/2021,DART,210,210,210,210,0
9/23/2021,DAYA,258,262,254,256,919900
9/23/2021,DCII,45075,46800,45050,46750,7200
9/23/2021,DEAL,50,50,50,50,304200
9/23/2021,DEAL-W,20,30,20,27,4399900
9/23/2021,DEFI,1370,1370,1320,1320,16500
9/23/2021,DEWA,50,50,50,50,38000
9/23/2021,DFAM,364,388,364,376,2026600
9/23/2021,DGIK,77,80,75,76,21832700
9/23/2021,DGNS,850,860,835,845,7302100
9/23/2021,DIGI,525,535,525,530,8856200
9/23/2021,DILD,167,170,164,169,10148500
9/23/2021,DIVA,2300,2380,2250,2300,1916600
9/23/2021,DKFT,135,136,131,133,4122800
9/23/2021,DLTA,3700,3730,3700,3710,46900
9/23/2021,DMAS,192,193,191,191,12025500
9/23/2021,DMMX,2800,2800,2610,2750,70851300
9/23/2021,DMND,800,800,785,800,5500
9/23/2021,DNAR,320,330,310,318,2640900
9/23/2021,DNET,3200,3200,3190,3190,2700
9/23/2021,DOID,292,306,292,296,88504600
9/23/2021,DPNS,348,352,348,348,97200
9/23/2021,DPUM,50,50,50,50,0
9/23/2021,DSFI,126,135,124,125,88103600
9/23/2021,DSNG,492,498,490,498,32002300
9/23/2021,DSSA,17475,17500,17475,17500,2700
9/23/2021,DUCK,176,176,176,176,0
9/23/2021,DUTI,3310,3310,3310,3310,100
9/23/2021,DVLA,2480,2500,2470,2500,10700
9/23/2021,DWGL,200,200,190,199,22100
9/23/2021,DWGL-W,39,40,37,39,159200
9/23/2021,DYAN,93,106,89,95,464437800
9/23/2021,EAST,71,79,68,76,68205800
9/23/2021,EAST-W,13,14,11,13,63207100
9/23/2021,ECII,985,985,985,985,0
9/23/2021,EDGE,26700,26700,26350,26350,4900
9/23/2021,EKAD,1395,1410,1395,1405,276800
9/23/2021,ELSA,282,284,278,280,14870000
9/23/2021,ELTY,50,50,50,50,0
9/23/2021,EMDE,182,187,182,187,2100
9/23/2021,EMTK,1940,1985,1935,1950,19263900
9/23/2021,ENRG,122,130,121,125,447436700
9/23/2021,ENVY,50,50,50,50,0
9/23/2021,ENZO,50,51,50,50,14873400
9/23/2021,ENZO-W,17,19,16,17,7984400
9/23/2021,EPAC,60,61,55,55,22125300
9/23/2021,EPMT,2260,2270,2210,2240,180400
9/23/2021,ERAA,620,630,605,630,120609700
9/23/2021,ERTX,197,236,190,190,22974400
9/23/2021,ESIP,86,97,86,89,68602600
9/23/2021,ESIP-W,16,18,16,16,34592200
9/23/2021,ESSA,310,312,306,306,13959900
9/23/2021,ESTA,109,109,103,107,307500
9/23/2021,ESTI,154,163,154,161,4269900
9/23/2021,ETWA,62,62,62,62,0
9/23/2021,EXCL,3020,3030,2970,2980,9249000
9/23/2021,FAPA,2920,2930,2910,2920,145700
9/23/2021,FAST,970,970,960,970,1700
9/23/2021,FASW,7600,7600,7600,7600,0
9/23/2021,FILM,348,354,346,348,3254800
9/23/2021,FIMP,48,50,47,48,696800
9/23/2021,FIMP-W,18,19,18,19,50100
9/23/2021,FIRE,505,545,500,515,16771600
9/23/2021,FISH,7975,8025,7975,8025,1100
9/23/2021,FITT,143,155,143,143,134500
9/23/2021,FITT-W,53,56,41,49,223100
9/23/2021,FLMC,364,366,328,336,2339700
9/23/2021,FMII,440,470,438,438,28800
9/23/2021,FOOD,101,102,96,96,5612100
9/23/2021,FORU,146,147,145,146,95100
9/23/2021,FORZ,50,50,50,50,0
9/23/2021,FPNI,256,260,254,258,4763100
9/23/2021,FREN,120,120,118,118,436532600
9/23/2021,FREN-W,47,50,47,49,1988800
9/23/2021,FREN-W2,49,50,45,47,614411900
9/23/2021,FUJI,420,420,392,392,1286600
9/23/2021,GAMA,51,52,50,50,5771700
9/23/2021,GDST,107,108,103,103,5481300
9/23/2021,GDYR,1435,1435,1425,1435,72300
9/23/2021,GEMA,362,362,362,362,20000
9/23/2021,GEMS,3510,3540,3500,3520,11200
9/23/2021,GGRM,31400,31550,31375,31400,346800
9/23/2021,GGRP,452,488,436,452,19500
9/23/2021,GHON,2210,2300,2210,2280,4600
9/23/2021,GIAA,222,222,222,222,0
9/23/2021,GJTL,715,715,700,705,5454500
9/23/2021,GLOB,165,165,162,165,45900
9/23/2021,GLVA,278,284,274,282,64400
9/23/2021,GMFI,96,97,95,96,1269400
9/23/2021,GMTD,16725,16725,16725,16725,0
9/23/2021,GOLD,440,446,432,440,15600
9/23/2021,GOLL,50,50,50,50,0
9/23/2021,GOOD,382,396,382,390,13251300
9/23/2021,GPRA,69,87,67,80,157309100
9/23/2021,GPSO,155,208,145,208,35817100
9/23/2021,GPSO-W,73,98,70,85,28518300
9/23/2021,GSMF,208,208,200,202,111200
9/23/2021,GTBO,75,75,75,75,0
9/23/2021,GTSI,79,82,75,80,87463000
9/23/2021,GWSA,130,131,128,131,185800
9/23/2021,GZCO,50,50,50,50,13500
9/23/2021,HADE,50,50,50,50,7600
9/23/2021,HAIS,268,270,260,262,13666200
9/23/2021,HDFA,196,196,184,194,800
9/23/2021,HDIT,352,360,332,336,4258000
9/23/2021,HDTX,120,120,120,120,0
9/23/2021,HEAL,1185,1190,1155,1160,9536900
9/23/2021,HELI,344,344,344,344,300
9/23/2021,HERO,1760,1800,1750,1800,3500
9/23/2021,HEXA,4920,4940,4790,4810,2030500
9/23/2021,HITS,400,400,372,372,1700
9/23/2021,HKMU,66,66,62,63,656935900
9/23/2021,HMSP,980,1000,975,990,25336500
9/23/2021,HOKI,190,191,186,188,9984700
9/23/2021,HOME,50,50,50,50,0
9/23/2021,HOMI,1940,1950,1860,1910,29100
9/23/2021,HOPE,131,135,130,131,22990000
9/23/2021,HOPE-W,21,22,21,21,6469600
9/23/2021,HOTL,50,50,50,50,56100
9/23/2021,HRME,56,67,55,58,196818700
9/23/2021,HRTA,218,218,212,216,6111600
9/23/2021,HRUM,5475,6475,5375,6475,28924400
9/23/2021,IATA,50,50,50,50,5300
9/23/2021,IBFN,60,61,60,61,228800
9/23/2021,IBFN-W,14,15,13,13,1303300
9/23/2021,IBST,5700,5700,5700,5700,0
9/23/2021,ICBP,8275,8300,8200,8250,1829100
9/23/2021,ICON,113,127,108,112,145240900
9/23/2021,IDEA,175,187,175,187,4186400
9/23/2021,IDPR,230,246,226,228,37247600
9/23/2021,IFII,160,161,156,160,59400
9/23/2021,IFSH,1775,1775,1625,1640,35400
9/23/2021,IGAR,422,426,420,424,339600
9/23/2021,IIKP,50,50,50,50,0
9/23/2021,IKAI,50,50,50,50,9800
9/23/2021,IKAN,118,119,110,110,54463400
9/23/2021,IKBI,242,242,240,240,14000
9/23/2021,IMAS,980,1050,980,980,17678900
9/23/2021,IMJS,560,615,535,575,171156600
9/23/2021,IMPC,2050,2070,2040,2060,1518500
9/23/2021,INAF,2280,2300,2250,2260,318800
9/23/2021,INAI,306,306,294,304,23800
9/23/2021,INCF,274,342,260,342,10857000
9/23/2021,INCI,620,625,600,600,225100
9/23/2021,INCO,4790,4820,4740,4750,8314000
9/23/2021,INDF,6200,6225,6150,6150,5395000
9/23/2021,INDO,186,218,173,193,47660300
9/23/2021,INDO-W,70,80,64,72,1478900
9/23/2021,INDR,3970,3990,3960,3980,134800
9/23/2021,INDS,1925,1925,1910,1910,2600
9/23/2021,INDX,116,117,113,114,2579800
9/23/2021,INDY,1375,1430,1370,1380,27523000
9/23/2021,INKP,7225,7325,7125,7175,4503100
9/23/2021,INOV,193,195,187,188,1103300
9/23/2021,INPC,156,160,155,156,6656700
9/23/2021,INPC-W,58,59,57,58,885200
9/23/2021,INPP,655,655,655,655,500
9/23/2021,INPS,1655,1700,1600,1700,4800
9/23/2021,INRU,670,670,660,660,1200
9/23/2021,INTA,82,88,78,78,3111400
9/23/2021,INTD,162,164,162,163,46700
9/23/2021,INTP,10750,10750,10525,10525,962000
9/23/2021,IPAC,234,236,224,224,156300
9/23/2021,IPCC,590,600,580,585,5342100
9/23/2021,IPCM,394,400,388,390,7071400
9/23/2021,IPOL,167,171,166,168,4416900
9/23/2021,IPTV,252,258,242,248,15391800
9/23/2021,IRRA,1690,1700,1675,1680,1556800
9/23/2021,ISAT,6725,6800,6550,6700,5424900
9/23/2021,ISSP,288,292,288,290,9148600
9/23/2021,ITIC,316,320,300,304,4859100
9/23/2021,ITMA,535,535,525,535,8500
9/23/2021,ITMA-W,71,76,62,65,14300
9/23/2021,ITMG,18400,18750,18400,18725,5325200
9/23/2021,JAST,187,189,173,182,52245400
9/23/2021,JAWA,137,143,134,137,25661400
9/23/2021,JAYA,127,140,121,121,61853800
9/23/2021,JECC,6375,6375,6100,6125,1600
9/23/2021,JGLE,50,50,50,50,1100
9/23/2021,JIHD,422,422,420,420,300
9/23/2021,JKON,171,172,170,172,308200
9/23/2021,JKSW,60,60,60,60,0
9/23/2021,JMAS,174,174,164,170,320600
9/23/2021,JPFA,1925,1935,1890,1905,5974500
9/23/2021,JRPT,462,470,458,466,4459500
9/23/2021,JSKY,124,130,124,126,40581600
9/23/2021,JSMR,3930,3960,3860,3870,2520700
9/23/2021,JSPT,795,795,795,795,1100
9/23/2021,JTPE,1080,1085,1080,1085,99000
9/23/2021,KAEF,2360,2380,2320,2340,936400
9/23/2021,KARW,99,107,98,100,15706400
9/23/2021,KAYU,82,84,75,75,118403100
9/23/2021,KBAG,56,57,56,56,97111100
9/23/2021,KBAG-W,14,15,14,14,64936200
9/23/2021,KBLI,298,302,298,300,677400
9/23/2021,KBLM,204,204,204,204,700
9/23/2021,KBLV,785,795,785,790,1500
9/23/2021,KBRI,50,50,50,50,0
9/23/2021,KDSI,870,870,870,870,1300
9/23/2021,KEEN,432,434,430,430,944600
9/23/2021,KEJU,1240,1245,1210,1225,38300
9/23/2021,KIAS,50,53,50,50,89739100
9/23/2021,KICI,250,254,246,250,483500
9/23/2021,KIJA,156,158,154,157,4213000
9/23/2021,KINO,2140,2140,2110,2120,266100
9/23/2021,KIOS,1125,1170,1110,1125,41083600
9/23/2021,KJEN,448,448,422,422,6800
9/23/2021,KKGI,268,274,262,272,51700
9/23/2021,KLBF,1410,1440,1395,1395,21547200
9/23/2021,KMDS,480,480,458,458,228300
9/23/2021,KMTR,378,378,352,378,83900
9/23/2021,KOBX,179,179,174,174,1738400
9/23/2021,KOIN,172,180,164,169,1600300
9/23/2021,KONI,855,855,855,855,100
9/23/2021,KOPI,595,640,555,555,68900
9/23/2021,KOTA,193,202,180,180,838145200
9/23/2021,KOTA-W,109,114,108,108,72600
9/23/2021,KPAL,50,50,50,50,0
9/23/2021,KPAS,62,62,62,62,0
9/23/2021,KPAS-W,13,13,13,13,0
9/23/2021,KPIG,110,111,108,109,54687900
9/23/2021,KRAH,436,436,436,436,0
9/23/2021,KRAS,520,525,510,515,12732900
9/23/2021,KREN,157,159,144,148,31519500
9/23/2021,LABA,256,282,254,274,39898300
9/23/2021,LABA-W,25,27,25,27,24736000
9/23/2021,LAND,118,125,113,117,23781500
9/23/2021,LAPD,50,50,50,50,0
9/23/2021,LCGP,114,114,114,114,0
9/23/2021,LCKM,312,318,294,318,3900
9/23/2021,LEAD,50,50,50,50,25200
9/23/2021,LFLO,80,84,80,83,251000
9/23/2021,LFLO-W,11,12,11,11,34508100
9/23/2021,LIFE,6900,6900,6900,6900,0
9/23/2021,LINK,4330,4330,4240,4250,1506000
9/23/2021,LION,360,370,354,358,59000
9/23/2021,LMAS,107,109,101,102,69900100
9/23/2021,LMPI,198,198,192,195,393700
9/23/2021,LMSH,700,875,660,875,8151300
9/23/2021,LPCK,925,935,910,915,1176100
9/23/2021,LPGI,3960,3970,3800,3960,24700
9/23/2021,LPIN,366,388,366,384,133200
9/23/2021,LPKR,154,155,151,151,45055700
9/23/2021,LPLI,278,278,266,274,134500
9/23/2021,LPPF,2810,2850,2770,2850,4426100
9/23/2021,LPPS,111,114,111,113,340200
9/23/2021,LRNA,180,184,180,184,900
9/23/2021,LSIP,1080,1090,1070,1080,7473000
9/23/2021,LTLS,610,625,600,610,485400
9/23/2021,LUCK,252,254,238,240,11346300
9/23/2021,LUCY,58,61,57,61,24215200
9/23/2021,LUCY-W,15,16,14,15,16230200
9/23/2021,MABA,50,50,50,50,0
9/23/2021,MAGP,50,50,50,50,6100
9/23/2021,MAIN,800,805,780,785,3107800
9/23/2021,MAMI,50,50,50,50,0
9/23/2021,MAMI-W,6,6,6,6,0
9/23/2021,MAMIP,600,600,600,600,0
9/23/2021,MAPA,2450,2530,2450,2530,2359700
9/23/2021,MAPB,1660,1660,1585,1645,12500
9/23/2021,MAPI,790,800,770,795,29944300
9/23/2021,MARI,540,545,520,535,58829000
9/23/2021,MARK,975,1010,975,995,4738400
9/23/2021,MASA,3640,3950,3640,3880,102400
9/23/2021,MASB,3440,3450,3440,3440,35300
9/23/2021,MASB-W,304,312,294,312,101100
9/23/2021,MAYA,890,900,840,840,7574700
9/23/2021,MBAP,3260,3320,3260,3270,327100
9/23/2021,MBSS,645,645,640,640,644900
9/23/2021,MBTO,125,125,123,125,15000
9/23/2021,MCAS,10475,10500,9750,9750,3995200
9/23/2021,MCOL,1595,1630,1580,1630,3102500
9/23/2021,MCOR,130,132,130,130,8491000
9/23/2021,MDIA,53,54,53,53,4051300
9/23/2021,MDKA,2740,2750,2640,2650,38561100
9/23/2021,MDKI,200,200,199,200,612700
9/23/2021,MDLN,51,51,51,51,0
9/23/2021,MDRN,50,50,50,50,800
9/23/2021,MEDC,490,494,484,488,37566300
9/23/2021,MEGA,7875,7900,7875,7900,2400
9/23/2021,MERK,3320,3340,3320,3340,21300
9/23/2021,META,128,129,127,129,2042100
9/23/2021,MFIN,1070,1070,1070,1070,0
9/23/2021,MFMI,810,855,810,825,75400
9/23/2021,MGLV,216,226,198,212,1147600
9/23/2021,MGLV-W,18,18,16,17,8510400
9/23/2021,MGNA,50,50,50,50,0
9/23/2021,MGRO,740,745,730,735,1670900
9/23/2021,MICE,370,370,362,368,35100
9/23/2021,MIDI,2350,2390,2210,2380,3800
9/23/2021,MIKA,2380,2400,2380,2380,17680400
9/23/2021,MINA,56,60,54,56,50643700
9/23/2021,MIRA,50,50,50,50,1000
9/23/2021,MITI,97,128,97,128,112225600
9/23/2021,MKNT,50,50,50,50,1500
9/23/2021,MKPI,25000,25000,25000,25000,0
9/23/2021,MLBI,7900,8000,7800,7875,37900
9/23/2021,MLIA,1340,1350,1295,1295,9321000
9/23/2021,MLPL,580,600,565,570,132184800
9/23/2021,MLPT,3500,3600,3490,3510,2071500
9/23/2021,MMLP,665,670,640,640,13337800
9/23/2021,MNCN,830,840,820,825,32885800
9/23/2021,MOLI,975,1020,955,985,45900
9/23/2021,MPMX,765,780,755,775,19723400
9/23/2021,MPOW,151,152,142,147,52845100
9/23/2021,MPPA,975,1010,965,1000,84152500
9/23/2021,MPRO,695,740,650,660,34700
9/23/2021,MRAT,294,316,294,304,1257500
9/23/2021,MREI,4580,5000,4580,4880,5200
9/23/2021,MSIN,515,525,505,510,22191500
9/23/2021,MSKY,368,368,364,368,17800
9/23/2021,MTDL,2850,3060,2830,2890,15807100
9/23/2021,MTFN,50,50,50,50,400
9/23/2021,MTLA,344,350,332,336,31800
9/23/2021,MTPS,141,142,140,141,2050300
9/23/2021,MTRA,244,244,244,244,0
9/23/2021,MTSM,147,166,147,159,40300
9/23/2021,MTWI,114,124,114,120,3384100
9/23/2021,MYOH,1545,1545,1525,1535,25500
9/23/2021,MYOR,2450,2450,2400,2420,2652900
9/23/2021,MYRX,50,50,50,50,0
9/23/2021,MYRXP,50,50,50,50,0
9/23/2021,MYTX,83,85,81,83,1092700
9/23/2021,NASA,82,109,79,86,749835900
9/23/2021,NATO,585,595,580,580,298673600
9/23/2021,NATO-W,350,350,350,350,0
9/23/2021,NELY,195,196,194,195,566800
9/23/2021,NFCX,10000,10175,9725,10050,588200
9/23/2021,NICK,540,540,505,530,26400
9/23/2021,NICL,89,91,87,88,53152200
9/23/2021,NICL-W,11,12,11,11,15404300
9/23/2021,NIKL,1080,1100,1070,1075,314100
9/23/2021,NIPS,282,282,282,282,0
9/23/2021,NIRO,135,135,125,130,385222900
9/23/2021,NISP,700,705,690,695,1892200
9/23/2021,NOBU,1095,1125,1095,1110,1567500
9/23/2021,NPGF,124,126,123,124,3223300
9/23/2021,NRCA,298,306,296,298,1245000
9/23/2021,NUSA,50,50,50,50,0
9/23/2021,NZIA,164,166,160,164,42400
9/23/2021,OASA,212,220,206,210,659300
9/23/2021,OCAP,159,159,159,159,0
9/23/2021,OILS,410,414,382,386,27551800
9/23/2021,OILS-W,174,174,165,166,814100
9/23/2021,OKAS,82,109,81,94,673191500
9/23/2021,OMRE,935,935,935,935,100
9/23/2021,OPMS,194,202,184,187,61856300
9/23/2021,PADI,50,50,50,50,16100
9/23/2021,PALM,446,452,446,446,480100
9/23/2021,PAMG,92,106,89,94,43807000
9/23/2021,PANI,310,310,294,300,111200
9/23/2021,PANR,161,164,156,158,4207500
9/23/2021,PANS,1300,1300,1285,1285,129800
9/23/2021,PBID,1715,1720,1695,1700,1055200
9/23/2021,PBRX,128,132,127,131,2531200
9/23/2021,PBSA,515,545,515,520,13900
9/23/2021,PCAR,306,306,300,304,93200
9/23/2021,PDES,296,296,290,290,8900
9/23/2021,PEGE,1405,1405,1310,1310,1639600
9/23/2021,PEHA,1170,1170,1160,1165,71400
9/23/2021,PGAS,1115,1135,1105,1130,121455700
9/23/2021,PGJO,77,78,73,76,26700
9/23/2021,PGLI,206,206,200,200,26700
9/23/2021,PGUN,260,268,244,250,37000
9/23/2021,PICO,103,107,101,107,498600
9/23/2021,PJAA,535,550,525,540,356300
9/23/2021,PKPK,86,112,85,99,500842200
9/23/2021,PLAN,30,32,29,31,16291100
9/23/2021,PLAN-W,10,11,9,10,4088600
9/23/2021,PLAS,50,50,50,50,0
9/23/2021,PLIN,2450,2450,2450,2450,0
9/23/2021,PMJS,126,130,125,129,90000
9/23/2021,PMMP,505,520,500,505,7036600
9/23/2021,PNBN,750,750,735,740,9324500
9/23/2021,PNBS,99,101,98,99,42327000
9/23/2021,PNGO,1450,1450,1450,1450,0
9/23/2021,PNIN,730,730,720,725,649600
9/23/2021,PNLF,185,185,182,183,21327400
9/23/2021,PNSE,394,394,370,370,13800
9/23/2021,POLA,160,161,155,160,79200
9/23/2021,POLA-W,78,78,65,65,44600
9/23/2021,POLI,1275,1340,1275,1330,35200
9/23/2021,POLL,2640,2820,2600,2720,2914400
9/23/2021,POLU,270,278,268,274,5400
9/23/2021,POLY,55,60,54,56,18701300
9/23/2021,POOL,50,50,50,50,0
9/23/2021,PORT,585,665,585,590,93100
9/23/2021,POSA,50,50,50,50,0
9/23/2021,POWR,620,625,615,620,2158700
9/23/2021,PPGL,110,110,97,101,6122600
9/23/2021,PPGL-W,13,13,11,13,22104500
9/23/2021,PPRE,216,230,216,228,42600200
9/23/2021,PPRO,72,74,71,72,55194400
9/23/2021,PRAS,230,244,230,244,1121600
9/23/2021,PRDA,7125,7300,7100,7200,470100
9/23/2021,PRIM,432,460,382,382,82478500
9/23/2021,PSAB,150,153,149,150,16053100
9/23/2021,PSDN,180,184,175,183,110300
9/23/2021,PSGO,146,149,142,149,27100
9/23/2021,PSKT,50,50,50,50,14400
9/23/2021,PSSI,290,290,288,288,1065700
9/23/2021,PTBA,2390,2430,2360,2420,36159800
9/23/2021,PTDU,326,330,304,304,14288500
9/23/2021,PTIS,312,330,300,312,21500
9/23/2021,PTPP,1055,1100,1050,1070,70720300
9/23/2021,PTPW,915,945,910,930,491400
9/23/2021,PTRO,2450,2470,2390,2410,526600
9/23/2021,PTSN,286,300,284,288,17134800
9/23/2021,PTSP,3950,4800,3900,4730,14800
9/23/2021,PUDP,294,336,292,318,1065200
9/23/2021,PURA,50,50,50,50,13430900
9/23/2021,PURA-W,8,9,7,8,88825800
9/23/2021,PURE,96,108,95,102,91382400
9/23/2021,PURI,376,402,376,400,17300
9/23/2021,PWON,486,488,478,480,32682100
9/23/2021,PYFA,1190,1190,1160,1165,62000
9/23/2021,PZZA,675,675,670,670,30700
9/23/2021,R-ABFII,28600,28600,28600,28600,0
9/23/2021,R-LQ45X,910,920,910,920,4600
9/23/2021,RAJA,195,199,194,195,9872800
9/23/2021,RALS,720,725,690,695,5906400
9/23/2021,RANC,2310,2370,2300,2330,2538200
9/23/2021,RBMS,51,51,50,51,7106600
9/23/2021,RDTX,8000,8000,6725,6775,2100
9/23/2021,REAL,119,122,115,116,165560900
9/23/2021,RELI,408,460,382,390,51800
9/23/2021,RICY,95,99,94,96,2067200
9/23/2021,RIGS,308,376,292,292,33108000
9/23/2021,RIMO,50,50,50,50,0
9/23/2021,RISE,384,384,382,384,191100
9/23/2021,RMBA,306,306,306,306,0
9/23/2021,ROCK,555,615,555,615,4500
9/23/2021,RODA,105,109,98,98,94958200
9/23/2021,RONY,186,188,185,188,3100
9/23/2021,ROTI,1340,1350,1340,1345,230300
9/23/2021,RSGK,1840,1865,1835,1845,368200
9/23/2021,RUIS,204,208,198,200,729000
9/23/2021,RUNS,760,760,760,760,3234200
9/23/2021,SAFE,216,216,202,202,241500
9/23/2021,SAME,520,530,520,520,9462900
9/23/2021,SAMF,785,785,745,765,654700
9/23/2021,SAPX,1040,1160,1040,1115,394200
9/23/2021,SATU,68,69,65,67,13678900
9/23/2021,SBAT,50,50,50,50,468600
9/23/2021,SBAT-W,14,14,13,13,5851000
9/23/2021,SBMA,426,426,410,412,5323500
9/23/2021,SBMA-W,212,228,208,212,176500
9/23/2021,SCCO,10600,10600,10600,10600,100
9/23/2021,SCMA,2130,2220,2110,2150,7392900
9/23/2021,SCNP,304,330,282,290,14242100
9/23/2021,SCPI,29000,29000,29000,29000,0
9/23/2021,SDMU,50,56,50,53,32236700
9/23/2021,SDPC,138,139,135,135,187200
9/23/2021,SDRA,760,775,730,730,1808000
9/23/2021,SFAN,1425,1435,1420,1435,350100
9/23/2021,SGER,600,620,555,565,8896400
9/23/2021,SGER-W,458,458,422,422,20700
9/23/2021,SGRO,1805,1810,1805,1810,2200
9/23/2021,SHID,1045,1055,1045,1050,18300
9/23/2021,SHIP,805,920,805,900,2995000
9/23/2021,SIDO,790,795,785,795,7128600
9/23/2021,SILO,8700,9000,8675,9000,220000
9/23/2021,SIMA,50,50,50,50,0
9/23/2021,SIMP,422,426,422,426,1164800
9/23/2021,SINI,286,288,252,278,5400
9/23/2021,SINI-W,165,165,95,152,18800
9/23/2021,SIPD,1810,1900,1775,1775,99100
9/23/2021,SKBM,336,356,336,342,2500
9/23/2021,SKLT,2250,2420,2190,2400,8300
9/23/2021,SKRN,680,695,670,670,1864300
9/23/2021,SKYB,51,51,51,51,0
9/23/2021,SLIS,3700,3760,3460,3460,577400
9/23/2021,SMAR,4400,4400,4270,4380,14200
9/23/2021,SMBR,640,645,630,630,2380200
9/23/2021,SMCB,1805,1805,1790,1800,1552300
9/23/2021,SMDM,124,125,120,124,119000
9/23/2021,SMDR,640,645,630,640,4357900
9/23/2021,SMGR,8550,8650,8475,8500,3628100
9/23/2021,SMKL,330,336,302,316,1433800
9/23/2021,SMKL-W,36,37,36,37,4046700
9/23/2021,SMMA,10400,10400,10350,10350,9000
9/23/2021,SMMT,184,188,178,180,32739800
9/23/2021,SMRA,830,835,805,815,105176300
9/23/2021,SMRU,50,50,50,50,0
9/23/2021,SMSM,1365,1370,1350,1365,86300
9/23/2021,SNLK,935,935,865,900,2978400
9/23/2021,SOCI,188,189,187,187,5618600
9/23/2021,SOFA,39,40,38,39,30078600
9/23/2021,SOHO,5075,5075,5025,5025,6600
9/23/2021,SONA,4380,4380,4380,4380,0
9/23/2021,SOSS,418,418,388,388,225000
9/23/2021,SOSS-W,46,47,43,46,75900
9/23/2021,SOTS,478,478,476,476,2100
9/23/2021,SOTS-W,62,62,61,61,2900
9/23/2021,SPMA,352,352,342,346,375900
9/23/2021,SPTO,550,555,545,555,274800
9/23/2021,SQMI,127,158,127,144,130460800
9/23/2021,SRAJ,374,374,330,330,6326200
9/23/2021,SRIL,146,146,146,146,0
9/23/2021,SRSN,56,57,55,55,6116400
9/23/2021,SRTG,1850,1870,1800,1825,9926400
9/23/2021,SSIA,515,515,498,505,11206800
9/23/2021,SSMS,820,820,810,810,7614200
9/23/2021,SSTM,750,810,750,805,500
9/23/2021,STAR,149,149,131,134,47200
9/23/2021,STTP,6900,6900,6900,6900,800
9/23/2021,SUGI,50,50,50,50,0
9/23/2021,SULI,50,50,50,50,1800
9/23/2021,SUPR,12550,12650,12550,12625,6800
9/23/2021,SURE,2000,2000,2000,2000,200
9/23/2021,SWAT,135,144,129,133,80306700
9/23/2021,TALF,284,290,282,282,10300
9/23/2021,TAMA,59,61,54,59,36651100
9/23/2021,TAMA-W,18,19,16,18,19604100
9/23/2021,TAMU,50,50,50,50,3000
9/23/2021,TAPG,575,590,570,575,43621100
9/23/2021,TARA,50,50,50,50,6600
9/23/2021,TAXI,50,50,50,50,500
9/23/2021,TBIG,3170,3170,3020,3070,53671200
9/23/2021,TBLA,770,780,770,775,449600
9/23/2021,TBMS,1650,1650,1650,1650,400
9/23/2021,TCID,5325,5400,5325,5350,1200
9/23/2021,TCPI,9350,9475,9175,9325,8892800
9/23/2021,TDPM,119,119,119,119,0
9/23/2021,TEBE,750,790,730,735,784100
9/23/2021,TECH,6650,6700,6375,6650,1575800
9/23/2021,TELE,121,121,121,121,0
9/23/2021,TFAS,5125,5150,4790,4790,1042900
9/23/2021,TFCO,685,690,645,685,13000
9/23/2021,TGKA,7000,7100,7000,7000,1500
9/23/2021,TGRA,97,97,94,97,11156700
9/23/2021,TIFA,520,545,520,520,1863600
9/23/2021,TINS,1520,1530,1495,1495,23635100
9/23/2021,TIRA,324,380,318,318,90400
9/23/2021,TIRT,50,67,50,67,19366900
9/23/2021,TKIM,7050,7100,7000,7025,2150900
9/23/2021,TLKM,3600,3610,3550,3560,104737500
9/23/2021,TMAS,284,294,280,284,6531300
9/23/2021,TMPO,132,133,130,133,3800
9/23/2021,TNCA,1210,1425,1065,1180,9530300
9/23/2021,TOBA,482,482,472,482,129600
9/23/2021,TOPS,50,50,50,50,200300
9/23/2021,TOTL,314,326,312,324,2650200
9/23/2021,TOTO,199,202,199,199,412900
9/23/2021,TOWR,1330,1340,1310,1320,26910900
9/23/2021,TOYS,246,252,240,244,134297400
9/23/2021,TOYS-W,33,34,31,31,9051600
9/23/2021,TPIA,7300,7300,7150,7200,2355300
9/23/2021,TPMA,570,575,540,540,11060000
9/23/2021,TRAM,50,50,50,50,0
9/23/2021,TRIL,50,50,50,50,0
9/23/2021,TRIM,322,334,304,320,164518600
9/23/2021,TRIN,214,228,210,228,19057700
9/23/2021,TRIN-W,31,33,30,31,3018700
9/23/2021,TRIO,426,426,426,426,0
9/23/2021,TRIS,190,200,188,188,3021500
9/23/2021,TRIS-W,6,6,6,6,0
9/23/2021,TRJA,270,308,270,308,42413200
9/23/2021,TRST,625,625,625,625,40300
9/23/2021,TRUE,262,278,250,252,37681400
9/23/2021,TRUE-W,25,26,23,23,63307400
9/23/2021,TRUK,151,164,144,149,121505100
9/23/2021,TRUS,320,322,320,322,56500
9/23/2021,TSPC,1440,1445,1435,1440,743000
9/23/2021,TUGU,1655,1670,1645,1650,135000
9/23/2021,TURI,1350,1500,1300,1500,31300
9/23/2021,UANG,1055,1055,1040,1055,10700
9/23/2021,UCID,1560,1575,1560,1575,15600
9/23/2021,UFOE,995,1025,930,930,1359400
9/23/2021,ULTJ,1520,1555,1520,1555,1798400
9/23/2021,UNIC,8850,8900,8650,8875,1100
9/23/2021,UNIQ,87,96,86,91,76988800
9/23/2021,UNIT,316,316,316,316,0
9/23/2021,UNSP,113,113,109,112,187700
9/23/2021,UNTR,21100,21275,20875,21075,2550000
9/23/2021,UNVR,4050,4080,4010,4050,30884400
9/23/2021,URBN,1020,1020,950,950,1420300
9/23/2021,URBN-W,66,71,65,65,1121900
9/23/2021,UVCR,675,700,660,675,23081600
9/23/2021,UVCR-W,290,296,286,286,3452300
9/23/2021,VICI,380,380,376,378,2301800
9/23/2021,VICO,146,150,145,145,397500
9/23/2021,VINS,119,121,115,116,6527800
9/23/2021,VIVA,52,53,51,51,3858000
9/23/2021,VOKS,183,183,181,183,3100
9/23/2021,VRNA,126,127,124,127,1770300
9/23/2021,WAPO,99,101,96,97,98200
9/23/2021,WEGE,193,202,193,194,57563600
9/23/2021,WEHA,250,268,246,258,61359400
9/23/2021,WICO,406,416,406,416,300
9/23/2021,WIFI,825,845,820,835,52257300
9/23/2021,WIFI-W,236,244,232,240,19700
9/23/2021,WIIM,474,486,470,474,4773800
9/23/2021,WIKA,1110,1180,1105,1160,116616400
9/23/2021,WINS,134,135,130,133,9781800
9/23/2021,WMUU,171,173,169,170,15835000
9/23/2021,WOMF,232,232,228,230,288200
9/23/2021,WOOD,725,735,720,730,3393400
9/23/2021,WOWS,61,67,57,57,374809900
9/23/2021,WSBP,141,147,141,144,36963200
9/23/2021,WSKT,845,875,830,845,78738900
9/23/2021,WTON,246,262,246,256,55504400
9/23/2021,XAFA,1071,1071,1071,1071,5000
9/23/2021,XAQA,861,861,861,861,100
9/23/2021,XBES,870,870,870,870,100
9/23/2021,XBID,481,481,481,481,0
9/23/2021,XBIG,494,494,494,494,0
9/23/2021,XBIN,443,443,443,443,0
9/23/2021,XBLQ,435,435,435,435,0
9/23/2021,XBNI,931,940,931,940,2900
9/23/2021,XBSK,342,342,342,342,0
9/23/2021,XCID,84,84,84,84,800
9/23/2021,XCIS,105,105,105,105,0
9/23/2021,XCLQ,90,91,90,91,4300
9/23/2021,XDIF,430,430,430,430,0
9/23/2021,XDSG,902,902,902,902,100
9/23/2021,XIFE,95,95,95,95,300
9/23/2021,XIHD,437,438,437,438,200
9/23/2021,XIIC,908,908,908,908,200
9/23/2021,XIID,473,474,473,473,41100
9/23/2021,XIIF,493,493,493,493,500
9/23/2021,XIIT,482,484,481,484,9100
9/23/2021,XIJI,560,561,560,561,10300
9/23/2021,XILV,105,105,105,105,200
9/23/2021,XIML,234,234,234,234,0
9/23/2021,XIPI,164,164,164,164,1000
9/23/2021,XISB,398,398,398,398,0
9/23/2021,XISC,647,647,647,647,200
9/23/2021,XISI,316,316,316,316,100
9/23/2021,XISR,339,340,339,340,26500
9/23/2021,XKIV,426,426,426,426,100
9/23/2021,XKMS,970,986,970,986,500
9/23/2021,XMIG,163,163,163,163,300
9/23/2021,XMJM,1001,1001,1001,1001,0
9/23/2021,XMTS,412,412,412,412,0
9/23/2021,XNVE,133,135,133,135,3300
9/23/2021,XPCR,834,834,834,834,100
9/23/2021,XPDV,419,419,419,419,0
9/23/2021,XPES,354,354,354,354,0
9/23/2021,XPFT,494,494,494,494,0
9/23/2021,XPID,477,477,477,477,0
9/23/2021,XPLC,407,407,407,407,0
9/23/2021,XPLQ,448,448,448,448,0
9/23/2021,XPMI,845,845,845,845,0
9/23/2021,XPSG,346,346,346,346,0
9/23/2021,XPTD,464,464,464,464,0
9/23/2021,XSBC,99,99,99,99,1300
9/23/2021,XSMU,125,125,125,125,200
9/23/2021,XSPI,750,750,750,750,0
9/23/2021,XSRI,165,165,165,165,0
9/23/2021,XSSI,75,75,72,72,3200
9/23/2021,XSSK,583,583,583,583,100
9/23/2021,YELO,474,478,460,462,16502200
9/23/2021,YELO-W,75,76,74,74,704700
9/23/2021,YPAS,1035,1035,1035,1035,0
9/23/2021,YULE,635,650,590,630,213200
9/23/2021,ZBRA,610,685,610,680,15470600
9/23/2021,ZINC,123,125,121,125,408482900
9/23/2021,ZONE,402,408,402,408,584400
9/23/2021,ZYRX,595,605,595,600,8020800
9/23/2021,ZYRX-W,115,118,115,117,645700
