<date>,<ticker>,<open>,<high>,<low>,<close>,<volume>
8/2/2021,IHSG,6098.008,6112.829,6048.101,6096.543,243354991
8/2/2021,AALI,7950,8100,7900,8025,1163700
8/2/2021,ABBA,605,615,575,585,23446200
8/2/2021,ABDA,6950,6950,6950,6950,100
8/2/2021,ABMM,1250,1290,1230,1235,270100
8/2/2021,ACES,1320,1325,1290,1305,9038000
8/2/2021,ACST,248,268,248,260,60141600
8/2/2021,ADES,2410,2460,2370,2460,145700
8/2/2021,ADHI,685,715,670,700,22003300
8/2/2021,ADMF,7700,7700,7625,7675,60500
8/2/2021,ADMG,218,218,208,210,5593600
8/2/2021,ADRO,1345,1390,1340,1370,86145100
8/2/2021,AGAR,398,398,394,394,3900
8/2/2021,AGII,1785,1800,1720,1785,25754800
8/2/2021,AGRO,2510,2610,2330,2580,285906400
8/2/2021,AGRS,272,274,248,250,142365300
8/2/2021,AHAP,59,59,57,57,101200
8/2/2021,AIMS,400,450,396,420,513300
8/2/2021,AISA,204,212,204,206,10334700
8/2/2021,AKKU,50,50,50,50,2200
8/2/2021,AKPI,650,660,630,650,77100
8/2/2021,AKRA,3610,3690,3430,3530,10113800
8/2/2021,AKSI,422,422,414,414,7400
8/2/2021,ALDO,635,655,620,655,2204800
8/2/2021,ALKA,226,228,226,228,3900
8/2/2021,ALMI,270,270,254,254,26200
8/2/2021,ALTO,328,328,310,324,14400
8/2/2021,AMAG,276,278,272,274,239200
8/2/2021,AMAN,432,436,426,426,1381100
8/2/2021,AMAR,300,300,286,286,4735800
8/2/2021,AMFG,3730,3750,3730,3750,2400
8/2/2021,AMIN,197,204,197,197,78000
8/2/2021,AMOR,3260,3260,3160,3200,8289300
8/2/2021,AMRT,1360,1450,1335,1425,44984700
8/2/2021,ANDI,50,50,50,50,16300
8/2/2021,ANJT,645,655,635,640,79800
8/2/2021,ANTM,2520,2520,2440,2510,79180000
8/2/2021,APEX,630,630,610,610,106600
8/2/2021,APIC,835,850,830,840,9362100
8/2/2021,APII,173,175,172,175,110600
8/2/2021,APLI,200,210,195,210,316100
8/2/2021,APLN,129,130,125,127,8970700
8/2/2021,ARCI,650,665,640,650,15132100
8/2/2021,ARGO,1840,1900,1800,1825,22000
8/2/2021,ARII,330,330,290,290,376200
8/2/2021,ARKA,50,50,50,50,9263400
8/2/2021,ARMY,50,50,50,50,0
8/2/2021,ARNA,760,760,730,750,1729800
8/2/2021,ARTA,470,500,440,452,22700
8/2/2021,ARTI,50,50,50,50,53000
8/2/2021,ARTO,18000,18000,17100,17425,17925000
8/2/2021,ASBI,290,290,282,288,23500
8/2/2021,ASDM,925,945,925,945,13500
8/2/2021,ASGR,690,700,685,685,845100
8/2/2021,ASII,4730,4820,4730,4820,39192600
8/2/2021,ASJT,218,228,218,228,31700
8/2/2021,ASMI,398,398,372,396,128200
8/2/2021,ASPI,50,50,50,50,18300
8/2/2021,ASPI-W,12,13,12,13,410200
8/2/2021,ASRI,157,159,155,157,10164800
8/2/2021,ASRM,1545,1560,1535,1560,2300
8/2/2021,ASSA,2420,2440,2280,2400,12371400
8/2/2021,ATAP,104,105,103,105,173200
8/2/2021,ATIC,835,855,785,800,1456200
8/2/2021,AUTO,1060,1060,1020,1035,2907600
8/2/2021,AYLS,68,69,66,68,1336700
8/2/2021,BABP,360,446,358,442,1791714400
8/2/2021,BABP-W3,258,308,256,298,5852300
8/2/2021,BABP-W4,316,370,310,370,1410200
8/2/2021,BACA,446,452,430,432,57986600
8/2/2021,BACA-W2,400,400,302,386,1900
8/2/2021,BAJA,374,400,374,386,3384300
8/2/2021,BALI,610,635,590,600,2694300
8/2/2021,BANK,3370,3440,3300,3430,40082000
8/2/2021,BANK-W,3200,3300,3150,3250,18800
8/2/2021,BAPA,50,50,50,50,300
8/2/2021,BAPI,50,50,50,50,2100
8/2/2021,BAPI-W,6,6,5,6,3748700
8/2/2021,BATA,650,680,620,650,23800
8/2/2021,BAYU,1050,1050,1020,1020,2200
8/2/2021,BBCA,30300,30325,29525,29800,23996300
8/2/2021,BBHI,2720,2760,2670,2690,9134600
8/2/2021,BBKP,412,412,404,406,65194300
8/2/2021,BBLD,416,416,416,416,0
8/2/2021,BBMD,1500,1525,1500,1525,4300
8/2/2021,BBNI,4780,4830,4750,4820,13788500
8/2/2021,BBRI,3770,3770,3700,3740,96187100
8/2/2021,BBRM,50,50,50,50,1800
8/2/2021,BBSI,4390,4420,4260,4410,25100
8/2/2021,BBSS,50,50,50,50,494900
8/2/2021,BBTN,1320,1330,1270,1285,33988100
8/2/2021,BBYB,870,965,785,810,468756900
8/2/2021,BCAP,117,131,116,130,132025200
8/2/2021,BCIC,540,610,540,540,471500
8/2/2021,BCIP,55,56,54,55,351800
8/2/2021,BDMN,2170,2200,2140,2190,2188600
8/2/2021,BEBS,500,545,500,510,36170900
8/2/2021,BEEF,84,85,80,82,6113200
8/2/2021,BEKS,91,94,91,92,83475400
8/2/2021,BELL,138,138,133,136,510500
8/2/2021,BESS,900,900,850,890,37900
8/2/2021,BESS-W,404,404,404,404,100
8/2/2021,BEST,123,124,121,123,9156400
8/2/2021,BFIN,940,985,925,940,84487600
8/2/2021,BGTG,272,318,262,286,1477658200
8/2/2021,BHAT,760,760,760,760,0
8/2/2021,BHIT,86,99,86,99,1341311800
8/2/2021,BIKA,242,250,242,242,77000
8/2/2021,BIMA,97,98,93,94,2512200
8/2/2021,BINA,5225,5275,4900,4910,2775900
8/2/2021,BIPI,50,50,50,50,33800
8/2/2021,BIPI-W,9,10,9,10,103100
8/2/2021,BIPP,52,55,51,52,4840700
8/2/2021,BIRD,1100,1100,1070,1080,1029700
8/2/2021,BISI,1110,1120,1085,1120,174000
8/2/2021,BJBR,1225,1230,1210,1215,2301800
8/2/2021,BJTM,695,700,690,695,5734100
8/2/2021,BKDP,50,51,50,50,126800
8/2/2021,BKSL,55,56,53,54,54009700
8/2/2021,BKSW,206,218,204,208,104395200
8/2/2021,BLTA,50,50,50,50,5400
8/2/2021,BLTZ,2850,2850,2850,2850,100
8/2/2021,BLUE,690,705,690,695,182100
8/2/2021,BMAS,1520,1560,1470,1470,40600
8/2/2021,BMHS,1100,1110,1020,1020,54485700
8/2/2021,BMRI,5775,5775,5625,5675,34285500
8/2/2021,BMSR,149,155,145,149,2045000
8/2/2021,BMTR,262,264,260,262,21509600
8/2/2021,BNBA,1595,1625,1490,1490,39046600
8/2/2021,BNBR,50,50,50,50,60500
8/2/2021,BNGA,955,980,955,980,7235400
8/2/2021,BNII,344,346,336,338,6200600
8/2/2021,BNLI,1970,1990,1960,1980,1236500
8/2/2021,BOGA,1375,1375,1360,1365,90949600
8/2/2021,BOLA,800,800,800,800,0
8/2/2021,BOLT,650,660,650,650,6000
8/2/2021,BOSS,75,77,74,76,15419600
8/2/2021,BPFI,1050,1050,1050,1050,0
8/2/2021,BPII,5700,5700,5700,5700,0
8/2/2021,BPTR,118,120,114,116,2922900
8/2/2021,BRAM,5800,5800,5800,5800,200
8/2/2021,BRIS,2600,2670,2470,2600,138114600
8/2/2021,BRMS,97,107,96,106,1599322200
8/2/2021,BRMS-W,28,33,28,32,483638000
8/2/2021,BRNA,1420,1420,1420,1420,0
8/2/2021,BRPT,985,1065,970,1040,162697100
8/2/2021,BSDE,935,950,915,935,16980200
8/2/2021,BSIM,1090,1125,1020,1040,2731300
8/2/2021,BSSR,1680,1760,1680,1720,12000
8/2/2021,BSWD,1750,1750,1750,1750,0
8/2/2021,BTEK,50,50,50,50,100
8/2/2021,BTEL,50,50,50,50,0
8/2/2021,BTON,440,440,440,440,400
8/2/2021,BTPN,2840,2840,2800,2810,15200
8/2/2021,BTPS,2300,2370,2220,2260,19187100
8/2/2021,BUDI,208,210,198,202,18219600
8/2/2021,BUKK,980,1025,975,1020,27800
8/2/2021,BULL,248,252,246,248,439070500
8/2/2021,BULL-W2,54,60,47,57,87700
8/2/2021,BUMI,57,58,57,58,106897900
8/2/2021,BUVA,60,60,60,60,0
8/2/2021,BVIC,178,180,167,168,35027800
8/2/2021,BWPT,87,88,85,86,17275200
8/2/2021,BYAN,14775,14775,14300,14400,230300
8/2/2021,CAKK,71,72,69,71,1640400
8/2/2021,CAMP,270,296,260,266,61110300
8/2/2021,CANI,104,107,103,105,120400
8/2/2021,CARE,370,384,358,366,569319500
8/2/2021,CARS,50,50,50,50,10400
8/2/2021,CASA,400,402,400,400,9000
8/2/2021,CASH,210,230,210,224,19858500
8/2/2021,CASS,354,354,334,334,2264800
8/2/2021,CBMF,53,54,52,52,22608200
8/2/2021,CCSI,472,510,450,470,2626900
8/2/2021,CEKA,1790,1795,1760,1795,36500
8/2/2021,CENT,314,330,308,324,315436700
8/2/2021,CFIN,280,284,280,282,1862500
8/2/2021,CINT,204,204,191,193,15600
8/2/2021,CITA,3150,3150,3150,3150,200
8/2/2021,CITY,148,152,145,150,25000
8/2/2021,CITY-W,45,45,32,40,33000
8/2/2021,CLAY,820,820,820,820,0
8/2/2021,CLEO,458,462,450,458,6677900
8/2/2021,CLPI,1255,1260,1225,1235,558100
8/2/2021,CMNP,1700,1710,1695,1700,505400
8/2/2021,CMNP-W,695,695,695,695,100
8/2/2021,CMPP,184,184,184,184,0
8/2/2021,CNKO,50,50,50,50,0
8/2/2021,CNTB,250,250,250,250,0
8/2/2021,CNTX,192,192,192,192,0
8/2/2021,COCO,336,350,330,332,8092700
8/2/2021,COCO-W,348,348,348,348,0
8/2/2021,COWL,50,50,50,50,0
8/2/2021,CPIN,6175,6425,6175,6425,4900700
8/2/2021,CPRI,50,50,50,50,1400
8/2/2021,CPRI-W,12,15,11,15,65200
8/2/2021,CPRO,50,50,50,50,2500
8/2/2021,CSAP,424,515,424,492,1115800
8/2/2021,CSIS,72,72,69,69,2995700
8/2/2021,CSMI,3580,3580,3570,3570,2200
8/2/2021,CSRA,332,332,314,318,429000
8/2/2021,CTBN,2920,2920,2750,2750,200
8/2/2021,CTRA,915,915,860,885,22757800
8/2/2021,CTTH,50,50,50,50,22300
8/2/2021,DADA,50,50,50,50,6223900
8/2/2021,DADA-W,11,11,10,10,15378000
8/2/2021,DART,212,214,210,210,54100
8/2/2021,DAYA,246,268,244,244,15800
8/2/2021,DCII,59000,59000,59000,59000,0
8/2/2021,DEAL,81,92,77,81,482888800
8/2/2021,DEAL-W,15,37,15,32,465700
8/2/2021,DEFI,1605,1605,1600,1600,800
8/2/2021,DEWA,50,50,50,50,463800
8/2/2021,DFAM,135,138,132,138,41400
8/2/2021,DGIK,76,90,76,86,171256200
8/2/2021,DGNS,1080,1080,1045,1065,16856300
8/2/2021,DIGI,406,406,406,406,100
8/2/2021,DILD,163,163,160,162,1991200
8/2/2021,DIVA,4010,4120,3970,4000,501200
8/2/2021,DKFT,143,144,140,142,6066300
8/2/2021,DLTA,3780,3800,3760,3770,33300
8/2/2021,DMAS,193,194,190,194,29779700
8/2/2021,DMMX,3140,3180,2980,3010,53282600
8/2/2021,DMND,720,735,685,735,157600
8/2/2021,DNAR,250,266,250,254,12546900
8/2/2021,DNET,3170,3200,3130,3160,55500
8/2/2021,DOID,316,320,310,316,26302300
8/2/2021,DPNS,300,302,298,300,13300
8/2/2021,DPUM,50,50,50,50,0
8/2/2021,DSFI,73,76,72,76,1749000
8/2/2021,DSNG,540,540,520,525,31754800
8/2/2021,DSSA,13150,15425,13150,15425,8300
8/2/2021,DUCK,125,147,122,144,129481500
8/2/2021,DUTI,3500,3500,3500,3500,400
8/2/2021,DVLA,2440,2470,2430,2430,18600
8/2/2021,DWGL,218,228,212,212,89400
8/2/2021,DWGL-W,48,50,43,43,330400
8/2/2021,DYAN,62,64,62,63,2961900
8/2/2021,EAST,60,62,60,60,787100
8/2/2021,EAST-W,7,8,7,8,2989700
8/2/2021,ECII,990,990,990,990,0
8/2/2021,EDGE,29400,29400,27400,27450,69600
8/2/2021,EKAD,1470,1480,1450,1460,107200
8/2/2021,ELSA,264,266,256,260,27718000
8/2/2021,ELTY,50,50,50,50,250200
8/2/2021,EMDE,200,200,200,200,0
8/2/2021,EMTK,2750,2800,2720,2740,63104500
8/2/2021,ENRG,107,112,106,111,47857300
8/2/2021,ENVY,50,50,50,50,0
8/2/2021,ENZO,50,50,50,50,330200
8/2/2021,ENZO-W,13,15,13,14,551200
8/2/2021,EPAC,50,51,50,51,1107400
8/2/2021,EPMT,2430,2450,2330,2360,124100
8/2/2021,ERAA,665,685,655,675,87485200
8/2/2021,ERTX,191,212,178,182,17192700
8/2/2021,ESIP,70,71,69,69,767600
8/2/2021,ESIP-W,8,10,8,10,3763100
8/2/2021,ESSA,442,460,434,460,106361400
8/2/2021,ESTA,100,100,96,96,72700
8/2/2021,ESTI,101,102,101,102,605900
8/2/2021,ETWA,62,62,62,62,0
8/2/2021,EXCL,2700,2730,2620,2650,32009200
8/2/2021,FAPA,2850,2900,2850,2900,3600
8/2/2021,FAST,990,1000,980,1000,28000
8/2/2021,FASW,7600,7600,7600,7600,0
8/2/2021,FILM,432,452,428,428,30432500
8/2/2021,FIMP,49,50,48,50,154200
8/2/2021,FIMP-W,15,15,13,15,465100
8/2/2021,FIRE,545,545,498,505,2530600
8/2/2021,FISH,4450,4450,4450,4450,600
8/2/2021,FITT,140,145,140,143,51500
8/2/2021,FITT-W,38,38,32,34,15600
8/2/2021,FLMC,402,404,382,386,2764200
8/2/2021,FMII,470,500,452,452,28500
8/2/2021,FOOD,97,98,96,98,473800
8/2/2021,FORU,159,173,153,170,48400
8/2/2021,FORZ,50,50,50,50,3100
8/2/2021,FPNI,252,258,244,246,6603800
8/2/2021,FREN,153,167,149,157,3259362600
8/2/2021,FREN-W,52,67,52,56,46741200
8/2/2021,FREN-W2,82,92,80,83,1111260600
8/2/2021,FUJI,308,346,290,324,940900
8/2/2021,GAMA,50,50,50,50,500
8/2/2021,GDST,97,105,97,102,3922600
8/2/2021,GDYR,1510,1520,1490,1520,6700
8/2/2021,GEMA,332,332,310,328,57800
8/2/2021,GEMS,3850,3950,3790,3850,25200
8/2/2021,GGRM,33700,33800,32600,32700,1428600
8/2/2021,GGRP,424,434,412,432,2300
8/2/2021,GHON,2350,2350,2220,2350,4100
8/2/2021,GIAA,222,222,222,222,0
8/2/2021,GJTL,780,785,770,780,2407600
8/2/2021,GLOB,194,198,186,186,447400
8/2/2021,GLVA,320,326,308,310,301600
8/2/2021,GMFI,76,78,74,76,1346900
8/2/2021,GMTD,16725,16725,16725,16725,0
8/2/2021,GOLD,410,418,400,402,101800
8/2/2021,GOLL,50,50,50,50,0
8/2/2021,GOOD,370,370,362,368,18336600
8/2/2021,GPRA,61,61,60,61,236100
8/2/2021,GSMF,266,280,256,258,2347200
8/2/2021,GTBO,75,75,75,75,0
8/2/2021,GWSA,115,126,112,115,2521100
8/2/2021,GZCO,50,50,50,50,100
8/2/2021,HADE,50,50,50,50,100
8/2/2021,HDFA,186,250,180,244,983100
8/2/2021,HDIT,515,575,480,480,24745800
8/2/2021,HDTX,120,120,120,120,0
8/2/2021,HEAL,1210,1270,1180,1190,10000100
8/2/2021,HELI,290,290,290,290,0
8/2/2021,HERO,1900,1900,1770,1850,205900
8/2/2021,HEXA,3480,3500,3480,3490,109400
8/2/2021,HITS,388,388,362,384,26600
8/2/2021,HKMU,66,66,65,65,12474800
8/2/2021,HMSP,1045,1055,1040,1050,17294700
8/2/2021,HOKI,191,193,189,189,27220300
8/2/2021,HOME,50,50,50,50,0
8/2/2021,HOMI,1995,1995,1940,1985,7500
8/2/2021,HOPE,218,230,204,204,28768600
8/2/2021,HOPE-W,23,23,20,21,36221600
8/2/2021,HOTL,50,50,50,50,200
8/2/2021,HRME,55,55,53,54,2302900
8/2/2021,HRTA,258,258,250,258,4048900
8/2/2021,HRUM,5750,5875,5725,5800,1343100
8/2/2021,IATA,50,50,50,50,1100
8/2/2021,IBFN,142,142,137,137,84000
8/2/2021,IBFN-W,12,12,12,12,147700
8/2/2021,IBST,5000,5000,5000,5000,0
8/2/2021,ICBP,8125,8250,8075,8125,5251600
8/2/2021,ICON,95,96,92,94,1667200
8/2/2021,IDPR,141,189,141,189,41422500
8/2/2021,IFII,136,136,134,135,186200
8/2/2021,IFSH,1130,1130,1130,1130,0
8/2/2021,IGAR,430,438,428,428,225700
8/2/2021,IIKP,50,50,50,50,0
8/2/2021,IKAI,50,50,50,50,11200
8/2/2021,IKAN,108,110,107,108,6536200
8/2/2021,IKBI,240,240,240,240,500
8/2/2021,IMAS,850,860,840,850,1351500
8/2/2021,IMJS,292,294,288,292,612500
8/2/2021,IMPC,1990,1990,1945,1950,1015100
8/2/2021,INAF,2670,2760,2670,2690,758100
8/2/2021,INAI,324,324,308,318,2400
8/2/2021,INCF,110,120,110,115,2519700
8/2/2021,INCI,735,735,720,730,60300
8/2/2021,INCO,5400,5450,5350,5400,11827800
8/2/2021,INDF,6175,6225,6100,6175,7791300
8/2/2021,INDO,126,130,125,127,211700
8/2/2021,INDO-W,38,38,35,36,21000
8/2/2021,INDR,3740,3820,3740,3750,61900
8/2/2021,INDS,1910,1920,1910,1920,1600
8/2/2021,INDX,117,119,115,117,1380600
8/2/2021,INDY,1380,1445,1370,1395,24993500
8/2/2021,INKP,6800,6875,6700,6850,5260500
8/2/2021,INOV,170,170,162,168,284900
8/2/2021,INPC,180,181,168,169,84220800
8/2/2021,INPC-W,65,68,61,61,7202600
8/2/2021,INPP,695,695,695,695,100
8/2/2021,INPS,1790,1790,1785,1785,1300
8/2/2021,INRU,675,680,675,680,400
8/2/2021,INTA,132,132,125,127,52600
8/2/2021,INTD,198,222,195,200,402000
8/2/2021,INTP,8950,9300,8825,9225,6946500
8/2/2021,IPAC,162,166,151,164,280200
8/2/2021,IPCC,600,635,585,625,32351500
8/2/2021,IPCM,398,410,390,402,23673000
8/2/2021,IPOL,152,155,152,154,279500
8/2/2021,IPTV,252,258,246,256,40711300
8/2/2021,IRRA,1980,2020,1955,2000,7121600
8/2/2021,ISAT,5950,6075,5900,5950,1286400
8/2/2021,ISSP,290,298,284,294,25803000
8/2/2021,ITIC,422,424,408,416,1103400
8/2/2021,ITMA,560,615,550,560,32800
8/2/2021,ITMA-W,67,67,66,66,2100
8/2/2021,ITMG,17100,17225,16675,16950,1194600
8/2/2021,JAST,198,218,191,210,241121500
8/2/2021,JAWA,127,137,126,129,4749200
8/2/2021,JAYA,104,115,104,113,8186800
8/2/2021,JECC,7000,7075,6700,6700,2600
8/2/2021,JGLE,50,50,50,50,0
8/2/2021,JIHD,430,440,430,440,400
8/2/2021,JKON,139,139,132,134,37600
8/2/2021,JKSW,60,60,60,60,0
8/2/2021,JMAS,193,199,191,196,164500
8/2/2021,JPFA,1575,1620,1570,1605,20003100
8/2/2021,JRPT,454,460,452,460,756100
8/2/2021,JSKY,147,149,142,142,14343800
8/2/2021,JSMR,3940,4030,3860,4020,2899600
8/2/2021,JSPT,855,855,855,855,0
8/2/2021,JTPE,1145,1145,1135,1140,4495900
8/2/2021,KAEF,2680,2740,2660,2690,2631800
8/2/2021,KARW,105,105,102,103,882500
8/2/2021,KAYU,61,65,59,62,12438300
8/2/2021,KBAG,50,50,50,50,23900
8/2/2021,KBAG-W,8,8,7,8,4885200
8/2/2021,KBLI,336,342,330,338,175000
8/2/2021,KBLM,210,210,204,206,4200
8/2/2021,KBLV,950,1060,910,1060,2090500
8/2/2021,KBRI,50,50,50,50,0
8/2/2021,KDSI,920,940,900,935,77500
8/2/2021,KEEN,396,402,396,398,416800
8/2/2021,KEJU,1220,1220,1210,1215,11200
8/2/2021,KIAS,50,50,50,50,1700
8/2/2021,KICI,210,224,210,220,161900
8/2/2021,KIJA,170,170,166,169,5093500
8/2/2021,KINO,2600,2630,2580,2600,613500
8/2/2021,KIOS,1270,1285,1240,1240,23834300
8/2/2021,KJEN,470,470,444,444,11100
8/2/2021,KKGI,258,258,248,248,43300
8/2/2021,KLBF,1280,1315,1280,1305,55975500
8/2/2021,KMDS,480,480,478,478,300
8/2/2021,KMTR,370,390,360,376,92800
8/2/2021,KOBX,159,168,158,162,2151800
8/2/2021,KOIN,158,162,157,161,247700
8/2/2021,KONI,985,985,920,980,4700
8/2/2021,KOPI,550,555,550,555,14800
8/2/2021,KOTA,154,164,144,161,151559300
8/2/2021,KOTA-W,95,119,85,116,14200
8/2/2021,KPAL,50,50,50,50,8000
8/2/2021,KPAS,57,59,57,59,670400
8/2/2021,KPAS-W,11,12,10,12,1050800
8/2/2021,KPIG,106,109,105,109,69489400
8/2/2021,KRAH,436,436,436,436,0
8/2/2021,KRAS,486,496,482,490,15818800
8/2/2021,KREN,166,171,157,159,110604000
8/2/2021,LABA,460,466,438,460,26964400
8/2/2021,LABA-W,140,140,63,70,28881800
8/2/2021,LAND,80,82,78,80,1081400
8/2/2021,LAPD,50,50,50,50,0
8/2/2021,LCGP,114,114,114,114,0
8/2/2021,LCKM,290,290,290,290,1000
8/2/2021,LEAD,50,50,50,50,2500
8/2/2021,LFLO,77,77,69,73,669500
8/2/2021,LFLO-W,9,9,7,8,8772100
8/2/2021,LIFE,6100,6100,6100,6100,300
8/2/2021,LINK,4700,4800,4320,4390,11835400
8/2/2021,LION,380,380,366,366,12400
8/2/2021,LMAS,110,115,101,105,27747700
8/2/2021,LMPI,179,180,176,178,371100
8/2/2021,LMSH,800,870,735,775,2464600
8/2/2021,LPCK,930,930,910,920,595000
8/2/2021,LPGI,3520,3700,3520,3650,4900
8/2/2021,LPIN,655,675,610,650,6193800
8/2/2021,LPKR,151,156,145,145,145779700
8/2/2021,LPLI,356,364,338,344,1443300
8/2/2021,LPPF,1815,1840,1810,1820,13492100
8/2/2021,LPPS,122,140,120,122,8176500
8/2/2021,LRNA,185,185,183,183,3400
8/2/2021,LSIP,1120,1135,1110,1120,12844800
8/2/2021,LTLS,615,620,600,605,851900
8/2/2021,LUCK,190,226,190,212,22030300
8/2/2021,LUCY,36,36,34,35,2375700
8/2/2021,LUCY-W,11,11,9,11,868600
8/2/2021,MABA,50,50,50,50,0
8/2/2021,MAGP,50,50,50,50,0
8/2/2021,MAIN,720,740,695,705,7092200
8/2/2021,MAMI,50,50,50,50,8400
8/2/2021,MAMI-W,6,7,6,6,10309300
8/2/2021,MAMIP,600,600,600,600,0
8/2/2021,MAPA,1670,1850,1655,1725,3201300
8/2/2021,MAPB,1400,1400,1400,1400,200
8/2/2021,MAPI,620,655,610,645,8527200
8/2/2021,MARI,468,480,464,468,43317100
8/2/2021,MARK,900,965,900,950,6807300
8/2/2021,MASA,2600,2600,2520,2590,10800
8/2/2021,MASB,3350,3360,3340,3350,439400
8/2/2021,MASB-W,250,260,244,254,150000
8/2/2021,MAYA,1445,1445,1345,1345,2059800
8/2/2021,MBAP,3040,3210,3040,3100,123000
8/2/2021,MBSS,535,570,535,565,4188000
8/2/2021,MBTO,149,150,146,149,290000
8/2/2021,MCAS,8275,8600,8150,8275,379100
8/2/2021,MCOR,134,135,131,133,29771000
8/2/2021,MDIA,56,57,55,56,4305600
8/2/2021,MDKA,2960,3000,2860,2890,28328600
8/2/2021,MDKI,208,208,200,204,3183500
8/2/2021,MDLN,51,51,51,51,0
8/2/2021,MDRN,50,50,50,50,400
8/2/2021,MEDC,490,500,476,480,57517900
8/2/2021,MEGA,7950,8000,7875,8000,11900
8/2/2021,MERK,3360,3360,3320,3350,20300
8/2/2021,META,120,120,118,118,4477300
8/2/2021,MFIN,1085,1100,1080,1100,20400
8/2/2021,MFMI,665,665,630,640,53700
8/2/2021,MGLV,103,103,103,103,800
8/2/2021,MGLV-W,9,9,7,8,3262600
8/2/2021,MGNA,50,50,50,50,0
8/2/2021,MGRO,680,685,675,675,3137200
8/2/2021,MICE,336,342,334,342,59000
8/2/2021,MIDI,1875,2190,1875,1985,11100
8/2/2021,MIKA,2580,2610,2520,2550,36158600
8/2/2021,MINA,51,51,50,50,2973500
8/2/2021,MIRA,50,50,50,50,0
8/2/2021,MITI,94,98,93,93,2161200
8/2/2021,MKNT,50,50,50,50,8816900
8/2/2021,MKPI,25100,25100,25100,25100,0
8/2/2021,MLBI,7575,7575,7350,7425,46200
8/2/2021,MLIA,1170,1200,1130,1185,6161300
8/2/2021,MLPL,570,575,525,530,224643400
8/2/2021,MLPT,4300,4310,4010,4090,7991400
8/2/2021,MMLP,730,800,725,755,70443500
8/2/2021,MNCN,800,800,780,790,40451000
8/2/2021,MOLI,1010,1050,1010,1035,17300
8/2/2021,MPMX,705,710,695,705,9597600
8/2/2021,MPOW,81,87,81,86,3029800
8/2/2021,MPPA,950,970,930,955,26147200
8/2/2021,MPRO,468,560,468,550,4400
8/2/2021,MRAT,362,378,362,372,562800
8/2/2021,MREI,4210,4210,3920,3960,1000
8/2/2021,MSIN,434,476,422,462,52927800
8/2/2021,MSKY,394,396,378,378,60300
8/2/2021,MTDL,2630,2750,2600,2650,7406000
8/2/2021,MTFN,50,50,50,50,0
8/2/2021,MTLA,398,406,384,384,39800
8/2/2021,MTPS,140,141,136,140,1923200
8/2/2021,MTRA,244,244,244,244,0
8/2/2021,MTSM,174,187,174,187,50200
8/2/2021,MTWI,122,125,121,121,1288100
8/2/2021,MYOH,1465,1475,1430,1475,70200
8/2/2021,MYOR,2210,2240,2180,2230,1187100
8/2/2021,MYRX,50,50,50,50,0
8/2/2021,MYRXP,50,50,50,50,0
8/2/2021,MYTX,85,94,85,88,2870600
8/2/2021,NASA,82,85,82,82,1352500
8/2/2021,NATO,550,565,545,560,256067200
8/2/2021,NATO-W,248,248,248,248,0
8/2/2021,NELY,202,204,202,202,272000
8/2/2021,NFCX,9100,9800,9100,9425,3240400
8/2/2021,NICK,500,530,430,440,1594700
8/2/2021,NICL,184,185,172,172,716161200
8/2/2021,NICL-W,14,15,13,14,93273600
8/2/2021,NIKL,1100,1115,1085,1095,277700
8/2/2021,NIPS,282,282,282,282,0
8/2/2021,NIRO,147,147,147,147,30500
8/2/2021,NISP,720,735,720,720,502400
8/2/2021,NOBU,1340,1385,1245,1260,3380300
8/2/2021,NPGF,156,159,150,155,14491500
8/2/2021,NRCA,296,296,286,290,238200
8/2/2021,NUSA,50,50,50,50,0
8/2/2021,NZIA,147,149,141,142,66300
8/2/2021,OASA,250,250,234,248,62000
8/2/2021,OCAP,159,159,159,159,0
8/2/2021,OKAS,79,81,77,78,926600
8/2/2021,OMRE,1100,1100,1030,1030,8700
8/2/2021,OPMS,344,360,342,356,3802300
8/2/2021,PADI,50,50,50,50,146600
8/2/2021,PALM,545,590,540,585,1185700
8/2/2021,PAMG,79,85,78,81,1491600
8/2/2021,PANI,179,187,174,185,216500
8/2/2021,PANR,119,119,114,116,702400
8/2/2021,PANS,1460,1460,1415,1445,246200
8/2/2021,PBID,1915,1925,1845,1870,1353700
8/2/2021,PBRX,162,162,151,151,4070900
8/2/2021,PBSA,695,695,650,690,71300
8/2/2021,PCAR,330,330,310,330,82900
8/2/2021,PDES,298,302,278,278,302500
8/2/2021,PEGE,185,200,175,200,167100
8/2/2021,PEHA,1170,1175,1160,1170,319100
8/2/2021,PGAS,980,990,960,990,86357700
8/2/2021,PGJO,81,86,77,80,261600
8/2/2021,PGLI,252,252,220,220,49800
8/2/2021,PGUN,226,228,200,204,58900
8/2/2021,PICO,129,138,129,138,2030500
8/2/2021,PJAA,496,496,494,496,85800
8/2/2021,PKPK,64,66,63,65,3272500
8/2/2021,PLAN,28,29,28,28,3715100
8/2/2021,PLAN-W,8,9,7,9,1753300
8/2/2021,PLAS,50,50,50,50,0
8/2/2021,PLIN,2450,2450,2450,2450,0
8/2/2021,PMJS,125,134,125,127,202600
8/2/2021,PMMP,535,545,515,535,16775300
8/2/2021,PNBN,725,750,725,750,7799500
8/2/2021,PNBS,151,151,144,144,155035600
8/2/2021,PNGO,1445,1445,1445,1445,200
8/2/2021,PNIN,760,780,755,775,736400
8/2/2021,PNLF,181,185,181,182,20999100
8/2/2021,PNSE,430,430,406,406,26000
8/2/2021,POLA,158,162,158,158,65600
8/2/2021,POLA-W,51,70,51,61,92200
8/2/2021,POLI,725,725,695,695,13200
8/2/2021,POLL,3520,3550,3480,3500,3140700
8/2/2021,POLU,282,282,282,282,1500
8/2/2021,POLY,57,57,55,57,238700
8/2/2021,POOL,50,50,50,50,0
8/2/2021,PORT,610,610,575,575,16600
8/2/2021,POSA,50,50,50,50,0
8/2/2021,POWR,630,630,615,620,5760500
8/2/2021,PPGL,77,82,76,81,13964800
8/2/2021,PPGL-W,9,10,9,10,1824700
8/2/2021,PPRE,192,197,185,197,8187100
8/2/2021,PPRO,69,71,69,70,50161000
8/2/2021,PRAS,175,216,175,181,40878400
8/2/2021,PRDA,7350,7500,7175,7300,3143900
8/2/2021,PRIM,346,362,338,348,5088300
8/2/2021,PSAB,178,180,177,177,8141600
8/2/2021,PSDN,198,200,197,198,22200
8/2/2021,PSGO,137,143,136,140,7200
8/2/2021,PSKT,50,50,50,50,300
8/2/2021,PSSI,240,258,240,244,337500
8/2/2021,PTBA,2250,2270,2210,2240,13784600
8/2/2021,PTDU,1000,1170,945,970,10804000
8/2/2021,PTIS,294,294,276,288,400
8/2/2021,PTPP,840,875,820,865,57537600
8/2/2021,PTPW,860,865,845,855,1298800
8/2/2021,PTRO,1940,1970,1935,1965,1161400
8/2/2021,PTSN,290,298,282,282,6121200
8/2/2021,PTSP,5400,5400,5400,5400,0
8/2/2021,PUDP,280,336,268,270,3566200
8/2/2021,PURA,50,50,50,50,674000
8/2/2021,PURA-W,7,8,7,7,1727900
8/2/2021,PURE,99,99,94,96,3355300
8/2/2021,PURI,358,370,346,366,2700
8/2/2021,PWON,410,434,402,430,82578400
8/2/2021,PYFA,1150,1260,1150,1230,4394400
8/2/2021,PZZA,600,610,595,605,461300
8/2/2021,R-ABFII,28600,28600,28600,28600,0
8/2/2021,R-LQ45X,886,886,872,883,54000
8/2/2021,RAJA,196,200,194,195,3701900
8/2/2021,RALS,630,650,625,640,6868500
8/2/2021,RANC,775,810,775,800,2628200
8/2/2021,RBMS,50,50,50,50,61600
8/2/2021,RDTX,6800,7000,6800,7000,400
8/2/2021,REAL,50,50,50,50,112700
8/2/2021,RELI,360,360,360,360,4800
8/2/2021,RICY,84,84,81,83,204300
8/2/2021,RIGS,204,206,200,202,72000
8/2/2021,RIMO,50,50,50,50,0
8/2/2021,RISE,398,398,384,384,294500
8/2/2021,RMBA,278,280,266,278,7600
8/2/2021,ROCK,660,660,660,660,0
8/2/2021,RODA,90,92,89,90,5119500
8/2/2021,RONY,204,212,204,212,72600
8/2/2021,ROTI,1350,1350,1340,1350,61200
8/2/2021,RUIS,224,228,218,218,62000
8/2/2021,SAFE,191,210,191,202,9800
8/2/2021,SAME,670,675,655,660,47501700
8/2/2021,SAMF,1095,1325,1095,1095,22294300
8/2/2021,SAPX,1130,1130,1055,1055,142500
8/2/2021,SATU,53,54,52,53,10643300
8/2/2021,SBAT,50,50,50,50,14183300
8/2/2021,SBAT-W,15,16,15,16,6192900
8/2/2021,SCCO,11075,11175,10700,11175,900
8/2/2021,SCMA,2300,2340,2220,2250,20235000
8/2/2021,SCNP,384,418,372,372,5556300
8/2/2021,SCPI,29000,29000,29000,29000,0
8/2/2021,SDMU,50,53,50,50,8614800
8/2/2021,SDPC,155,155,151,151,42400
8/2/2021,SDRA,790,850,735,830,537000
8/2/2021,SFAN,1285,1300,1285,1295,433100
8/2/2021,SGER,330,368,330,344,5573700
8/2/2021,SGER-W,230,270,230,236,280600
8/2/2021,SGRO,1880,1920,1870,1900,120900
8/2/2021,SHID,1475,1475,1390,1390,10400
8/2/2021,SHIP,610,620,600,610,712800
8/2/2021,SIDO,805,815,800,800,9227900
8/2/2021,SILO,8325,8675,8325,8600,415500
8/2/2021,SIMA,50,50,50,50,0
8/2/2021,SIMP,446,448,432,440,4245400
8/2/2021,SINI,288,288,268,278,84700
8/2/2021,SINI-W,165,165,164,164,600
8/2/2021,SIPD,1550,1555,1550,1550,87500
8/2/2021,SKBM,346,346,346,346,1000
8/2/2021,SKLT,2080,2150,2080,2150,6100
8/2/2021,SKRN,680,735,675,725,1120500
8/2/2021,SKYB,51,51,51,51,0
8/2/2021,SLIS,12725,12725,11825,11825,5500
8/2/2021,SMAR,4000,4000,4000,4000,11300
8/2/2021,SMBR,585,595,570,585,1409400
8/2/2021,SMCB,1795,1810,1780,1780,375100
8/2/2021,SMDM,118,118,110,114,1115300
8/2/2021,SMDR,690,725,685,685,31079200
8/2/2021,SMGR,7975,7975,7675,7800,6368100
8/2/2021,SMKL,248,250,246,250,887500
8/2/2021,SMKL-W,23,23,20,20,1246000
8/2/2021,SMMA,10750,10750,10750,10750,900
8/2/2021,SMMT,111,122,111,117,1433100
8/2/2021,SMRA,750,780,740,770,48355000
8/2/2021,SMRU,50,50,50,50,0
8/2/2021,SMSM,1365,1365,1330,1330,220500
8/2/2021,SNLK,1020,1040,985,1040,13032400
8/2/2021,SOCI,193,194,187,187,14076400
8/2/2021,SOFA,262,262,256,256,1788200
8/2/2021,SOHO,5050,5050,4950,4980,10500
8/2/2021,SONA,5425,5425,5425,5425,0
8/2/2021,SOSS,432,432,384,384,109700
8/2/2021,SOSS-W,38,38,38,38,1200
8/2/2021,SOTS,530,550,525,530,693100
8/2/2021,SOTS-W,72,72,61,68,62700
8/2/2021,SPMA,374,378,350,354,1765600
8/2/2021,SPTO,520,530,510,520,1192100
8/2/2021,SQMI,179,183,179,181,72600
8/2/2021,SRAJ,336,344,326,326,721900
8/2/2021,SRIL,146,146,146,146,0
8/2/2021,SRSN,57,57,56,57,1310800
8/2/2021,SRTG,1860,1915,1820,1850,13570100
8/2/2021,SSIA,498,500,494,494,17797400
8/2/2021,SSMS,835,845,825,830,6312300
8/2/2021,SSTM,610,625,605,615,18400
8/2/2021,STAR,125,125,120,123,36300
8/2/2021,STTP,8025,8025,8025,8025,100
8/2/2021,SUGI,50,50,50,50,0
8/2/2021,SULI,50,50,50,50,808600
8/2/2021,SUPR,8000,8000,8000,8000,0
8/2/2021,SURE,2000,2000,2000,2000,700
8/2/2021,SWAT,73,78,72,74,4055400
8/2/2021,TALF,298,300,290,290,12500
8/2/2021,TAMA,61,64,60,63,8430000
8/2/2021,TAMA-W,14,15,13,14,7486800
8/2/2021,TAMU,50,50,50,50,500
8/2/2021,TAPG,705,710,670,680,34435100
8/2/2021,TARA,50,50,50,50,1000
8/2/2021,TAXI,50,50,50,50,0
8/2/2021,TBIG,3250,3310,3190,3190,45073500
8/2/2021,TBLA,800,825,800,820,603300
8/2/2021,TBMS,1630,1700,1600,1700,145000
8/2/2021,TCID,5500,5975,5500,5700,14500
8/2/2021,TCPI,9100,9200,8900,9125,7537100
8/2/2021,TDPM,119,119,119,119,0
8/2/2021,TEBE,384,392,382,382,119400
8/2/2021,TECH,3180,3230,3100,3150,127200
8/2/2021,TELE,121,121,121,121,0
8/2/2021,TFAS,5825,6100,5675,5850,1264000
8/2/2021,TFCO,640,640,640,640,0
8/2/2021,TGKA,7300,7500,7300,7500,1500
8/2/2021,TGRA,99,107,97,106,57449600
8/2/2021,TIFA,910,980,910,980,2100
8/2/2021,TINS,1665,1700,1630,1685,37205100
8/2/2021,TIRA,404,408,378,400,87500
8/2/2021,TIRT,50,50,50,50,2800
8/2/2021,TKIM,6825,7000,6700,6950,3511000
8/2/2021,TLKM,3240,3310,3210,3310,60368200
8/2/2021,TMAS,310,316,296,296,11910900
8/2/2021,TMPO,135,140,135,138,104900
8/2/2021,TNCA,400,414,376,380,1979000
8/2/2021,TOBA,492,492,486,486,4600
8/2/2021,TOPS,50,50,50,50,1800
8/2/2021,TOTL,296,298,294,298,617100
8/2/2021,TOTO,202,204,200,204,163600
8/2/2021,TOWR,1465,1475,1390,1405,137997000
8/2/2021,TOYS,70,71,69,69,9899500
8/2/2021,TOYS-W,15,15,14,14,1642700
8/2/2021,TPIA,9450,9500,9175,9300,4584800
8/2/2021,TPMA,725,800,675,720,30400
8/2/2021,TRAM,50,50,50,50,0
8/2/2021,TRIL,50,50,50,50,0
8/2/2021,TRIM,190,192,177,177,7302300
8/2/2021,TRIN,147,154,144,146,4195000
8/2/2021,TRIN-W,21,22,20,20,7103500
8/2/2021,TRIO,426,426,426,426,0
8/2/2021,TRIS,111,113,109,112,148700
8/2/2021,TRIS-W,6,6,6,6,0
8/2/2021,TRJA,202,202,196,197,444700
8/2/2021,TRST,486,515,486,515,30300
8/2/2021,TRUE,920,920,920,920,0
8/2/2021,TRUE-W,30,30,30,30,0
8/2/2021,TRUK,99,100,93,95,8045000
8/2/2021,TRUS,332,332,322,322,5000
8/2/2021,TSPC,1460,1485,1430,1475,1188100
8/2/2021,TUGU,1475,1500,1470,1480,139800
8/2/2021,TURI,1150,1240,1150,1240,45400
8/2/2021,UANG,700,720,670,700,48900
8/2/2021,UCID,1655,1655,1615,1620,38900
8/2/2021,UFOE,1310,1310,1220,1240,531500
8/2/2021,ULTJ,1530,1540,1525,1535,435400
8/2/2021,UNIC,8400,8400,8350,8400,1600
8/2/2021,UNIQ,96,97,94,95,2744200
8/2/2021,UNIT,316,316,316,316,0
8/2/2021,UNSP,111,111,108,110,79800
8/2/2021,UNTR,19600,19800,19125,19300,3560300
8/2/2021,UNVR,4220,4400,4210,4400,47024900
8/2/2021,URBN,595,595,525,545,33800
8/2/2021,URBN-W,42,43,39,41,379700
8/2/2021,UVCR,160,160,134,160,203240100
8/2/2021,UVCR-W,53,58,45,47,99835900
8/2/2021,VICI,376,380,368,370,940200
8/2/2021,VICO,115,116,110,114,36300
8/2/2021,VINS,96,96,94,95,294000
8/2/2021,VIVA,50,51,50,50,34828800
8/2/2021,VOKS,179,183,179,179,31000
8/2/2021,VRNA,123,129,123,127,148800
8/2/2021,WAPO,107,107,101,102,552400
8/2/2021,WEGE,171,174,167,173,9463500
8/2/2021,WEHA,124,125,116,116,8752900
8/2/2021,WICO,440,440,440,440,0
8/2/2021,WIFI,870,875,810,810,34560100
8/2/2021,WIFI-W,318,318,290,290,97900
8/2/2021,WIIM,565,575,555,575,8089300
8/2/2021,WIKA,925,970,915,945,53354500
8/2/2021,WINS,130,131,125,126,5867200
8/2/2021,WMUU,163,164,160,161,13259400
8/2/2021,WOMF,236,240,232,238,57100
8/2/2021,WOOD,810,810,785,785,19426100
8/2/2021,WOWS,50,50,50,50,35000
8/2/2021,WSBP,131,134,129,130,21192100
8/2/2021,WSKT,880,920,840,905,37377000
8/2/2021,WTON,228,236,224,232,7371800
8/2/2021,XAFA,1055,1055,1055,1055,0
8/2/2021,XAQA,828,828,828,828,0
8/2/2021,XBES,827,827,827,827,0
8/2/2021,XBID,463,463,463,463,0
8/2/2021,XBIN,435,435,435,435,0
8/2/2021,XBLQ,424,424,424,424,0
8/2/2021,XBNI,905,905,905,905,200
8/2/2021,XBSK,328,328,328,328,0
8/2/2021,XCID,88,88,84,85,23000
8/2/2021,XCIS,105,105,105,105,0
8/2/2021,XCLQ,87,89,86,86,9100
8/2/2021,XDIF,418,418,418,418,0
8/2/2021,XDSG,860,860,860,860,0
8/2/2021,XIFE,90,90,90,90,7400
8/2/2021,XIHD,423,423,420,422,3600
8/2/2021,XIIC,870,870,870,870,500
8/2/2021,XIID,455,455,455,455,0
8/2/2021,XIIF,472,472,460,466,2500
8/2/2021,XIIT,474,474,465,467,39800
8/2/2021,XIJI,570,570,560,565,39800
8/2/2021,XILV,100,100,98,100,5700
8/2/2021,XIML,224,224,224,224,1400
8/2/2021,XIPI,158,159,158,159,257700
8/2/2021,XISB,398,398,398,398,0
8/2/2021,XISC,636,636,626,626,12000
8/2/2021,XISI,310,310,307,308,1400
8/2/2021,XISR,326,326,326,326,6400
8/2/2021,XKIV,450,450,450,450,0
8/2/2021,XKMS,935,935,935,935,100
8/2/2021,XMIG,158,158,158,158,0
8/2/2021,XMJM,1001,1001,1001,1001,0
8/2/2021,XMTS,406,406,406,406,0
8/2/2021,XNVE,127,127,127,127,13200
8/2/2021,XPCR,810,810,810,810,0
8/2/2021,XPDV,399,399,399,399,0
8/2/2021,XPES,346,346,346,346,300
8/2/2021,XPFT,473,473,473,473,0
8/2/2021,XPID,458,458,458,458,800
8/2/2021,XPLC,412,412,412,412,0
8/2/2021,XPLQ,448,448,448,448,0
8/2/2021,XPMI,830,830,830,830,0
8/2/2021,XPSG,339,339,339,339,0
8/2/2021,XPTD,446,446,446,446,0
8/2/2021,XSBC,102,102,92,92,7300
8/2/2021,XSMU,118,118,118,118,500
8/2/2021,XSPI,750,750,750,750,0
8/2/2021,XSRI,162,162,162,162,0
8/2/2021,XSSI,76,76,74,76,18100
8/2/2021,XSSK,558,558,558,558,0
8/2/2021,YELO,300,322,292,310,68815200
8/2/2021,YELO-W,55,57,49,52,18327700
8/2/2021,YPAS,464,464,464,464,0
8/2/2021,YULE,430,500,430,466,9100
8/2/2021,ZBRA,890,935,880,920,1750400
8/2/2021,ZINC,152,160,152,160,912801600
8/2/2021,ZONE,408,408,402,402,44500
8/2/2021,ZYRX,750,780,740,740,3461800
8/2/2021,ZYRX-W,117,120,100,100,3594200
