<date>,<ticker>,<open>,<high>,<low>,<close>,<volume>
2/2/2021,IHSG,6119.011,6157.249,6018.094,6043.841,242538963
2/2/2021,AALI,11600,11825,11075,11150,3231000
2/2/2021,ABBA,59,67,58,59,30306300
2/2/2021,ABDA,5900,5900,5900,5900,600
2/2/2021,ABMM,760,760,695,710,258500
2/2/2021,ACES,1620,1640,1605,1615,37090800
2/2/2021,ACST,374,396,360,370,98264800
2/2/2021,ADES,1510,1600,1510,1580,41600
2/2/2021,ADHI,1485,1520,1385,1385,47191800
2/2/2021,ADMF,8500,8500,8300,8400,368400
2/2/2021,ADMG,157,169,156,161,3125200
2/2/2021,ADRO,1230,1265,1185,1200,176841000
2/2/2021,AGAR,386,420,386,416,9000
2/2/2021,AGII,1640,1700,1515,1515,65248400
2/2/2021,AGRO,875,900,805,805,162569700
2/2/2021,AGRS,204,210,204,208,44100
2/2/2021,AHAP,59,60,57,59,7500
2/2/2021,AIMS,130,147,129,130,41300
2/2/2021,AISA,242,280,234,272,395444200
2/2/2021,AKKU,50,50,50,50,400
2/2/2021,AKPI,460,500,458,480,600
2/2/2021,AKRA,3050,3240,3020,3240,45878600
2/2/2021,AKSI,555,690,550,610,1967000
2/2/2021,ALDO,444,444,428,428,92300
2/2/2021,ALKA,274,274,256,266,7300
2/2/2021,ALMI,234,270,234,266,10400
2/2/2021,ALTO,328,328,308,308,3800
2/2/2021,AMAG,224,226,220,224,152400
2/2/2021,AMAN,322,324,322,324,127200
2/2/2021,AMAR,234,250,222,248,311200
2/2/2021,AMFG,2800,2850,2800,2850,700
2/2/2021,AMIN,272,272,254,270,12000
2/2/2021,AMOR,3160,3190,3140,3190,2398200
2/2/2021,AMRT,780,800,780,785,408600
2/2/2021,ANDI,56,57,53,53,11185300
2/2/2021,ANJT,640,645,625,625,14900
2/2/2021,ANTM,2600,2630,2420,2420,942434300
2/2/2021,APEX,620,620,620,620,47000
2/2/2021,APIC,785,815,775,815,11557500
2/2/2021,APII,164,177,164,172,302400
2/2/2021,APLI,208,208,196,196,315200
2/2/2021,APLN,170,173,163,163,73790200
2/2/2021,ARGO,1730,1740,1625,1740,10100
2/2/2021,ARII,236,236,204,218,64800
2/2/2021,ARKA,50,50,50,50,208700
2/2/2021,ARMY,50,50,50,50,0
2/2/2021,ARNA,700,700,675,685,855200
2/2/2021,ARTA,250,250,250,250,100
2/2/2021,ARTI,50,50,50,50,1000
2/2/2021,ARTO,7000,7300,7000,7100,3474800
2/2/2021,ASBI,306,306,292,292,200
2/2/2021,ASDM,885,885,870,880,2100
2/2/2021,ASGR,810,820,785,795,470100
2/2/2021,ASII,6150,6150,5875,5975,42421400
2/2/2021,ASJT,212,220,208,210,611800
2/2/2021,ASMI,965,965,945,945,8200
2/2/2021,ASPI,63,70,63,69,899000
2/2/2021,ASPI-W,7,8,6,7,7055100
2/2/2021,ASRI,220,228,208,210,280851900
2/2/2021,ASRM,1560,1560,1560,1560,500
2/2/2021,ASSA,870,920,840,840,34565400
2/2/2021,ATAP,115,115,101,102,385800
2/2/2021,ATIC,690,700,660,700,2700
2/2/2021,AUTO,1025,1055,1020,1035,1453900
2/2/2021,AYLS,50,50,50,50,20700
2/2/2021,AYLS-W,1,2,1,1,5988700
2/2/2021,BABP,50,50,50,50,568900
2/2/2021,BABP-W3,1,1,1,1,0
2/2/2021,BABP-W4,9,9,9,9,500
2/2/2021,BACA,380,400,380,380,2100
2/2/2021,BACA-W2,100,100,100,100,0
2/2/2021,BAJA,120,122,116,117,1068400
2/2/2021,BALI,730,730,695,710,15800
2/2/2021,BANK,187,187,187,187,85000
2/2/2021,BANK-W,186,186,173,186,1025000
2/2/2021,BAPA,50,50,50,50,100
2/2/2021,BAPI,50,50,50,50,25400
2/2/2021,BAPI-W,2,2,1,2,2033400
2/2/2021,BATA,615,615,615,615,0
2/2/2021,BAYU,1110,1120,1055,1055,500
2/2/2021,BBCA,34825,34900,34000,34000,17348200
2/2/2021,BBHI,730,730,660,660,6117600
2/2/2021,BBKP,482,530,450,464,1166197100
2/2/2021,BBLD,274,320,274,276,356100
2/2/2021,BBMD,1400,1400,1400,1400,5000
2/2/2021,BBNI,5875,6050,5850,5900,56885900
2/2/2021,BBRI,4490,4490,4260,4360,152295400
2/2/2021,BBRM,50,50,50,50,0
2/2/2021,BBSI,1200,1425,1200,1425,938200
2/2/2021,BBSS,85,87,84,85,431100
2/2/2021,BBSS-W,3,3,2,3,3124200
2/2/2021,BBTN,1690,1780,1655,1740,115789600
2/2/2021,BBYB,342,354,326,328,520800
2/2/2021,BCAP,140,141,133,137,11844300
2/2/2021,BCIC,700,700,700,700,0
2/2/2021,BCIP,57,59,55,58,2265000
2/2/2021,BDMN,2940,3030,2940,2990,3018600
2/2/2021,BEEF,111,132,111,132,37010700
2/2/2021,BEKS,77,83,74,74,278953800
2/2/2021,BELL,152,152,151,151,1504900
2/2/2021,BESS,238,238,234,238,461000
2/2/2021,BESS-W,81,116,81,116,200
2/2/2021,BEST,155,158,149,150,78612100
2/2/2021,BFIN,700,715,675,680,46596700
2/2/2021,BGTG,70,71,68,68,1745400
2/2/2021,BHAT,650,675,650,670,144517800
2/2/2021,BHIT,55,61,55,57,73056100
2/2/2021,BIKA,186,186,175,175,2200
2/2/2021,BIMA,50,50,50,50,200
2/2/2021,BINA,830,860,800,860,1250700
2/2/2021,BIPI,50,50,50,50,355500
2/2/2021,BIPI-W,9,9,8,9,276000
2/2/2021,BIPP,50,50,50,50,200
2/2/2021,BIRD,1250,1280,1190,1280,2655200
2/2/2021,BISI,1100,1135,1100,1125,2616200
2/2/2021,BJBR,1550,1565,1480,1480,20453600
2/2/2021,BJTM,795,810,750,755,72968900
2/2/2021,BKDP,50,50,50,50,24600
2/2/2021,BKSL,50,50,50,50,4271700
2/2/2021,BKSW,105,105,96,100,11200
2/2/2021,BLTA,50,50,50,50,16200
2/2/2021,BLTZ,3000,3000,3000,3000,0
2/2/2021,BLUE,725,730,705,705,235600
2/2/2021,BMAS,348,364,340,340,22100
2/2/2021,BMRI,6800,6800,6400,6475,80241400
2/2/2021,BMSR,76,76,71,76,180300
2/2/2021,BMTR,272,278,262,268,144528600
2/2/2021,BNBA,430,436,422,428,219900
2/2/2021,BNBR,50,50,50,50,166400
2/2/2021,BNGA,900,915,890,905,5440000
2/2/2021,BNII,316,346,314,318,40125300
2/2/2021,BNLI,2190,2450,2150,2290,3050700
2/2/2021,BOGA,1300,1320,1300,1320,35573600
2/2/2021,BOLA,224,272,220,264,25452300
2/2/2021,BOLT,690,855,690,770,2800
2/2/2021,BOSS,122,125,108,109,42907700
2/2/2021,BPFI,1150,1150,1150,1150,0
2/2/2021,BPII,7950,7950,7950,7950,0
2/2/2021,BPTR,76,80,76,76,2800
2/2/2021,BRAM,4750,5000,4750,5000,400
2/2/2021,BRIS,2830,2870,2610,2610,307312300
2/2/2021,BRMS,85,90,83,84,235804200
2/2/2021,BRNA,1155,1295,1155,1175,32200
2/2/2021,BRPT,995,1170,965,1145,216929200
2/2/2021,BRPT-W,850,975,850,975,1200
2/2/2021,BSDE,1195,1200,1120,1145,30316600
2/2/2021,BSIM,575,595,535,570,226500
2/2/2021,BSIM-W3,19,25,7,14,467800
2/2/2021,BSSR,1550,1580,1550,1560,5800
2/2/2021,BSWD,1750,1750,1750,1750,0
2/2/2021,BTEK,50,50,50,50,200
2/2/2021,BTEL,50,50,50,50,0
2/2/2021,BTON,306,306,300,306,4200
2/2/2021,BTPN,2780,2800,2760,2760,58300
2/2/2021,BTPS,3600,3630,3510,3600,6995300
2/2/2021,BUDI,98,100,98,98,1148600
2/2/2021,BUKK,850,950,850,850,41800
2/2/2021,BULL,372,384,362,366,273036400
2/2/2021,BULL-W2,170,170,160,170,169000
2/2/2021,BUMI,63,76,63,63,5443770300
2/2/2021,BUVA,50,52,50,51,203300
2/2/2021,BVIC,113,116,113,113,1447100
2/2/2021,BWPT,121,124,113,114,75754400
2/2/2021,BYAN,14500,14500,14500,14500,200
2/2/2021,CAKK,62,65,61,61,2677100
2/2/2021,CAMP,236,256,220,232,29277200
2/2/2021,CANI,398,492,396,492,65200
2/2/2021,CARE,302,312,300,306,138549700
2/2/2021,CARS,50,50,50,50,139600
2/2/2021,CASA,358,362,356,356,1411500
2/2/2021,CASA-W,71,71,71,71,0
2/2/2021,CASH,364,364,328,330,439800
2/2/2021,CASH-W,6,6,5,6,1598300
2/2/2021,CASS,232,236,218,228,872600
2/2/2021,CBMF,448,448,424,438,2330600
2/2/2021,CCSI,224,230,220,228,597700
2/2/2021,CEKA,1790,1815,1775,1795,85900
2/2/2021,CENT,160,161,152,156,3331200
2/2/2021,CFIN,232,238,228,234,1272900
2/2/2021,CINT,220,248,220,220,3600
2/2/2021,CITA,2710,2720,2530,2720,1900
2/2/2021,CITY,187,187,171,179,5000
2/2/2021,CITY-W,49,72,49,59,43000
2/2/2021,CLAY,1400,1450,1355,1450,6500
2/2/2021,CLEO,496,500,478,496,8139000
2/2/2021,CLPI,775,785,740,775,460200
2/2/2021,CMNP,1400,1410,1350,1410,134500
2/2/2021,CMNP-W,478,500,400,450,89000
2/2/2021,CMPP,184,184,184,184,0
2/2/2021,CNKO,50,50,50,50,0
2/2/2021,CNTB,250,250,250,250,0
2/2/2021,CNTX,189,189,189,189,39700
2/2/2021,COCO,408,498,408,498,1164900
2/2/2021,COCO-W,100,100,100,100,0
2/2/2021,COWL,50,50,50,50,0
2/2/2021,CPIN,6100,6150,5900,6000,5620200
2/2/2021,CPRI,50,50,50,50,100
2/2/2021,CPRI-W,11,11,11,11,771000
2/2/2021,CPRO,50,50,50,50,793600
2/2/2021,CSAP,374,374,370,370,500
2/2/2021,CSIS,62,62,55,57,4366900
2/2/2021,CSMI,1150,1150,1025,1100,28700
2/2/2021,CSRA,296,316,296,308,1268900
2/2/2021,CTBN,2930,2930,2930,2930,0
2/2/2021,CTRA,1000,1010,950,955,22217700
2/2/2021,CTTH,50,51,50,50,1059400
2/2/2021,DADA,50,50,50,50,374000
2/2/2021,DADA-W,3,4,3,4,2513100
2/2/2021,DART,200,200,198,200,26200
2/2/2021,DAYA,326,400,324,388,9000
2/2/2021,DCII,9450,10275,7975,7975,296500
2/2/2021,DEAL,139,142,138,140,13572700
2/2/2021,DEAL-W,5,5,5,5,100
2/2/2021,DEFI,1680,1685,1675,1675,10300
2/2/2021,DEWA,50,53,50,50,443312000
2/2/2021,DFAM,181,183,171,171,54300
2/2/2021,DFAM-W,119,119,8,119,3300
2/2/2021,DGIK,50,50,50,50,20500
2/2/2021,DGNS,760,790,740,745,13609600
2/2/2021,DIGI,398,398,398,398,0
2/2/2021,DILD,210,220,204,208,44611400
2/2/2021,DIVA,2300,2300,2300,2300,29800
2/2/2021,DKFT,159,167,150,152,68322900
2/2/2021,DLTA,3910,3940,3800,3800,32000
2/2/2021,DMAS,220,228,216,220,55446100
2/2/2021,DMMX,276,280,262,262,55572900
2/2/2021,DMND,900,915,895,910,4300
2/2/2021,DNAR,171,171,168,171,93300
2/2/2021,DNET,3290,3370,3290,3370,600
2/2/2021,DOID,302,314,296,302,118603500
2/2/2021,DPNS,268,278,268,276,800
2/2/2021,DPUM,50,50,50,50,6300
2/2/2021,DSFI,66,68,65,66,169100
2/2/2021,DSNG,575,595,565,565,26876800
2/2/2021,DSSA,11950,11950,11950,11950,0
2/2/2021,DUCK,266,288,262,288,48991600
2/2/2021,DUTI,3770,3770,3770,3770,0
2/2/2021,DVLA,2390,2410,2360,2410,6100
2/2/2021,DWGL,170,170,158,170,71300
2/2/2021,DWGL-W,28,28,22,26,51600
2/2/2021,DYAN,56,59,56,57,1111500
2/2/2021,EAST,54,57,54,57,992300
2/2/2021,EAST-W,4,5,4,5,1157300
2/2/2021,ECII,960,1090,960,1090,11300
2/2/2021,EKAD,1190,1220,1185,1190,277600
2/2/2021,ELSA,380,392,362,366,512034700
2/2/2021,ELTY,50,50,50,50,17900
2/2/2021,EMDE,181,188,175,188,53700
2/2/2021,EMTK,2060,2140,2010,2070,10500800
2/2/2021,ENRG,104,119,104,107,233720800
2/2/2021,ENVY,50,50,50,50,0
2/2/2021,ENZO,50,50,50,50,28900
2/2/2021,ENZO-W,6,7,5,7,545000
2/2/2021,EPAC,72,77,71,73,6438100
2/2/2021,EPMT,2130,2150,2050,2100,54200
2/2/2021,ERAA,2800,2910,2660,2690,28601200
2/2/2021,ERTX,110,115,107,114,1800
2/2/2021,ESIP,70,73,68,72,5691400
2/2/2021,ESIP-W,6,7,5,6,2574400
2/2/2021,ESSA,230,248,222,230,65716400
2/2/2021,ESTA,112,112,107,107,200
2/2/2021,ESTI,77,99,72,72,121485500
2/2/2021,ETWA,62,62,62,62,0
2/2/2021,EXCL,2330,2360,2240,2270,21978200
2/2/2021,FAPA,2420,2450,2390,2450,169700
2/2/2021,FAST,1025,1025,1000,1010,9700
2/2/2021,FASW,7600,7600,7600,7600,0
2/2/2021,FILM,360,360,324,324,115244800
2/2/2021,FINN,50,50,50,50,0
2/2/2021,FIRE,625,755,585,585,46577000
2/2/2021,FISH,3600,3600,3600,3600,0
2/2/2021,FITT,81,100,81,89,457400
2/2/2021,FITT-W,20,30,20,27,159200
2/2/2021,FMII,695,695,650,650,27600
2/2/2021,FOOD,98,100,97,98,48900
2/2/2021,FORU,100,100,100,100,100
2/2/2021,FORZ,50,50,50,50,0
2/2/2021,FPNI,224,254,218,222,33035700
2/2/2021,FREN,58,61,56,59,580086100
2/2/2021,FREN-W,34,34,30,31,831300
2/2/2021,FUJI,119,120,118,120,900
2/2/2021,GAMA,50,50,50,50,0
2/2/2021,GDST,96,99,91,92,7720700
2/2/2021,GDYR,1410,1410,1410,1410,0
2/2/2021,GEMA,348,348,334,348,48600
2/2/2021,GEMS,2550,2550,2550,2550,0
2/2/2021,GGRM,38500,40700,38500,39050,2196400
2/2/2021,GGRP,352,360,350,352,5200
2/2/2021,GHON,1800,1800,1795,1800,5600
2/2/2021,GIAA,320,328,312,324,71477400
2/2/2021,GJTL,775,845,755,775,36388500
2/2/2021,GLOB,420,420,420,420,0
2/2/2021,GLVA,356,376,356,360,11000
2/2/2021,GMFI,112,117,108,113,34858600
2/2/2021,GMTD,17950,17950,17950,17950,0
2/2/2021,GOLD,256,256,250,250,65700
2/2/2021,GOLL,50,50,50,50,0
2/2/2021,GOOD,1235,1250,1230,1250,742500
2/2/2021,GPRA,63,65,59,61,1112200
2/2/2021,GSMF,111,118,111,118,4900
2/2/2021,GTBO,75,75,75,75,0
2/2/2021,GWSA,127,130,120,127,169500
2/2/2021,GZCO,50,50,50,50,18800
2/2/2021,HADE,50,50,50,50,0
2/2/2021,HDFA,120,120,120,120,700
2/2/2021,HDIT,292,292,256,274,3881000
2/2/2021,HDTX,120,120,120,120,0
2/2/2021,HEAL,4000,4120,4000,4050,1500100
2/2/2021,HELI,222,222,208,208,23000
2/2/2021,HELI-W,3,3,1,2,270800
2/2/2021,HERO,945,945,900,945,51000
2/2/2021,HEXA,3270,3320,3230,3240,968200
2/2/2021,HITS,470,470,470,470,0
2/2/2021,HKMU,86,96,85,87,51233100
2/2/2021,HMSP,1375,1470,1360,1405,123090900
2/2/2021,HOKI,1000,1020,945,950,31093500
2/2/2021,HOME,50,50,50,50,0
2/2/2021,HOMI,1350,1365,1315,1365,1055800
2/2/2021,HOTL,50,50,50,50,5300
2/2/2021,HRME,50,51,50,50,4026600
2/2/2021,HRTA,220,224,214,216,2550200
2/2/2021,HRUM,5675,6450,5675,6075,24642900
2/2/2021,IATA,50,50,50,50,29100
2/2/2021,IBFN,266,266,252,252,20000
2/2/2021,IBFN-W,4,4,4,4,500
2/2/2021,IBST,8875,8875,8875,8875,0
2/2/2021,ICBP,9250,9575,9225,9500,12534000
2/2/2021,ICON,62,71,58,63,3316300
2/2/2021,IDPR,272,280,270,280,8800
2/2/2021,IFII,130,145,130,142,62800
2/2/2021,IFSH,494,605,494,520,27600
2/2/2021,IGAR,342,348,336,342,102100
2/2/2021,IIKP,50,50,50,50,0
2/2/2021,IKAI,50,50,50,50,1200
2/2/2021,IKAN,104,109,99,99,9138500
2/2/2021,IKBI,232,232,232,232,32700
2/2/2021,IMAS,990,1120,980,1020,29552300
2/2/2021,IMJS,308,350,304,330,8692700
2/2/2021,IMPC,1390,1450,1385,1450,2971800
2/2/2021,INAF,2790,3360,2790,3010,14250700
2/2/2021,INAI,328,328,322,322,4500
2/2/2021,INCF,61,69,58,65,1192100
2/2/2021,INCI,900,900,860,880,114000
2/2/2021,INCO,6350,6375,5850,5900,50442600
2/2/2021,INDF,6300,6475,6250,6325,16938300
2/2/2021,INDO,117,125,114,121,103100
2/2/2021,INDO-W,23,23,19,19,116100
2/2/2021,INDR,2660,2800,2630,2750,25500
2/2/2021,INDS,1875,1875,1850,1860,7800
2/2/2021,INDX,50,51,50,51,11100
2/2/2021,INDY,1490,1530,1430,1435,22677900
2/2/2021,INKP,14000,14150,13100,13375,14618100
2/2/2021,INOV,146,146,131,139,171700
2/2/2021,INPC,67,70,66,67,5306800
2/2/2021,INPC-W,5,5,4,5,1612000
2/2/2021,INPP,680,680,680,680,0
2/2/2021,INPS,7100,7200,7000,7200,4900
2/2/2021,INRU,1000,1000,1000,1000,0
2/2/2021,INTA,169,175,168,169,38204300
2/2/2021,INTD,95,100,95,98,10100
2/2/2021,INTP,14600,14600,13900,14475,6276700
2/2/2021,IPCC,615,710,555,605,58519900
2/2/2021,IPCM,298,390,298,322,124771300
2/2/2021,IPOL,174,174,166,167,761100
2/2/2021,IPTV,278,280,274,278,15025200
2/2/2021,IPTV-W,20,21,19,19,231500
2/2/2021,IRRA,1685,1970,1570,1730,123481500
2/2/2021,ISAT,5150,5550,5000,5375,9211400
2/2/2021,ISSP,196,196,175,175,42084600
2/2/2021,ITIC,530,590,515,560,5482000
2/2/2021,ITMA,630,675,630,655,25900
2/2/2021,ITMA-W,70,70,70,70,0
2/2/2021,ITMG,12450,12525,11975,12075,4453300
2/2/2021,JAST,234,234,234,234,1798300
2/2/2021,JAWA,84,84,81,84,9200
2/2/2021,JAYA,117,120,110,112,2442800
2/2/2021,JAYA-W,4,4,3,3,1300800
2/2/2021,JECC,5800,5800,5800,5800,0
2/2/2021,JGLE,50,50,50,50,0
2/2/2021,JIHD,440,440,434,436,600
2/2/2021,JKON,302,314,300,304,394100
2/2/2021,JKSW,60,60,60,60,0
2/2/2021,JMAS,198,198,180,193,10700
2/2/2021,JPFA,1410,1420,1370,1405,26350800
2/2/2021,JRPT,540,555,535,540,1497600
2/2/2021,JSKY,188,208,184,188,294591200
2/2/2021,JSMR,4590,4600,4400,4460,4336600
2/2/2021,JSPT,850,850,820,825,14900
2/2/2021,JTPE,1115,1160,1105,1160,650700
2/2/2021,KAEF,3000,3550,2960,3230,58958700
2/2/2021,KARW,63,66,60,66,66200
2/2/2021,KAYU,64,69,62,62,8193000
2/2/2021,KBAG,50,50,50,50,86600
2/2/2021,KBAG-W,3,4,3,4,1506400
2/2/2021,KBLI,392,402,390,400,1557600
2/2/2021,KBLM,212,212,206,206,76700
2/2/2021,KBLV,388,388,388,388,12000
2/2/2021,KBRI,50,50,50,50,0
2/2/2021,KDSI,775,775,755,755,200
2/2/2021,KEEN,316,326,314,322,2208400
2/2/2021,KEJU,1370,1400,1370,1395,173800
2/2/2021,KIAS,50,50,50,50,150000
2/2/2021,KICI,196,196,196,196,100
2/2/2021,KIJA,159,172,158,160,25246300
2/2/2021,KINO,2280,2300,2280,2290,447700
2/2/2021,KIOS,665,665,665,665,0
2/2/2021,KJEN,900,900,900,900,100
2/2/2021,KKGI,300,308,292,302,249400
2/2/2021,KLBF,1510,1560,1490,1520,73428200
2/2/2021,KMDS,570,570,494,530,19600
2/2/2021,KMTR,354,358,354,358,43700
2/2/2021,KOBX,116,124,114,115,95300
2/2/2021,KOIN,151,159,150,150,223400
2/2/2021,KONI,280,300,280,300,4000
2/2/2021,KOPI,500,520,494,520,39900
2/2/2021,KOTA,635,785,630,735,70642900
2/2/2021,KOTA-W,340,660,340,660,138000
2/2/2021,KPAL,50,50,50,50,118300
2/2/2021,KPAS,55,59,51,56,7847700
2/2/2021,KPAS-W,20,21,7,19,358800
2/2/2021,KPIG,104,106,101,103,16783600
2/2/2021,KRAH,436,436,436,436,0
2/2/2021,KRAS,650,665,600,605,133067600
2/2/2021,KREN,73,79,73,74,8812500
2/2/2021,LAND,194,194,181,181,95000
2/2/2021,LAPD,50,50,50,50,0
2/2/2021,LCGP,114,114,114,114,0
2/2/2021,LCKM,382,382,382,382,0
2/2/2021,LEAD,50,50,50,50,22800
2/2/2021,LIFE,4600,4600,4600,4600,300
2/2/2021,LINK,2930,2980,2850,2900,3595200
2/2/2021,LION,366,400,352,356,5400
2/2/2021,LMAS,50,50,50,50,0
2/2/2021,LMPI,132,137,132,132,85000
2/2/2021,LMSH,350,372,350,372,500
2/2/2021,LPCK,1140,1225,1125,1180,1639500
2/2/2021,LPGI,3300,3300,3300,3300,3100
2/2/2021,LPIN,262,262,242,250,31100
2/2/2021,LPKR,187,193,180,185,74316600
2/2/2021,LPLI,78,86,77,80,4300
2/2/2021,LPPF,1220,1250,1145,1165,9585000
2/2/2021,LPPS,75,81,75,80,7500
2/2/2021,LRNA,166,184,165,184,800
2/2/2021,LSIP,1400,1415,1315,1320,45697400
2/2/2021,LTLS,505,505,488,500,404600
2/2/2021,LUCK,127,134,119,122,2012400
2/2/2021,MABA,50,50,50,50,0
2/2/2021,MAGP,50,50,50,50,500
2/2/2021,MAIN,700,705,665,670,16547800
2/2/2021,MAMI,50,50,50,50,45100
2/2/2021,MAMI-W,3,3,2,3,778200
2/2/2021,MAMIP,600,600,600,600,0
2/2/2021,MAPA,2490,2500,2450,2490,336500
2/2/2021,MAPB,1335,1350,1335,1340,1500
2/2/2021,MAPI,775,795,750,760,40123700
2/2/2021,MARI,95,107,94,95,124125200
2/2/2021,MARK,1030,1065,995,1005,5052000
2/2/2021,MASA,1360,1360,1265,1275,37200
2/2/2021,MAYA,5000,5000,5000,5000,3500
2/2/2021,MBAP,2780,2780,2720,2770,223600
2/2/2021,MBSS,440,462,416,416,14524400
2/2/2021,MBTO,89,105,89,104,58700
2/2/2021,MCAS,4400,4420,4150,4250,715100
2/2/2021,MCOR,126,134,122,126,99916400
2/2/2021,MDIA,59,59,56,56,540000
2/2/2021,MDKA,2840,2880,2610,2630,118310800
2/2/2021,MDKI,216,228,210,214,2494600
2/2/2021,MDLN,51,51,51,51,0
2/2/2021,MDRN,50,50,50,50,0
2/2/2021,MEDC,680,700,650,675,163026900
2/2/2021,MEGA,8700,8925,8675,8925,63100
2/2/2021,MERK,3030,3180,3030,3050,7500
2/2/2021,META,155,164,144,146,40271600
2/2/2021,MFIN,1070,1070,1040,1060,54900
2/2/2021,MFMI,625,635,580,585,213400
2/2/2021,MGNA,50,50,50,50,0
2/2/2021,MGRO,765,770,760,765,1764400
2/2/2021,MICE,290,290,276,288,67900
2/2/2021,MIDI,1925,1950,1925,1950,1510600
2/2/2021,MIKA,2980,3210,2930,3200,39814100
2/2/2021,MINA,50,50,50,50,100
2/2/2021,MIRA,50,50,50,50,0
2/2/2021,MITI,63,63,63,63,0
2/2/2021,MKNT,50,50,50,50,0
2/2/2021,MKPI,28475,28475,28475,28475,100
2/2/2021,MLBI,8850,9000,8825,8825,8200
2/2/2021,MLIA,580,590,575,585,4321700
2/2/2021,MLPL,65,65,61,63,8593500
2/2/2021,MLPT,845,870,800,855,156200
2/2/2021,MMLP,290,298,288,296,5285500
2/2/2021,MNCN,1065,1085,1040,1065,55919900
2/2/2021,MOLI,950,1015,950,1015,10100
2/2/2021,MPMX,515,545,510,510,25666600
2/2/2021,MPOW,55,55,52,53,742100
2/2/2021,MPPA,138,139,130,130,6839900
2/2/2021,MPRO,1490,1490,1490,1490,0
2/2/2021,MRAT,164,164,156,156,1635600
2/2/2021,MREI,5000,5000,5000,5000,6000
2/2/2021,MSIN,172,177,168,177,1469100
2/2/2021,MSKY,665,685,665,665,101200
2/2/2021,MTDL,1520,1530,1480,1480,695400
2/2/2021,MTFN,50,50,50,50,200
2/2/2021,MTLA,420,420,418,420,600
2/2/2021,MTPS,99,140,97,100,11487900
2/2/2021,MTRA,244,244,244,244,0
2/2/2021,MTSM,148,190,147,173,19600
2/2/2021,MTWI,58,58,57,57,81000
2/2/2021,MYOH,1270,1280,1240,1280,180000
2/2/2021,MYOR,2800,2810,2620,2640,13278900
2/2/2021,MYRX,50,50,50,50,0
2/2/2021,MYRXP,50,50,50,50,0
2/2/2021,MYTX,50,52,50,50,4500
2/2/2021,NASA,104,104,104,104,0
2/2/2021,NATO,575,585,565,580,145082000
2/2/2021,NATO-W,400,400,400,400,0
2/2/2021,NELY,140,140,138,138,30600
2/2/2021,NFCX,1910,1910,1905,1905,400
2/2/2021,NICK,274,274,250,268,500
2/2/2021,NIKL,1335,1380,1230,1250,6057300
2/2/2021,NIPS,282,282,282,282,0
2/2/2021,NIRO,169,169,169,169,100
2/2/2021,NISP,845,855,830,830,206000
2/2/2021,NOBU,740,740,740,740,15200
2/2/2021,NRCA,358,358,350,354,34700
2/2/2021,NUSA,50,50,50,50,0
2/2/2021,NZIA,149,161,149,156,6000
2/2/2021,OASA,350,350,350,350,0
2/2/2021,OCAP,159,159,159,159,0
2/2/2021,OKAS,91,91,86,88,1366700
2/2/2021,OMRE,322,332,322,332,10100
2/2/2021,OPMS,294,302,294,296,2371400
2/2/2021,PADI,50,50,50,50,200
2/2/2021,PALM,336,346,326,330,595000
2/2/2021,PAMG,85,92,85,89,653300
2/2/2021,PANI,104,124,104,124,22900
2/2/2021,PANR,111,137,111,113,1040400
2/2/2021,PANS,1305,1365,1265,1270,1581400
2/2/2021,PBID,1500,1510,1475,1480,57900
2/2/2021,PBRX,198,198,190,192,9428600
2/2/2021,PBSA,490,490,490,490,100
2/2/2021,PCAR,386,386,386,386,68800
2/2/2021,PDES,374,374,374,374,1600
2/2/2021,PEGE,113,124,113,124,200
2/2/2021,PEHA,1275,1440,1275,1295,2054300
2/2/2021,PGAS,1480,1505,1440,1470,264116900
2/2/2021,PGJO,62,62,53,57,32500
2/2/2021,PGLI,218,218,216,216,13300
2/2/2021,PGUN,248,250,248,250,26300
2/2/2021,PICO,147,148,142,142,273900
2/2/2021,PJAA,520,535,515,520,169900
2/2/2021,PKPK,50,50,50,50,201100
2/2/2021,PLAN,110,121,110,121,15591100
2/2/2021,PLAN-W,5,5,4,5,1417600
2/2/2021,PLAS,50,50,50,50,0
2/2/2021,PLIN,2450,2450,2450,2450,0
2/2/2021,PMJS,121,125,113,113,1698300
2/2/2021,PMMP,280,282,262,262,5955800
2/2/2021,PNBN,1030,1030,1000,1000,2723600
2/2/2021,PNBS,71,73,68,69,20133500
2/2/2021,PNGO,1090,1090,1065,1065,40700
2/2/2021,PNIN,820,845,810,820,787100
2/2/2021,PNLF,234,238,224,228,28595100
2/2/2021,PNSE,615,615,615,615,0
2/2/2021,POLA,84,93,79,79,1122200
2/2/2021,POLA-W,39,45,39,45,49900
2/2/2021,POLI,875,875,820,835,1100
2/2/2021,POLL,4000,4000,3810,3930,1606500
2/2/2021,POLU,540,650,540,645,3600
2/2/2021,POLY,57,57,53,54,510100
2/2/2021,POOL,50,50,50,50,0
2/2/2021,PORT,530,530,530,530,0
2/2/2021,POSA,50,50,50,50,0
2/2/2021,POSA-W,2,2,2,2,0
2/2/2021,POWR,720,740,700,710,10143100
2/2/2021,PPGL,109,112,109,111,5206400
2/2/2021,PPGL-W,8,9,7,8,2501900
2/2/2021,PPRE,212,216,199,202,8741700
2/2/2021,PPRO,76,80,71,74,360970700
2/2/2021,PRAS,136,145,136,140,1400
2/2/2021,PRDA,3390,3400,3330,3390,59300
2/2/2021,PRIM,218,220,202,204,156700
2/2/2021,PRIM-W,4,4,3,4,13200
2/2/2021,PSAB,230,230,212,222,59597900
2/2/2021,PSDN,97,114,97,108,838100
2/2/2021,PSGO,100,101,100,101,13000
2/2/2021,PSKT,50,50,50,50,0
2/2/2021,PSSI,168,170,166,166,2828000
2/2/2021,PTBA,2620,2650,2450,2490,80881200
2/2/2021,PTDU,915,915,915,915,0
2/2/2021,PTIS,156,156,156,156,4100
2/2/2021,PTPP,1840,1845,1670,1670,102455200
2/2/2021,PTPW,1300,1330,1275,1290,1885500
2/2/2021,PTRO,1800,1825,1785,1795,683900
2/2/2021,PTSN,197,202,190,191,2820200
2/2/2021,PTSP,3350,3350,3350,3350,1400
2/2/2021,PUDP,234,234,234,234,0
2/2/2021,PURA,122,122,114,116,698913400
2/2/2021,PURA-W,20,22,20,20,295200
2/2/2021,PURE,168,177,157,158,35600300
2/2/2021,PURE-W,13,14,12,13,2478800
2/2/2021,PURI,290,290,290,290,5000
2/2/2021,PWON,530,535,494,496,115489000
2/2/2021,PYFA,955,1085,955,1010,12825900
2/2/2021,PZZA,685,700,675,685,366100
2/2/2021,R-ABFII,28600,28600,28600,28600,0
2/2/2021,R-LQ45X,994,999,980,985,29100
2/2/2021,RAJA,180,192,172,177,28365700
2/2/2021,RALS,695,710,655,655,28414900
2/2/2021,RANC,424,438,424,432,444300
2/2/2021,RBMS,50,50,50,50,50000
2/2/2021,RDTX,5200,5200,5200,5200,100
2/2/2021,REAL,50,50,50,50,4100
2/2/2021,RELI,282,300,280,280,10000
2/2/2021,RICY,92,92,84,84,75400
2/2/2021,RIGS,240,250,240,244,35500
2/2/2021,RIMO,50,50,50,50,0
2/2/2021,RISE,426,426,422,426,45400
2/2/2021,RMBA,292,298,292,294,24500
2/2/2021,ROCK,830,900,730,880,57500
2/2/2021,RODA,50,51,50,51,357600
2/2/2021,RONY,172,172,160,170,40300
2/2/2021,ROTI,1430,1455,1430,1440,30000
2/2/2021,RUIS,260,260,242,246,106900
2/2/2021,SAFE,186,187,178,182,162900
2/2/2021,SAME,396,404,380,384,48111700
2/2/2021,SAMF,396,398,396,398,17800
2/2/2021,SAPX,2130,2130,2130,2130,0
2/2/2021,SATU,50,50,50,50,200
2/2/2021,SBAT,95,98,92,92,32652000
2/2/2021,SBAT-W,9,10,8,9,6477900
2/2/2021,SCCO,9575,9625,9500,9600,7500
2/2/2021,SCMA,2260,2340,2180,2200,15094200
2/2/2021,SCNP,252,252,252,252,19000
2/2/2021,SCPI,29000,29000,29000,29000,0
2/2/2021,SDMU,50,50,50,50,58300
2/2/2021,SDPC,109,115,107,110,421600
2/2/2021,SDRA,620,675,620,675,13500
2/2/2021,SFAN,1265,1285,1260,1275,575400
2/2/2021,SGER,680,700,640,645,2909100
2/2/2021,SGER-W,374,398,374,398,9200
2/2/2021,SGRO,1750,1750,1725,1750,610000
2/2/2021,SHID,2680,2700,2610,2610,15600
2/2/2021,SHIP,615,630,615,620,826600
2/2/2021,SIDO,755,765,750,760,20895600
2/2/2021,SILO,5350,5375,5275,5300,141400
2/2/2021,SIMA,50,50,50,50,0
2/2/2021,SIMP,404,420,400,404,12461000
2/2/2021,SINI,348,348,322,330,41800
2/2/2021,SINI-W,165,165,165,165,0
2/2/2021,SIPD,1250,1315,1250,1295,130400
2/2/2021,SKBM,370,370,352,352,800
2/2/2021,SKLT,1630,1630,1630,1630,1700
2/2/2021,SKRN,755,790,740,755,3394600
2/2/2021,SKYB,51,51,51,51,0
2/2/2021,SLIS,4600,4640,4550,4600,59000
2/2/2021,SMAR,3670,3700,3650,3700,25200
2/2/2021,SMBR,915,935,850,860,30037100
2/2/2021,SMCB,1820,1820,1740,1775,367800
2/2/2021,SMDM,105,105,105,105,600
2/2/2021,SMDR,260,290,260,282,4478800
2/2/2021,SMGR,11600,11925,10875,10950,7644100
2/2/2021,SMKL,199,199,197,198,3166900
2/2/2021,SMKL-W,12,12,11,12,11200
2/2/2021,SMMA,11975,12000,11975,12000,1100
2/2/2021,SMMT,103,105,100,103,331700
2/2/2021,SMRA,745,750,710,720,29711400
2/2/2021,SMRU,50,50,50,50,0
2/2/2021,SMSM,1280,1295,1275,1290,1634700
2/2/2021,SOCI,197,208,191,193,42426700
2/2/2021,SOFA,106,106,90,100,13400
2/2/2021,SOFA-W,3,3,2,3,532700
2/2/2021,SOHO,4890,5050,4850,4990,21000
2/2/2021,SONA,5875,5875,5850,5850,400
2/2/2021,SOSS,340,340,308,318,40500
2/2/2021,SOSS-W,32,32,20,29,4100
2/2/2021,SOTS,284,294,280,294,5226400
2/2/2021,SOTS-W,29,35,15,17,105400
2/2/2021,SPMA,296,300,296,300,4000
2/2/2021,SPTO,480,515,480,498,492500
2/2/2021,SQMI,316,320,312,312,1263200
2/2/2021,SRAJ,155,165,155,162,29700
2/2/2021,SRIL,228,232,218,220,49330800
2/2/2021,SRSN,55,55,54,54,1887000
2/2/2021,SRTG,5000,5600,5000,5175,3585200
2/2/2021,SSIA,472,488,460,466,53975200
2/2/2021,SSMS,1130,1160,1015,1030,37151700
2/2/2021,SSTM,535,565,535,560,16000
2/2/2021,STAR,100,100,92,92,4500
2/2/2021,STTP,9300,9300,9300,9300,100
2/2/2021,SUGI,50,50,50,50,0
2/2/2021,SULI,50,50,50,50,1000
2/2/2021,SUPR,4250,4250,4250,4250,0
2/2/2021,SURE,2200,2220,2200,2210,10700
2/2/2021,SWAT,96,97,95,96,221200
2/2/2021,TALF,242,242,242,242,100
2/2/2021,TAMA,80,83,79,81,8033600
2/2/2021,TAMA-W,5,6,5,6,503600
2/2/2021,TAMU,50,50,50,50,280100
2/2/2021,TARA,50,50,50,50,0
2/2/2021,TAXI,50,50,50,50,100
2/2/2021,TBIG,2520,2520,2520,2520,15091800
2/2/2021,TBLA,930,945,905,905,7325800
2/2/2021,TBMS,1010,1070,1010,1040,942200
2/2/2021,TCID,6350,6375,6325,6350,2300
2/2/2021,TCPI,7800,7875,7300,7625,8925500
2/2/2021,TDPM,118,120,116,118,1726100
2/2/2021,TEBE,535,560,490,490,4300
2/2/2021,TECH,2380,2380,2380,2380,0
2/2/2021,TELE,121,121,121,121,0
2/2/2021,TFAS,490,490,420,440,174600
2/2/2021,TFCO,430,525,430,452,9400
2/2/2021,TGKA,7600,7600,7600,7600,300
2/2/2021,TGRA,176,196,175,180,38818300
2/2/2021,TIFA,635,650,635,650,16700
2/2/2021,TINS,2070,2120,1910,1910,246720100
2/2/2021,TIRA,262,268,258,268,16500
2/2/2021,TIRT,50,55,50,50,9200
2/2/2021,TKIM,14875,14925,14150,14600,7972400
2/2/2021,TLKM,3300,3330,3250,3270,114734600
2/2/2021,TMAS,121,127,120,124,147800
2/2/2021,TMPO,158,170,158,170,14400
2/2/2021,TNCA,232,240,232,232,452900
2/2/2021,TOBA,530,530,505,505,165400
2/2/2021,TOPS,50,50,50,50,5300
2/2/2021,TOTL,354,360,346,346,2102500
2/2/2021,TOTO,214,222,212,214,561800
2/2/2021,TOWR,990,1010,975,1005,144367000
2/2/2021,TOYS,476,486,474,476,2849200
2/2/2021,TOYS-W,7,7,6,7,99600
2/2/2021,TPIA,10650,10725,10525,10575,4586900
2/2/2021,TPMA,835,835,785,825,4900
2/2/2021,TRAM,50,50,50,50,0
2/2/2021,TRIL,50,50,50,50,0
2/2/2021,TRIM,90,94,89,93,16500
2/2/2021,TRIN,171,200,171,188,71913500
2/2/2021,TRIN-W,9,10,8,10,11455500
2/2/2021,TRIO,426,426,426,426,0
2/2/2021,TRIS,111,140,106,106,656900
2/2/2021,TRIS-W,50,50,50,50,0
2/2/2021,TRJA,180,180,166,177,576400
2/2/2021,TRST,360,400,360,398,700
2/2/2021,TRUK,276,284,274,276,2685500
2/2/2021,TRUS,338,338,338,338,200
2/2/2021,TSPC,1425,1545,1425,1445,3628000
2/2/2021,TUGU,1600,1650,1600,1645,4700
2/2/2021,TURI,1310,1315,1310,1315,39900
2/2/2021,UANG,220,220,198,210,6400
2/2/2021,UCID,1420,1450,1420,1445,201600
2/2/2021,UFOE,183,183,183,183,5000
2/2/2021,ULTJ,1540,1570,1535,1540,1458400
2/2/2021,UNIC,4150,4150,4040,4040,5400
2/2/2021,UNIT,154,154,153,153,17800
2/2/2021,UNSP,114,119,112,117,2268900
2/2/2021,UNTR,23850,24250,22375,22575,10624600
2/2/2021,UNVR,7100,7125,6950,7000,11678200
2/2/2021,URBN,510,510,460,462,15400
2/2/2021,URBN-W,9,9,8,8,73300
2/2/2021,VICI,388,404,388,394,7152600
2/2/2021,VICO,80,83,79,79,75200
2/2/2021,VINS,90,91,85,86,118600
2/2/2021,VIVA,50,51,50,50,3034400
2/2/2021,VOKS,220,248,210,212,93500
2/2/2021,VRNA,96,96,96,96,100
2/2/2021,WAPO,64,70,64,69,7600
2/2/2021,WEGE,216,224,208,212,123923800
2/2/2021,WEHA,55,57,55,57,360100
2/2/2021,WICO,428,428,428,428,0
2/2/2021,WIFI,640,650,630,635,7743700
2/2/2021,WIFI-W,75,100,17,75,76300
2/2/2021,WIIM,500,540,500,535,27956200
2/2/2021,WIKA,2050,2070,1870,1905,105361200
2/2/2021,WINS,100,105,98,99,384200
2/2/2021,WMUU,200,242,187,242,1014305500
2/2/2021,WOMF,246,248,242,244,16400
2/2/2021,WOOD,630,630,600,610,10223700
2/2/2021,WOWS,56,58,54,56,16112600
2/2/2021,WSBP,266,268,248,250,237143200
2/2/2021,WSKT,1530,1560,1400,1400,299819400
2/2/2021,WTON,362,372,340,344,57187300
2/2/2021,XAFA,1090,1090,1090,1090,100
2/2/2021,XAQA,942,942,942,942,0
2/2/2021,XASG,87,87,87,87,0
2/2/2021,XBES,958,958,958,958,100
2/2/2021,XBID,514,514,514,514,100
2/2/2021,XBIN,490,490,490,490,0
2/2/2021,XBLQ,471,471,471,471,100
2/2/2021,XBNI,1006,1018,1006,1015,1100
2/2/2021,XBSK,383,383,383,383,0
2/2/2021,XCID,81,85,81,84,1300
2/2/2021,XCIS,105,105,105,105,0
2/2/2021,XCLQ,97,97,96,96,600
2/2/2021,XDIF,465,465,465,465,0
2/2/2021,XDSG,960,960,960,960,100
2/2/2021,XIHD,454,457,454,454,2100
2/2/2021,XIIC,1020,1020,1017,1017,1000
2/2/2021,XIID,493,493,493,493,0
2/2/2021,XIIF,589,589,577,577,800
2/2/2021,XIIT,525,526,500,519,102500
2/2/2021,XIJI,644,657,636,644,9100
2/2/2021,XILV,113,113,112,113,700
2/2/2021,XIML,255,255,255,255,100
2/2/2021,XIPI,172,180,172,179,31800
2/2/2021,XISB,398,398,398,398,0
2/2/2021,XISC,780,780,770,770,40300
2/2/2021,XISI,335,335,335,335,0
2/2/2021,XISR,386,386,381,381,2100
2/2/2021,XKIV,487,487,487,487,0
2/2/2021,XKMS,1048,1050,1038,1038,2100
2/2/2021,XMIG,176,176,176,176,400
2/2/2021,XMJM,1001,1001,1001,1001,0
2/2/2021,XMTS,487,487,487,487,0
2/2/2021,XNVE,162,162,151,151,514000
2/2/2021,XPCR,900,900,900,900,0
2/2/2021,XPDV,479,479,479,479,0
2/2/2021,XPES,394,394,394,394,0
2/2/2021,XPFT,700,700,700,700,0
2/2/2021,XPID,497,497,497,497,0
2/2/2021,XPLC,479,479,479,479,0
2/2/2021,XPLQ,498,498,498,498,0
2/2/2021,XPMI,920,920,920,920,0
2/2/2021,XPSG,408,408,408,408,0
2/2/2021,XPTD,540,540,540,540,0
2/2/2021,XSBC,101,102,101,102,2200
2/2/2021,XSMU,118,118,118,118,0
2/2/2021,XSPI,750,750,750,750,0
2/2/2021,XSRI,185,185,185,185,0
2/2/2021,XSSI,90,90,90,90,0
2/2/2021,XSSK,648,648,648,648,0
2/2/2021,YELO,50,51,50,51,806800
2/2/2021,YELO-W,5,5,5,5,400
2/2/2021,YPAS,474,474,380,380,1500
2/2/2021,YULE,440,440,432,432,200
2/2/2021,ZBRA,50,50,50,50,500
2/2/2021,ZINC,126,134,124,129,265956700
2/2/2021,ZONE,416,420,416,420,110000
