<date>,<ticker>,<open>,<high>,<low>,<close>,<volume>
4/28/2022,IHSG,7260.27,7267.112,7204.599,7228.914,210683291
4/28/2022,AALI,12425,12700,12025,12500,4553600
4/28/2022,ABBA,200,226,199,208,45813500
4/28/2022,ABDA,6250,6250,6250,6250,100
4/28/2022,ABMM,2460,2760,2440,2760,8796800
4/28/2022,ACES,1030,1055,1025,1045,21339600
4/28/2022,ACST,173,176,171,174,7041300
4/28/2022,ADCP,80,82,79,81,35373400
4/28/2022,ADES,4080,4350,4080,4280,231000
4/28/2022,ADHI,725,730,710,720,5910100
4/28/2022,ADMF,8300,8325,8250,8325,264300
4/28/2022,ADMG,179,180,177,179,908900
4/28/2022,ADMR,2680,2790,2680,2730,195127100
4/28/2022,ADRO,3210,3370,3200,3340,182939300
4/28/2022,AGAR,348,354,332,334,22600
4/28/2022,AGII,2340,2380,2270,2270,5457400
4/28/2022,AGRO,1030,1065,1030,1055,22452900
4/28/2022,AGRS,126,127,125,125,3213800
4/28/2022,AHAP,63,65,63,64,3293100
4/28/2022,AIMS,254,272,254,266,61700
4/28/2022,AISA,172,175,171,174,6065600
4/28/2022,AKKU,50,50,50,50,4015200
4/28/2022,AKPI,910,950,910,950,30900
4/28/2022,AKRA,995,1080,990,1070,72419200
4/28/2022,AKSI,288,322,270,274,7032500
4/28/2022,ALDO,885,960,850,955,4697400
4/28/2022,ALDO-W,192,192,127,174,106200
4/28/2022,ALKA,302,308,298,300,39800
4/28/2022,ALMI,270,300,270,280,8000
4/28/2022,ALTO,206,210,202,210,7300
4/28/2022,AMAG,380,410,376,392,62600
4/28/2022,AMAN,525,525,525,525,217400
4/28/2022,AMAR,376,410,376,402,70195600
4/28/2022,AMFG,6000,6850,6000,6600,470100
4/28/2022,AMIN,146,146,142,145,13600
4/28/2022,AMOR,1650,1650,1600,1610,2900
4/28/2022,AMRT,1715,1725,1700,1710,65338400
4/28/2022,ANDI,50,50,50,50,14700
4/28/2022,ANJT,985,1005,920,960,2492000
4/28/2022,ANTM,2580,2650,2570,2600,115518800
4/28/2022,APEX,470,480,466,470,149900
4/28/2022,APIC,1085,1115,1085,1095,21446100
4/28/2022,APII,214,274,212,212,62048700
4/28/2022,APLI,189,204,189,204,34500
4/28/2022,APLN,113,116,112,114,7345400
4/28/2022,ARCI,402,402,390,394,21001100
4/28/2022,ARGO,1400,1420,1305,1375,600
4/28/2022,ARII,242,242,224,240,53200
4/28/2022,ARKA,50,50,50,50,40800
4/28/2022,ARMY,50,50,50,50,0
4/28/2022,ARNA,1020,1050,990,1045,5648400
4/28/2022,ARTA,1780,1780,1760,1760,1100
4/28/2022,ARTI,50,50,50,50,0
4/28/2022,ARTO,11900,11975,11350,11650,23937600
4/28/2022,ASBI,302,302,282,298,52300
4/28/2022,ASDM,1010,1010,1000,1000,5400
4/28/2022,ASGR,965,995,960,980,2497000
4/28/2022,ASII,7250,7700,7225,7575,118152200
4/28/2022,ASJT,129,131,124,128,458300
4/28/2022,ASLC,220,246,220,234,83378300
4/28/2022,ASMI,156,160,148,160,157800
4/28/2022,ASPI,72,76,72,73,803800
4/28/2022,ASPI-W,16,16,14,15,3016100
4/28/2022,ASRI,160,163,158,159,13670900
4/28/2022,ASRM,1600,1600,1600,1600,0
4/28/2022,ASSA,2450,2620,2450,2550,12484700
4/28/2022,ATAP,113,116,112,112,1099700
4/28/2022,ATIC,466,472,464,470,71800
4/28/2022,AUTO,1140,1155,1130,1145,4340000
4/28/2022,AVIA,790,820,785,820,31822200
4/28/2022,AYLS,270,278,262,266,5493100
4/28/2022,BABP,150,157,150,152,50949300
4/28/2022,BABP-W3,112,112,100,100,5200
4/28/2022,BABP-W4,147,147,102,138,600
4/28/2022,BACA,168,174,167,173,9182900
4/28/2022,BACA-W2,30,30,30,30,0
4/28/2022,BAJA,250,250,234,236,14595400
4/28/2022,BALI,785,800,775,795,295100
4/28/2022,BANK,2020,2030,2010,2020,10993100
4/28/2022,BANK-W,1710,1710,1710,1710,0
4/28/2022,BAPA,107,110,105,109,12239900
4/28/2022,BAPI,50,50,50,50,3900
4/28/2022,BAPI-W,7,7,6,7,366900
4/28/2022,BATA,468,500,468,482,11900
4/28/2022,BAUT,55,56,53,54,23239900
4/28/2022,BAUT-W,12,12,11,12,4649500
4/28/2022,BAYU,1145,1145,1145,1145,0
4/28/2022,BBCA,8250,8250,8075,8125,133730600
4/28/2022,BBHI,6325,6650,6325,6500,4703100
4/28/2022,BBKP,218,220,208,214,69934100
4/28/2022,BBLD,408,408,408,408,100
4/28/2022,BBMD,2180,2180,2000,2000,2800
4/28/2022,BBNI,9450,9550,9150,9225,70120800
4/28/2022,BBRI,4870,4930,4860,4870,193821200
4/28/2022,BBRM,50,50,50,50,174000
4/28/2022,BBSI,5200,5200,4990,5000,12200
4/28/2022,BBSS,50,51,50,51,912600
4/28/2022,BBTN,1850,1885,1835,1845,29214900
4/28/2022,BBYB,1635,1675,1600,1675,41604000
4/28/2022,BCAP,206,222,206,210,149493000
4/28/2022,BCIC,142,144,139,141,736200
4/28/2022,BCIP,56,57,54,56,3642700
4/28/2022,BDMN,2480,2510,2450,2450,9303900
4/28/2022,BEBS,4390,4390,4200,4300,91553100
4/28/2022,BEEF,51,52,50,51,754900
4/28/2022,BEKS,50,50,50,50,2343300
4/28/2022,BELL,172,197,172,177,221923000
4/28/2022,BESS,525,590,494,575,523100
4/28/2022,BESS-W,388,442,388,392,600
4/28/2022,BEST,108,109,106,107,11684000
4/28/2022,BFIN,1300,1340,1270,1285,57136500
4/28/2022,BGTG,163,165,159,161,15373300
4/28/2022,BHAT,990,1005,990,1005,1553800
4/28/2022,BHIT,55,56,55,55,112763000
4/28/2022,BIKA,226,258,222,228,1535100
4/28/2022,BIKE,204,204,196,198,7382900
4/28/2022,BIKE-W,22,23,22,22,3515400
4/28/2022,BIMA,252,312,252,310,96123600
4/28/2022,BINA,3430,3900,3250,3850,9507900
4/28/2022,BINO,134,135,132,135,4193400
4/28/2022,BINO-W,25,25,24,24,632300
4/28/2022,BIPI,88,89,86,88,1033316000
4/28/2022,BIPI-W,13,14,12,14,5618800
4/28/2022,BIPP,51,51,50,51,52100
4/28/2022,BIRD,1280,1395,1280,1360,8661500
4/28/2022,BISI,1410,1460,1400,1440,1559600
4/28/2022,BJBR,1460,1480,1455,1475,18383100
4/28/2022,BJTM,790,795,780,795,3730100
4/28/2022,BKDP,90,90,86,87,2117700
4/28/2022,BKSL,52,52,51,51,187941400
4/28/2022,BKSW,143,147,141,141,3445100
4/28/2022,BLTA,50,50,50,50,202600
4/28/2022,BLTZ,2810,2810,2790,2790,500
4/28/2022,BLUE,276,278,272,276,604300
4/28/2022,BMAS,1300,1300,1290,1290,68600
4/28/2022,BMHS,695,710,670,705,29240100
4/28/2022,BMRI,8775,9075,8675,8950,221581900
4/28/2022,BMSR,240,282,240,282,8467800
4/28/2022,BMTR,266,272,264,264,26655000
4/28/2022,BNBA,2250,2280,2210,2270,890200
4/28/2022,BNBR,50,50,50,50,9659400
4/28/2022,BNGA,1045,1070,1045,1065,16341800
4/28/2022,BNII,282,284,278,282,1931200
4/28/2022,BNLI,1200,1240,1195,1230,268100
4/28/2022,BOBA,196,202,195,197,604200
4/28/2022,BOGA,1350,1365,1345,1355,121834000
4/28/2022,BOLA,384,386,372,386,5075100
4/28/2022,BOLT,1080,1100,1005,1080,324100
4/28/2022,BOSS,70,74,70,71,38723900
4/28/2022,BPFI,695,705,685,685,53100
4/28/2022,BPII,7700,7700,7700,7700,10800
4/28/2022,BPTR,252,252,236,236,2668000
4/28/2022,BRAM,11550,11550,11550,11550,300
4/28/2022,BRIS,1550,1585,1535,1580,17002000
4/28/2022,BRMS,220,230,220,224,346581400
4/28/2022,BRNA,1015,1015,1015,1015,5300
4/28/2022,BRPT,865,885,850,850,45007800
4/28/2022,BSDE,960,975,955,965,14728300
4/28/2022,BSIM,615,630,615,625,24000
4/28/2022,BSML,1835,2150,1740,1750,48604400
4/28/2022,BSSR,4530,5050,4530,5025,4953100
4/28/2022,BSWD,1750,1750,1750,1750,0
4/28/2022,BTEK,50,50,50,50,200
4/28/2022,BTEL,50,50,50,50,0
4/28/2022,BTON,396,396,372,390,62400
4/28/2022,BTPN,2590,2600,2550,2580,21700
4/28/2022,BTPS,3360,3460,3350,3450,7863200
4/28/2022,BUDI,216,226,214,218,13439600
4/28/2022,BUKA,372,400,368,382,1281849400
4/28/2022,BUKK,1115,1120,1035,1100,84500
4/28/2022,BULL,160,160,156,158,276483000
4/28/2022,BULL-W2,30,33,27,30,796600
4/28/2022,BUMI,56,57,55,56,1371832900
4/28/2022,BUVA,60,60,60,60,0
4/28/2022,BVIC,162,165,157,157,15938300
4/28/2022,BWPT,77,80,76,78,18057700
4/28/2022,BYAN,42250,42800,41950,42500,40100
4/28/2022,CAKK,88,89,87,88,3155900
4/28/2022,CAMP,272,280,270,274,884800
4/28/2022,CANI,139,141,137,138,133400
4/28/2022,CARE,515,525,505,520,432214200
4/28/2022,CARS,50,50,50,50,500
4/28/2022,CASA,565,580,565,580,1430800
4/28/2022,CASH,155,170,151,170,3888900
4/28/2022,CASS,354,354,346,354,92200
4/28/2022,CBMF,58,61,57,58,15055400
4/28/2022,CCSI,735,750,715,735,261300
4/28/2022,CEKA,2040,2070,2000,2060,141300
4/28/2022,CENT,208,216,206,206,11643400
4/28/2022,CFIN,240,246,236,244,9046500
4/28/2022,CINT,228,228,220,224,56900
4/28/2022,CITA,3020,3020,2990,3000,5600
4/28/2022,CITY,154,175,151,155,3332100
4/28/2022,CLAY,710,940,710,730,26700
4/28/2022,CLEO,440,446,436,444,8808400
4/28/2022,CLPI,1060,1095,1050,1090,220500
4/28/2022,CMNP,2230,2260,2200,2200,9100
4/28/2022,CMNP-W,1245,1245,1245,1245,100
4/28/2022,CMNT,1080,1095,1080,1085,46289700
4/28/2022,CMPP,590,590,550,550,10672700
4/28/2022,CMRY,4020,4210,3960,4090,3319200
4/28/2022,CNKO,50,50,50,50,700
4/28/2022,CNTB,250,250,250,250,0
4/28/2022,CNTX,232,234,232,232,1000
4/28/2022,COCO,234,240,232,234,1393800
4/28/2022,COWL,50,50,50,50,0
4/28/2022,CPIN,5100,5250,5050,5150,18224900
4/28/2022,CPRI,50,50,50,50,0
4/28/2022,CPRO,72,76,70,73,160577400
4/28/2022,CSAP,545,570,545,570,9700
4/28/2022,CSIS,86,89,86,87,1969700
4/28/2022,CSMI,4470,4570,4470,4570,3500
4/28/2022,CSRA,725,740,680,740,3762900
4/28/2022,CTBN,2420,2690,2410,2420,2900
4/28/2022,CTRA,1030,1070,1020,1065,38255000
4/28/2022,CTTH,50,50,50,50,10100
4/28/2022,DADA,50,50,50,50,67200
4/28/2022,DADA-W,10,10,9,9,3114200
4/28/2022,DART,218,226,216,226,31700
4/28/2022,DAYA,228,230,228,228,5000
4/28/2022,DCII,39000,40000,39000,39000,2000
4/28/2022,DEAL,50,50,50,50,3600
4/28/2022,DEFI,1455,1455,1455,1455,0
4/28/2022,DEPO,500,500,470,492,1099000
4/28/2022,DEWA,57,58,55,56,195443400
4/28/2022,DFAM,560,590,535,555,5875200
4/28/2022,DGIK,151,157,148,157,24961100
4/28/2022,DGNS,360,374,360,366,692000
4/28/2022,DIGI,64,67,63,65,36239500
4/28/2022,DILD,145,146,144,146,470400
4/28/2022,DIVA,950,975,910,945,1153300
4/28/2022,DKFT,127,131,127,128,19303700
4/28/2022,DLTA,3860,3860,3820,3850,51200
4/28/2022,DMAS,171,177,170,174,52069100
4/28/2022,DMMX,1895,1935,1830,1935,9749100
4/28/2022,DMND,800,810,800,800,12400
4/28/2022,DNAR,216,218,214,214,939800
4/28/2022,DNET,3200,3200,3180,3200,170800
4/28/2022,DOID,545,565,540,545,105564700
4/28/2022,DPNS,388,402,378,384,70500
4/28/2022,DPUM,50,50,50,50,0
4/28/2022,DRMA,625,635,610,615,9966100
4/28/2022,DSFI,92,96,92,93,5782400
4/28/2022,DSNG,580,610,580,605,31004400
4/28/2022,DSSA,30000,30000,30000,30000,0
4/28/2022,DUCK,176,176,176,176,0
4/28/2022,DUTI,4090,4090,4090,4090,52400
4/28/2022,DVLA,2670,2670,2500,2540,12300
4/28/2022,DWGL,212,218,196,212,184500
4/28/2022,DWGL-W,22,29,22,25,8535900
4/28/2022,DYAN,74,74,72,73,315000
4/28/2022,EAST,92,93,91,92,266700
4/28/2022,EAST-W,8,9,8,9,2739600
4/28/2022,ECII,750,750,745,750,400
4/28/2022,EDGE,20275,20300,20250,20300,3000
4/28/2022,EKAD,1435,1435,1420,1430,139100
4/28/2022,ELSA,290,296,286,292,34674000
4/28/2022,ELTY,50,50,50,50,210400
4/28/2022,EMDE,154,155,147,155,508200
4/28/2022,EMTK,3040,3070,2960,2990,51257100
4/28/2022,ENAK,1000,1025,960,995,3059400
4/28/2022,ENRG,191,204,191,198,253824300
4/28/2022,ENVY,50,50,50,50,0
4/28/2022,ENZO,52,58,51,53,47578600
4/28/2022,ENZO-W,17,18,16,16,12716500
4/28/2022,EPAC,50,50,50,50,31800
4/28/2022,EPMT,2820,2880,2800,2860,67600
4/28/2022,ERAA,520,530,515,525,37089400
4/28/2022,ERTX,183,202,183,189,97000
4/28/2022,ESIP,117,118,110,111,40077200
4/28/2022,ESIP-W,24,24,22,23,2530800
4/28/2022,ESSA,1290,1315,1235,1240,62003600
4/28/2022,ESTA,410,440,410,436,2369500
4/28/2022,ESTI,111,112,106,108,2655800
4/28/2022,ETWA,62,62,62,62,0
4/28/2022,EXCL,3220,3250,3170,3190,21720800
4/28/2022,FAPA,3540,3540,3530,3540,39000
4/28/2022,FAST,965,965,965,965,52500
4/28/2022,FASW,6175,6175,6175,6175,100
4/28/2022,FILM,1155,1340,1130,1325,52264400
4/28/2022,FIMP,46,47,45,46,169000
4/28/2022,FIRE,230,264,226,252,6390000
4/28/2022,FISH,6850,6850,6600,6600,300
4/28/2022,FITT,268,268,266,266,305100
4/28/2022,FITT-W,66,66,66,66,400
4/28/2022,FLMC,87,87,79,80,1263900
4/28/2022,FMII,340,344,334,344,5500
4/28/2022,FOOD,109,113,109,109,56100
4/28/2022,FORU,294,308,274,278,1600400
4/28/2022,FORZ,50,50,50,50,0
4/28/2022,FPNI,386,438,360,412,65877800
4/28/2022,FREN,84,84,82,83,200520300
4/28/2022,FREN-W2,20,20,19,19,63132200
4/28/2022,FUJI,740,740,700,740,17000
4/28/2022,GAMA,50,50,50,50,7700
4/28/2022,GDST,92,94,92,93,54900
4/28/2022,GDYR,1320,1330,1320,1330,600
4/28/2022,GEMA,330,330,330,330,300
4/28/2022,GEMS,5900,6150,5900,6025,116700
4/28/2022,GGRM,31375,31525,30500,30700,1932200
4/28/2022,GGRP,650,695,605,625,951000
4/28/2022,GHON,2200,2280,2200,2220,1700
4/28/2022,GIAA,222,222,222,222,0
4/28/2022,GJTL,630,655,630,650,4539000
4/28/2022,GLOB,157,157,142,146,116300
4/28/2022,GLVA,262,272,262,272,116200
4/28/2022,GMFI,82,86,77,81,6865000
4/28/2022,GMTD,15600,15600,15600,15600,0
4/28/2022,GOLD,346,360,336,344,4300
4/28/2022,GOLL,50,50,50,50,0
4/28/2022,GOOD,565,570,550,550,6279100
4/28/2022,GOTO,270,290,270,272,2280309800
4/28/2022,GPRA,78,81,77,80,8834500
4/28/2022,GPSO,104,105,102,104,1030200
4/28/2022,GPSO-W,15,15,14,14,5739100
4/28/2022,GSMF,91,93,91,91,640500
4/28/2022,GTBO,75,75,75,75,0
4/28/2022,GTSI,59,60,58,59,4583000
4/28/2022,GWSA,138,139,137,139,374300
4/28/2022,GZCO,193,196,181,190,154535600
4/28/2022,HADE,50,50,50,50,200
4/28/2022,HAIS,180,193,180,187,22149600
4/28/2022,HDFA,165,179,162,171,85400
4/28/2022,HDIT,194,195,189,193,75100
4/28/2022,HDTX,120,120,120,120,0
4/28/2022,HEAL,1395,1480,1380,1400,16631500
4/28/2022,HELI,286,294,286,290,5400
4/28/2022,HERO,1725,1725,1675,1725,7400
4/28/2022,HEXA,6075,6100,6000,6075,360000
4/28/2022,HITS,1175,1175,1175,1175,0
4/28/2022,HKMU,50,50,50,50,526700
4/28/2022,HMSP,975,980,960,970,35153500
4/28/2022,HOKI,153,156,153,153,2505400
4/28/2022,HOME,50,50,50,50,0
4/28/2022,HOMI,1325,1345,1320,1335,995100
4/28/2022,HOPE,161,161,161,161,4897100
4/28/2022,HOPE-W,16,17,15,15,12026100
4/28/2022,HOTL,50,50,50,50,3000
4/28/2022,HRME,53,54,52,52,752500
4/28/2022,HRTA,210,214,210,210,4801600
4/28/2022,HRUM,11725,11850,11275,11525,20711600
4/28/2022,IATA,212,224,199,202,345419700
4/28/2022,IBFN,97,97,97,97,0
4/28/2022,IBOS,117,122,117,118,23414700
4/28/2022,IBOS-W,15,17,14,15,45156300
4/28/2022,IBST,6525,6525,6525,6525,0
4/28/2022,ICBP,7600,7650,7525,7625,7891500
4/28/2022,ICON,75,77,75,75,3017600
4/28/2022,IDEA,63,69,57,69,19690700
4/28/2022,IDPR,167,170,165,165,96500
4/28/2022,IFII,151,155,148,153,1885600
4/28/2022,IFSH,1025,1160,1010,1100,82300
4/28/2022,IGAR,430,442,426,432,70500
4/28/2022,IIKP,50,50,50,50,0
4/28/2022,IKAI,50,50,50,50,0
4/28/2022,IKAN,74,75,72,73,3735600
4/28/2022,IKBI,240,240,224,228,59100
4/28/2022,IMAS,750,775,735,745,2741400
4/28/2022,IMJS,378,404,374,400,5249200
4/28/2022,IMPC,3530,3820,3530,3780,8511200
4/28/2022,INAF,1260,1310,1260,1270,185400
4/28/2022,INAI,296,296,290,290,2500
4/28/2022,INCF,51,52,50,51,2967700
4/28/2022,INCI,535,540,530,540,103400
4/28/2022,INCO,7225,7500,7225,7300,34581500
4/28/2022,INDF,6375,6375,6300,6300,9008400
4/28/2022,INDO,111,116,111,111,12375900
4/28/2022,INDO-W,22,22,21,22,6423700
4/28/2022,INDR,5950,6225,5850,6175,151500
4/28/2022,INDS,2220,2220,2200,2220,4100
4/28/2022,INDX,236,282,236,252,6840200
4/28/2022,INDY,2630,2720,2620,2690,31748600
4/28/2022,INKP,7425,7625,7425,7575,6312600
4/28/2022,INOV,216,220,208,210,3948900
4/28/2022,INPC,95,95,93,93,1142600
4/28/2022,INPP,440,464,430,440,30200
4/28/2022,INPS,1220,1220,1220,1220,500
4/28/2022,INRU,655,675,645,675,11900
4/28/2022,INTA,66,71,66,70,1089900
4/28/2022,INTD,380,396,330,330,7444600
4/28/2022,INTP,10500,10675,10400,10475,3044900
4/28/2022,IPAC,116,119,116,119,300
4/28/2022,IPCC,580,595,565,570,3630800
4/28/2022,IPCM,294,296,290,292,3679200
4/28/2022,IPOL,159,162,159,162,129800
4/28/2022,IPPE,300,332,298,304,51180600
4/28/2022,IPTV,103,107,102,102,45683900
4/28/2022,IRRA,1460,1470,1440,1445,3761400
4/28/2022,ISAT,7125,7150,6950,7000,8151800
4/28/2022,ISSP,320,326,318,322,8803900
4/28/2022,ITIC,284,292,278,280,2391500
4/28/2022,ITMA,535,560,535,545,304900
4/28/2022,ITMA-W,93,93,82,93,2000
4/28/2022,ITMG,27625,28400,27425,28400,8582400
4/28/2022,JAST,140,142,139,140,3537000
4/28/2022,JAWA,165,166,158,161,808400
4/28/2022,JAYA,186,197,181,184,97290200
4/28/2022,JAYA-W,38,40,36,37,23528800
4/28/2022,JECC,4890,4890,4650,4860,900
4/28/2022,JGLE,50,50,50,50,0
4/28/2022,JIHD,310,328,308,310,356100
4/28/2022,JKON,101,104,95,95,61994900
4/28/2022,JKSW,60,60,60,60,0
4/28/2022,JMAS,116,118,113,118,311200
4/28/2022,JPFA,1460,1470,1440,1450,18105300
4/28/2022,JRPT,494,494,488,492,2317200
4/28/2022,JSKY,72,72,71,72,2756000
4/28/2022,JSMR,4000,4050,3920,4030,13147700
4/28/2022,JSPT,740,740,740,740,0
4/28/2022,JTPE,1180,1185,1160,1185,81100
4/28/2022,KAEF,1440,1475,1440,1475,1112600
4/28/2022,KARW,178,194,165,165,116052800
4/28/2022,KAYU,50,50,50,50,100
4/28/2022,KBAG,50,50,50,50,1747400
4/28/2022,KBAG-W,9,9,8,9,1226400
4/28/2022,KBLI,276,282,276,282,970000
4/28/2022,KBLM,198,210,198,206,681500
4/28/2022,KBLV,222,230,212,218,1889200
4/28/2022,KBRI,50,50,50,50,0
4/28/2022,KDSI,995,1000,995,1000,37200
4/28/2022,KEEN,458,464,454,458,770100
4/28/2022,KEJU,1270,1280,1245,1280,202000
4/28/2022,KIAS,50,50,50,50,76900
4/28/2022,KICI,270,280,270,270,784200
4/28/2022,KIJA,168,170,167,170,902800
4/28/2022,KINO,4800,5000,4700,4800,1658300
4/28/2022,KIOS,350,360,334,338,63969700
4/28/2022,KJEN,124,134,123,126,1388800
4/28/2022,KKGI,470,484,468,478,5571800
4/28/2022,KLBF,1615,1665,1615,1640,49356100
4/28/2022,KMDS,442,460,430,450,34600
4/28/2022,KMTR,292,300,288,294,48200
4/28/2022,KOBX,352,366,352,362,6805400
4/28/2022,KOIN,158,158,158,158,500
4/28/2022,KONI,1790,2020,1790,1860,14700
4/28/2022,KOPI,560,560,545,560,26800
4/28/2022,KOTA,50,50,50,50,230900
4/28/2022,KOTA-W,40,48,21,42,240000
4/28/2022,KPAL,50,50,50,50,0
4/28/2022,KPAS,62,62,62,62,0
4/28/2022,KPIG,88,90,87,88,36074700
4/28/2022,KRAH,436,436,436,436,0
4/28/2022,KRAS,368,382,366,380,15098900
4/28/2022,KREN,50,50,50,50,958600
4/28/2022,KUAS,74,74,72,72,5305600
4/28/2022,KUAS-W,17,18,17,17,805800
4/28/2022,LABA,109,110,107,109,904200
4/28/2022,LABA-W,22,22,21,21,1308000
4/28/2022,LAND,106,110,99,102,45381600
4/28/2022,LAPD,50,50,50,50,0
4/28/2022,LCGP,114,114,114,114,0
4/28/2022,LCKM,304,304,300,300,700
4/28/2022,LEAD,52,52,50,50,5365500
4/28/2022,LFLO,88,90,87,87,54000
4/28/2022,LIFE,5900,5900,5900,5900,0
4/28/2022,LINK,4440,4600,4440,4590,2997600
4/28/2022,LION,318,324,318,322,27100
4/28/2022,LMAS,50,50,50,50,275400
4/28/2022,LMPI,175,175,169,173,46700
4/28/2022,LMSH,675,715,670,715,30700
4/28/2022,LPCK,1110,1180,1110,1165,9829700
4/28/2022,LPGI,9850,9850,9850,9850,300
4/28/2022,LPIN,438,470,438,468,2086900
4/28/2022,LPKR,121,127,120,124,112529400
4/28/2022,LPLI,268,280,262,276,82300
4/28/2022,LPPF,5875,5925,5750,5800,4511300
4/28/2022,LPPS,100,101,99,99,76800
4/28/2022,LRNA,190,190,190,190,9300
4/28/2022,LSIP,1400,1400,1310,1380,44674000
4/28/2022,LTLS,980,1000,910,920,4838300
4/28/2022,LUCK,226,234,214,222,4788700
4/28/2022,LUCY,106,114,106,106,32787400
4/28/2022,LUCY-W,54,58,50,56,4410500
4/28/2022,MABA,50,50,50,50,0
4/28/2022,MAGP,50,50,50,50,2000
4/28/2022,MAIN,640,645,635,640,1018100
4/28/2022,MAMI,50,50,50,50,0
4/28/2022,MAMI-W,6,6,6,6,0
4/28/2022,MAMIP,600,600,600,600,0
4/28/2022,MAPA,2940,3180,2940,3080,661200
4/28/2022,MAPB,1520,1530,1520,1530,1200
4/28/2022,MAPI,915,915,895,900,14164800
4/28/2022,MARI,246,262,240,250,15432100
4/28/2022,MARK,1170,1170,1090,1100,17751000
4/28/2022,MASA,3820,3820,3570,3570,52500
4/28/2022,MASB,3560,3560,3560,3560,100
4/28/2022,MASB-W,278,288,270,282,12200
4/28/2022,MAYA,585,595,580,585,616700
4/28/2022,MBAP,4800,5850,4800,5775,1326900
4/28/2022,MBSS,1245,1280,1210,1235,877800
4/28/2022,MBTO,118,119,116,119,72300
4/28/2022,MCAS,13000,13325,13000,13150,1693800
4/28/2022,MCOL,6275,6975,6275,6950,2128900
4/28/2022,MCOR,94,96,93,95,5493900
4/28/2022,MDIA,51,52,50,50,18287900
4/28/2022,MDKA,5325,5425,5250,5300,40418900
4/28/2022,MDKI,199,200,199,200,715000
4/28/2022,MDLN,81,84,79,81,17917500
4/28/2022,MDRN,50,50,50,50,0
4/28/2022,MEDC,535,555,535,550,37933000
4/28/2022,MEGA,6200,6250,6175,6200,27900
4/28/2022,MERK,3820,3840,3740,3770,78300
4/28/2022,META,114,114,113,114,240200
4/28/2022,MFIN,1220,1250,1220,1250,6900
4/28/2022,MFMI,860,890,860,890,2300
4/28/2022,MGLV,166,180,158,159,78000
4/28/2022,MGLV-W,9,10,9,9,561400
4/28/2022,MGNA,50,50,50,50,0
4/28/2022,MGRO,895,905,865,895,5682000
4/28/2022,MICE,358,362,356,362,2500
4/28/2022,MIDI,2170,2170,2170,2170,1400
4/28/2022,MIKA,2560,2610,2530,2530,12309200
4/28/2022,MINA,50,50,50,50,3700
4/28/2022,MIRA,50,50,50,50,300
4/28/2022,MITI,162,165,158,158,1310500
4/28/2022,MKNT,50,50,50,50,100
4/28/2022,MKPI,22700,22700,22700,22700,0
4/28/2022,MLBI,9125,9275,9125,9175,377000
4/28/2022,MLIA,2270,2400,2220,2350,7121900
4/28/2022,MLPL,197,202,197,199,33220000
4/28/2022,MLPT,3240,3300,3230,3240,21900
4/28/2022,MMLP,570,590,570,585,2323200
4/28/2022,MNCN,1010,1020,1000,1005,15756100
4/28/2022,MOLI,290,294,288,290,43400
4/28/2022,MPMX,1370,1430,1360,1365,34105100
4/28/2022,MPOW,91,94,91,92,403000
4/28/2022,MPPA,318,334,312,320,50726500
4/28/2022,MPRO,730,730,730,730,0
4/28/2022,MRAT,177,195,177,183,1675200
4/28/2022,MREI,3660,3880,3660,3680,1200
4/28/2022,MSIN,5650,5800,5450,5650,783300
4/28/2022,MSKY,362,384,356,356,3325600
4/28/2022,MTDL,700,730,700,715,8202200
4/28/2022,MTEL,750,770,750,765,38350000
4/28/2022,MTFN,50,50,50,50,0
4/28/2022,MTLA,350,356,350,350,81500
4/28/2022,MTMH,1580,1620,1575,1620,32650900
4/28/2022,MTPS,86,87,81,83,7283600
4/28/2022,MTRA,244,244,244,244,0
4/28/2022,MTSM,214,220,202,218,1200
4/28/2022,MTWI,159,168,154,155,18835600
4/28/2022,MYOH,1810,1835,1810,1810,54300
4/28/2022,MYOR,1765,1775,1725,1750,5228500
4/28/2022,MYRX,50,50,50,50,0
4/28/2022,MYRXP,50,50,50,50,0
4/28/2022,MYTX,69,70,63,67,129000
4/28/2022,NANO,63,65,61,64,17439300
4/28/2022,NANO-W,11,11,10,11,21095100
4/28/2022,NASA,50,50,50,50,193800
4/28/2022,NASI,280,280,262,262,1258000
4/28/2022,NATO,650,675,650,660,308567900
4/28/2022,NELY,290,298,288,290,1884800
4/28/2022,NETV,312,344,310,326,15052500
4/28/2022,NFCX,4830,5275,4800,5275,98600
4/28/2022,NICK,470,486,438,446,171600
4/28/2022,NICL,70,71,69,69,8890200
4/28/2022,NICL-W,9,10,9,9,8877500
4/28/2022,NIKL,920,945,915,925,489900
4/28/2022,NIPS,282,282,282,282,0
4/28/2022,NIRO,140,141,134,139,426600
4/28/2022,NISP,640,645,635,640,17408100
4/28/2022,NOBU,600,600,585,585,1141800
4/28/2022,NPGF,100,115,99,104,80211000
4/28/2022,NRCA,286,288,284,288,639400
4/28/2022,NTBK,52,53,51,51,11234600
4/28/2022,NTBK-W,10,11,10,11,6866700
4/28/2022,NUSA,50,50,50,50,0
4/28/2022,NZIA,150,180,144,146,2677000
4/28/2022,OASA,660,665,645,665,882900
4/28/2022,OBMD,95,95,93,94,599700
4/28/2022,OBMD-W,17,17,16,17,225900
4/28/2022,OCAP,159,159,159,159,0
4/28/2022,OILS,212,220,208,210,1670000
4/28/2022,OILS-W,68,68,62,64,317700
4/28/2022,OKAS,56,59,56,57,9262500
4/28/2022,OMRE,605,605,605,605,200
4/28/2022,OPMS,107,112,107,112,1401900
4/28/2022,PADI,50,50,50,50,200
4/28/2022,PALM,900,950,870,910,10239900
4/28/2022,PAMG,86,87,82,82,308400
4/28/2022,PANI,4100,4270,4000,4260,77100
4/28/2022,PANR,224,228,222,222,2608300
4/28/2022,PANS,1440,1510,1435,1475,669200
4/28/2022,PBID,1760,1765,1740,1755,641600
4/28/2022,PBRX,148,149,144,149,1633700
4/28/2022,PBSA,635,635,595,620,7500
4/28/2022,PCAR,156,165,155,161,88400
4/28/2022,PDES,252,252,244,244,272600
4/28/2022,PEGE,780,805,780,790,44900
4/28/2022,PEHA,995,1000,995,1000,77700
4/28/2022,PGAS,1380,1470,1375,1450,286215400
4/28/2022,PGJO,68,68,67,68,5600
4/28/2022,PGLI,324,344,308,328,86900
4/28/2022,PGUN,715,715,695,695,17900
4/28/2022,PICO,99,100,96,96,7100
4/28/2022,PJAA,545,565,545,555,491500
4/28/2022,PKPK,173,175,170,172,3454000
4/28/2022,PLAN,36,37,36,36,510600
4/28/2022,PLAN-W,9,9,8,9,348400
4/28/2022,PLAS,50,50,50,50,0
4/28/2022,PLIN,2010,2010,2010,2010,200
4/28/2022,PMJS,134,160,134,149,7744600
4/28/2022,PMMP,442,442,412,428,49451400
4/28/2022,PNBN,925,1015,925,1010,21771300
4/28/2022,PNBS,63,65,61,65,36545300
4/28/2022,PNGO,1475,1480,1470,1475,18300
4/28/2022,PNIN,690,720,680,720,3045300
4/28/2022,PNLF,220,238,220,236,114820100
4/28/2022,PNSE,575,655,540,650,14700
4/28/2022,POLA,93,96,91,93,2011100
4/28/2022,POLA-W,62,69,60,66,66200
4/28/2022,POLI,1170,1180,1165,1165,1042000
4/28/2022,POLL,456,484,448,460,6975800
4/28/2022,POLU,610,610,590,590,700
4/28/2022,POLY,70,72,68,70,2754800
4/28/2022,POOL,50,50,50,50,0
4/28/2022,PORT,585,595,550,580,1600
4/28/2022,POSA,50,50,50,50,0
4/28/2022,POWR,690,695,685,690,6032700
4/28/2022,PPGL,142,149,140,144,6027200
4/28/2022,PPGL-W,12,14,12,13,18235100
4/28/2022,PPRE,161,164,160,162,3318400
4/28/2022,PPRO,50,51,50,50,5039400
4/28/2022,PRAS,218,218,204,210,36800
4/28/2022,PRDA,6900,6975,6850,6900,203300
4/28/2022,PRIM,300,302,296,300,419800
4/28/2022,PSAB,130,131,127,128,7034100
4/28/2022,PSDN,150,150,143,149,1900
4/28/2022,PSGO,185,188,180,182,6610000
4/28/2022,PSKT,77,79,75,76,36118100
4/28/2022,PSSI,535,555,530,555,2542000
4/28/2022,PTBA,3710,3850,3700,3820,47082900
4/28/2022,PTDU,56,63,55,61,41640300
4/28/2022,PTIS,193,193,182,182,278700
4/28/2022,PTPP,940,940,920,935,10687400
4/28/2022,PTPW,855,890,850,890,582400
4/28/2022,PTRO,2880,2920,2880,2920,927400
4/28/2022,PTSN,208,212,208,210,359000
4/28/2022,PTSP,4460,4530,4460,4530,400
4/28/2022,PUDP,300,300,280,284,27900
4/28/2022,PURA,50,50,50,50,570300
4/28/2022,PURA-W,11,12,10,11,2524700
4/28/2022,PURE,51,53,51,52,5054300
4/28/2022,PURI,346,398,342,394,18100
4/28/2022,PWON,580,585,560,560,45251800
4/28/2022,PYFA,1025,1030,1015,1030,53500
4/28/2022,PZZA,665,670,645,665,1573000
4/28/2022,R-ABFII,28600,28600,28600,28600,0
4/28/2022,R-LQ45X,1170,1185,1168,1175,51400
4/28/2022,RAJA,190,222,189,214,104919000
4/28/2022,RALS,690,695,665,670,9442300
4/28/2022,RANC,1530,1530,1525,1525,4300
4/28/2022,RBMS,59,61,56,59,26379500
4/28/2022,RDTX,7650,7650,7650,7650,0
4/28/2022,REAL,50,50,50,50,2253500
4/28/2022,RELI,410,448,410,438,3300
4/28/2022,RICY,69,70,68,70,138200
4/28/2022,RIGS,338,392,338,364,2551400
4/28/2022,RIMO,50,50,50,50,0
4/28/2022,RISE,350,436,344,410,4037400
4/28/2022,RMBA,306,306,306,306,0
4/28/2022,RMKE,400,422,398,412,8247900
4/28/2022,ROCK,570,585,570,585,200
4/28/2022,RODA,71,72,68,69,2274100
4/28/2022,RONY,800,800,800,800,0
4/28/2022,ROTI,1290,1300,1280,1290,813600
4/28/2022,RSGK,1330,1355,1310,1335,9200
4/28/2022,RUIS,190,194,185,190,172800
4/28/2022,RUNS,242,252,242,250,730400
4/28/2022,SAFE,234,238,232,232,1035100
4/28/2022,SAME,440,444,422,434,19675300
4/28/2022,SAMF,605,640,605,615,7349200
4/28/2022,SAPX,1350,1395,1320,1345,11300
4/28/2022,SATU,102,103,100,101,4973700
4/28/2022,SBAT,50,50,50,50,800
4/28/2022,SBAT-W,8,9,7,9,3271000
4/28/2022,SBAT-W2,12,13,12,13,700800
4/28/2022,SBMA,153,154,150,151,4833300
4/28/2022,SBMA-W,65,66,62,65,74300
4/28/2022,SCCO,9700,9700,9700,9700,100
4/28/2022,SCMA,248,258,244,254,135316000
4/28/2022,SCNP,212,212,210,212,54800
4/28/2022,SCPI,29000,29000,29000,29000,0
4/28/2022,SDMU,110,125,109,111,140973100
4/28/2022,SDPC,119,119,117,117,83900
4/28/2022,SDRA,565,590,565,575,310800
4/28/2022,SEMA,250,264,244,264,20197300
4/28/2022,SEMA-W,51,54,51,52,1751400
4/28/2022,SFAN,1555,1565,1555,1560,258200
4/28/2022,SGER,2080,2210,2040,2210,10185300
4/28/2022,SGER-W,2110,2110,2110,2110,0
4/28/2022,SGRO,2200,2280,2150,2230,750100
4/28/2022,SHID,2220,2270,2220,2230,669700
4/28/2022,SHIP,1000,1000,965,995,2794900
4/28/2022,SICO,168,168,157,157,2246200
4/28/2022,SICO-W,53,55,49,54,1647400
4/28/2022,SIDO,940,945,935,940,13466300
4/28/2022,SILO,1035,1050,1035,1040,4836100
4/28/2022,SIMA,50,50,50,50,0
4/28/2022,SIMP,500,505,480,505,8564300
4/28/2022,SINI,256,266,244,266,26500
4/28/2022,SINI-W,145,159,120,148,4900
4/28/2022,SIPD,1660,1680,1660,1680,21900
4/28/2022,SKBM,390,398,386,398,35100
4/28/2022,SKLT,2130,2140,2110,2110,2200
4/28/2022,SKRN,930,950,920,950,23500
4/28/2022,SKYB,51,51,51,51,0
4/28/2022,SLIS,270,278,266,272,13079800
4/28/2022,SMAR,4610,4650,4500,4630,64400
4/28/2022,SMBR,515,520,505,510,864500
4/28/2022,SMCB,1685,1695,1685,1695,584100
4/28/2022,SMDM,168,171,167,170,806400
4/28/2022,SMDR,1880,2030,1865,2000,21815400
4/28/2022,SMGR,6475,6500,6375,6400,10479800
4/28/2022,SMKL,406,418,404,408,1009100
4/28/2022,SMKL-W,34,44,34,36,1979400
4/28/2022,SMKM,246,250,236,246,11388100
4/28/2022,SMMA,12000,12000,12000,12000,100
4/28/2022,SMMT,1295,1335,1245,1300,19149000
4/28/2022,SMRA,690,720,690,710,53234100
4/28/2022,SMRU,50,50,50,50,0
4/28/2022,SMSM,1545,1575,1545,1560,7062200
4/28/2022,SNLK,655,715,655,680,4660900
4/28/2022,SOCI,199,204,189,193,45500100
4/28/2022,SOFA,36,36,35,36,167600
4/28/2022,SOHO,6450,6450,6200,6250,4100
4/28/2022,SONA,3250,3250,3250,3250,0
4/28/2022,SOSS,420,424,400,420,30800
4/28/2022,SOSS-W,47,51,43,51,3300
4/28/2022,SOTS,270,280,254,258,4600
4/28/2022,SOTS-W,49,55,49,55,600
4/28/2022,SPMA,645,675,645,665,1446400
4/28/2022,SPTO,600,610,590,610,3729500
4/28/2022,SQMI,60,63,58,61,11843100
4/28/2022,SRAJ,196,196,190,194,273900
4/28/2022,SRIL,146,146,146,146,0
4/28/2022,SRSN,56,57,55,56,5941200
4/28/2022,SRTG,3680,3710,3620,3640,11676000
4/28/2022,SSIA,386,386,376,378,2722600
4/28/2022,SSMS,1075,1080,1035,1065,7390000
4/28/2022,SSTM,810,810,775,775,15900
4/28/2022,STAA,860,910,845,900,10065900
4/28/2022,STAR,139,139,133,137,333200
4/28/2022,STTP,6850,7275,6800,6800,9300
4/28/2022,SUGI,50,50,50,50,0
4/28/2022,SULI,100,120,93,103,368848700
4/28/2022,SUPR,50800,50800,49900,49900,500
4/28/2022,SURE,1830,1830,1830,1830,300
4/28/2022,SWAT,95,97,91,92,7421800
4/28/2022,TALF,312,312,312,312,0
4/28/2022,TAMA,55,55,53,55,2687900
4/28/2022,TAMA-W,17,17,16,17,35900
4/28/2022,TAMU,50,50,50,50,50600
4/28/2022,TAPG,630,675,605,670,70885200
4/28/2022,TARA,50,50,50,50,13800
4/28/2022,TAXI,50,50,50,50,200
4/28/2022,TAYS,197,202,197,197,142800
4/28/2022,TBIG,3090,3090,3010,3010,21361100
4/28/2022,TBLA,800,810,790,795,1266100
4/28/2022,TBMS,1700,1750,1700,1750,1300
4/28/2022,TCID,4910,4910,4900,4900,6800
4/28/2022,TCPI,9550,9950,9525,9950,8841700
4/28/2022,TDPM,119,119,119,119,0
4/28/2022,TEBE,695,720,695,705,558300
4/28/2022,TECH,3700,3770,3600,3720,2845900
4/28/2022,TELE,121,121,121,121,0
4/28/2022,TFAS,4350,4350,4200,4200,18200
4/28/2022,TFCO,795,795,740,795,2400
4/28/2022,TGKA,7850,7925,7825,7925,4200
4/28/2022,TGRA,62,65,62,63,2479700
4/28/2022,TIFA,540,545,525,525,11600
4/28/2022,TINS,1880,1900,1850,1855,19961800
4/28/2022,TIRA,428,428,374,376,12500
4/28/2022,TIRT,124,133,116,120,45588800
4/28/2022,TKIM,6525,6625,6525,6600,2183400
4/28/2022,TLDN,660,675,655,665,4791200
4/28/2022,TLKM,4850,4850,4620,4620,198484800
4/28/2022,TMAS,1930,1975,1890,1900,4450800
4/28/2022,TMPO,132,132,131,131,46800
4/28/2022,TNCA,840,890,830,870,2368300
4/28/2022,TOBA,1095,1115,1070,1070,5313900
4/28/2022,TOPS,50,50,50,50,29000
4/28/2022,TOTL,294,298,294,296,5484200
4/28/2022,TOTO,218,240,218,226,6728200
4/28/2022,TOWR,1025,1025,1010,1010,49285500
4/28/2022,TOYS,154,154,146,147,26463200
4/28/2022,TOYS-W,17,18,17,18,3103600
4/28/2022,TPIA,10275,10275,10050,10050,2860300
4/28/2022,TPMA,354,390,354,374,5148300
4/28/2022,TRAM,50,50,50,50,0
4/28/2022,TRIL,50,50,50,50,0
4/28/2022,TRIM,310,330,304,330,14268500
4/28/2022,TRIN,424,436,396,414,12354100
4/28/2022,TRIN-W,93,94,75,87,947500
4/28/2022,TRIO,426,426,426,426,0
4/28/2022,TRIS,174,183,170,173,780300
4/28/2022,TRIS-W,6,6,6,6,0
4/28/2022,TRJA,232,232,216,216,72318200
4/28/2022,TRST,705,735,705,735,111200
4/28/2022,TRUE,90,90,83,85,25316600
4/28/2022,TRUE-W,19,19,18,19,2342700
4/28/2022,TRUK,172,176,170,172,7515800
4/28/2022,TRUS,402,402,392,392,600
4/28/2022,TSPC,1465,1470,1455,1470,1514700
4/28/2022,TUGU,1400,1400,1375,1385,145300
4/28/2022,TURI,1380,1390,1360,1360,6100
4/28/2022,UANG,685,805,680,680,54300
4/28/2022,UCID,1300,1300,1270,1300,139800
4/28/2022,UFOE,1135,1225,1130,1175,5082000
4/28/2022,ULTJ,1555,1580,1550,1555,498700
4/28/2022,UNIC,12400,12650,12400,12650,3900
4/28/2022,UNIQ,74,74,69,71,273300
4/28/2022,UNIT,316,316,316,316,0
4/28/2022,UNSP,118,119,116,117,90200
4/28/2022,UNTR,30000,30800,29825,30275,15039100
4/28/2022,UNVR,3830,3920,3770,3890,33886500
4/28/2022,URBN,418,440,404,418,11100
4/28/2022,UVCR,214,224,204,222,7056800
4/28/2022,UVCR-W,43,45,43,43,428700
4/28/2022,VICI,510,515,505,515,1711100
4/28/2022,VICO,165,166,158,166,484500
4/28/2022,VINS,162,163,161,161,20000
4/28/2022,VIVA,50,50,50,50,367000
4/28/2022,VOKS,173,176,172,175,5200
4/28/2022,VRNA,107,111,106,108,155600
4/28/2022,WAPO,127,129,125,128,119900
4/28/2022,WEGE,182,184,179,182,8430900
4/28/2022,WEHA,175,178,175,175,3963800
4/28/2022,WGSH,180,185,176,181,5948500
4/28/2022,WICO,396,396,376,384,3900
4/28/2022,WIFI,370,382,360,368,47226900
4/28/2022,WIFI-W,135,135,134,134,4200
4/28/2022,WIIM,560,615,530,530,89641200
4/28/2022,WIKA,950,960,940,950,9163000
4/28/2022,WINR,246,258,226,226,325338400
4/28/2022,WINR-W,29,29,23,23,201315000
4/28/2022,WINS,162,163,158,160,3633600
4/28/2022,WIRG,1165,1210,1100,1100,258791800
4/28/2022,WIRG-W,950,1020,885,900,10205200
4/28/2022,WMPP,135,137,131,136,19860000
4/28/2022,WMUU,144,145,141,142,11993000
4/28/2022,WOMF,274,276,268,274,963100
4/28/2022,WOOD,705,705,690,700,2624200
4/28/2022,WOWS,52,53,52,52,8491700
4/28/2022,WSBP,95,95,95,95,0
4/28/2022,WSKT,525,535,520,530,20588700
4/28/2022,WTON,212,214,212,212,3447800
4/28/2022,XAFA,1050,1050,1050,1050,0
4/28/2022,XAQA,1075,1075,1075,1075,0
4/28/2022,XBES,1080,1080,1080,1080,100
4/28/2022,XBID,605,605,605,605,0
4/28/2022,XBIG,600,600,600,600,0
4/28/2022,XBIN,576,576,576,576,0
4/28/2022,XBLQ,527,527,527,527,0
4/28/2022,XBNI,1188,1205,1188,1205,2900
4/28/2022,XBSK,443,443,443,443,0
4/28/2022,XCEG,103,105,101,105,239700
4/28/2022,XCID,95,120,89,112,251800
4/28/2022,XCIS,96,96,96,96,11600
4/28/2022,XCLQ,116,116,113,116,5200
4/28/2022,XDIF,526,526,526,526,0
4/28/2022,XDSG,1092,1092,1092,1092,0
4/28/2022,XFES,145,145,145,145,0
4/28/2022,XIFE,121,121,118,119,70400
4/28/2022,XIHD,609,609,594,604,68100
4/28/2022,XIIC,1042,1042,1042,1042,200
4/28/2022,XIID,616,616,615,615,1900
4/28/2022,XIIF,561,561,560,561,2800
4/28/2022,XIIT,630,636,626,633,70200
4/28/2022,XIJI,665,676,665,666,26500
4/28/2022,XILV,133,133,130,130,500
4/28/2022,XIML,280,280,280,280,0
4/28/2022,XIPI,211,213,211,212,1900
4/28/2022,XISB,398,398,398,398,0
4/28/2022,XISC,745,760,745,760,402200
4/28/2022,XISI,366,366,366,366,500
4/28/2022,XISR,445,458,445,457,8600
4/28/2022,XKIV,539,539,539,539,0
4/28/2022,XKMS,1246,1257,1241,1257,1300300
4/28/2022,XMIG,207,207,207,207,0
4/28/2022,XMJM,1001,1001,1001,1001,0
4/28/2022,XMTS,527,527,527,527,0
4/28/2022,XNVE,169,174,169,174,104300
4/28/2022,XPCR,1008,1008,1008,1008,0
4/28/2022,XPDV,587,587,575,581,58600
4/28/2022,XPES,438,438,438,438,0
4/28/2022,XPFT,620,620,620,620,3000
4/28/2022,XPID,589,589,589,589,0
4/28/2022,XPLC,560,560,560,560,500
4/28/2022,XPLQ,564,564,564,564,2500
4/28/2022,XPMI,1010,1010,1010,1010,0
4/28/2022,XPSG,422,422,422,422,0
4/28/2022,XPTD,550,550,550,550,0
4/28/2022,XSBC,122,122,121,122,8000
4/28/2022,XSMU,161,164,159,160,13000
4/28/2022,XSPI,750,750,750,750,0
4/28/2022,XSRI,212,212,212,212,0
4/28/2022,XSSI,82,82,79,80,22100
4/28/2022,XSSK,757,757,757,757,200
4/28/2022,YELO,96,102,96,100,24180000
4/28/2022,YPAS,720,810,665,665,56900
4/28/2022,YULE,2030,2350,2020,2150,36300
4/28/2022,ZBRA,600,600,585,600,537700
4/28/2022,ZINC,86,89,85,86,827382300
4/28/2022,ZONE,1105,1200,1100,1180,1952600
4/28/2022,ZYRX,535,540,530,540,3245900
4/28/2022,ZYRX-W,80,80,78,80,182700
