<date>,<ticker>,<open>,<high>,<low>,<close>,<volume>
5/18/2022,IHSG,6644.467,6804.907,6644.467,6793.414,1466006263
5/18/2022,AALI,12100,12175,11925,11950,1246900
5/18/2022,ABBA,186,198,186,189,8571700
5/18/2022,ABDA,6250,6250,6250,6250,300
5/18/2022,ABMM,3310,3360,3190,3230,5659400
5/18/2022,ACES,1015,1030,1000,1015,12730600
5/18/2022,ACST,164,167,164,165,2631600
5/18/2022,ADCP,74,76,73,74,15012800
5/18/2022,ADES,4840,4850,4770,4800,104700
5/18/2022,ADHI,685,695,680,680,3783800
5/18/2022,ADMF,8000,8150,7950,8075,191400
5/18/2022,ADMG,162,172,161,167,1098700
5/18/2022,ADMR,2480,2550,2410,2430,103750100
5/18/2022,ADRO,3250,3270,3100,3190,128274700
5/18/2022,AGAR,326,344,326,332,2400
5/18/2022,AGII,1895,1955,1880,1925,11293600
5/18/2022,AGRO,910,935,905,935,8367200
5/18/2022,AGRS,116,119,115,116,8465400
5/18/2022,AHAP,63,63,61,61,2282600
5/18/2022,AIMS,252,254,248,250,7400
5/18/2022,AISA,155,161,153,159,5736000
5/18/2022,AKKU,50,50,50,50,75100
5/18/2022,AKPI,940,940,930,930,1800
5/18/2022,AKRA,1030,1040,1010,1020,46341800
5/18/2022,AKSI,232,250,230,234,1160300
5/18/2022,ALDO,950,975,920,920,3456100
5/18/2022,ALDO-W,200,200,200,200,1700
5/18/2022,ALKA,296,310,296,298,69500
5/18/2022,ALMI,280,280,272,272,4200
5/18/2022,ALTO,189,200,189,199,266400
5/18/2022,AMAG,382,382,378,378,34900
5/18/2022,AMAN,520,525,520,520,205500
5/18/2022,AMAR,354,356,328,328,37866200
5/18/2022,AMFG,6925,7100,6925,7000,111000
5/18/2022,AMIN,140,146,135,140,160200
5/18/2022,AMOR,1545,1650,1480,1540,33300
5/18/2022,AMRT,1675,1750,1665,1705,85166800
5/18/2022,ANDI,50,50,50,50,8700
5/18/2022,ANJT,980,1000,980,980,569000
5/18/2022,ANTM,2420,2420,2360,2400,79223300
5/18/2022,APEX,432,444,416,424,111100
5/18/2022,APIC,1105,1130,1105,1120,17514600
5/18/2022,APII,192,200,192,194,1203300
5/18/2022,APLI,202,202,193,193,1200
5/18/2022,APLN,110,111,109,110,2251500
5/18/2022,ARCI,394,400,394,396,1570500
5/18/2022,ARGO,1185,1445,1110,1190,5300
5/18/2022,ARII,224,234,224,226,30500
5/18/2022,ARKA,50,50,50,50,8800
5/18/2022,ARMY,50,50,50,50,0
5/18/2022,ARNA,995,1030,985,1025,3358400
5/18/2022,ARTA,1880,1880,1840,1840,4100
5/18/2022,ARTI,50,50,50,50,0
5/18/2022,ARTO,7125,7800,7075,7075,92767500
5/18/2022,ASBI,290,290,290,290,900
5/18/2022,ASDM,1020,1020,1010,1010,4000
5/18/2022,ASGR,920,935,890,890,1394300
5/18/2022,ASII,6975,7200,6925,7100,44859900
5/18/2022,ASJT,124,124,123,124,24500
5/18/2022,ASLC,198,206,198,202,48716400
5/18/2022,ASMI,143,146,137,145,7148500
5/18/2022,ASPI,72,74,70,72,44100
5/18/2022,ASPI-W,14,14,13,13,751100
5/18/2022,ASRI,154,154,152,153,3881300
5/18/2022,ASRM,1545,1545,1525,1525,5100
5/18/2022,ASSA,2030,2080,1990,1995,9890200
5/18/2022,ATAP,100,106,99,104,2004900
5/18/2022,ATIC,398,416,398,406,48400
5/18/2022,AUTO,1105,1120,1100,1115,2246200
5/18/2022,AVIA,745,760,740,750,23887200
5/18/2022,AYLS,252,276,252,264,4559200
5/18/2022,BABP,134,146,134,141,65792900
5/18/2022,BABP-W3,108,108,107,108,10100
5/18/2022,BABP-W4,132,133,100,121,1600
5/18/2022,BACA,159,166,158,160,14526200
5/18/2022,BACA-W2,145,145,58,72,13700
5/18/2022,BAJA,210,214,202,206,1348500
5/18/2022,BALI,780,785,765,770,52500
5/18/2022,BANK,1750,1760,1690,1695,17128700
5/18/2022,BANK-W,1825,1825,1825,1825,0
5/18/2022,BAPA,89,100,86,90,41302200
5/18/2022,BAPI,50,50,50,50,2000
5/18/2022,BAPI-W,6,6,5,6,8320600
5/18/2022,BATA,486,494,470,470,7900
5/18/2022,BAUT,51,51,50,50,10369100
5/18/2022,BAUT-W,10,11,10,10,5564400
5/18/2022,BAYU,1150,1150,1140,1140,2000
5/18/2022,BBCA,7500,7575,7375,7575,153514300
5/18/2022,BBHI,5075,5150,4930,4940,38672400
5/18/2022,BBKP,204,216,202,212,140862500
5/18/2022,BBLD,402,402,392,400,500
5/18/2022,BBMD,2000,2000,2000,2000,800
5/18/2022,BBNI,8550,8875,8500,8750,53037800
5/18/2022,BBRI,4500,4530,4430,4450,129716500
5/18/2022,BBRM,50,50,50,50,2000
5/18/2022,BBSI,5050,5150,4880,4950,21000
5/18/2022,BBSS,50,50,50,50,240100
5/18/2022,BBTN,1685,1685,1645,1675,59072100
5/18/2022,BBYB,1275,1335,1255,1275,52855500
5/18/2022,BCAP,204,214,194,200,118450900
5/18/2022,BCIC,148,197,147,196,51813200
5/18/2022,BCIP,56,57,56,57,1161100
5/18/2022,BDMN,2400,2410,2370,2370,1808100
5/18/2022,BEBS,5125,5750,5025,5475,55874300
5/18/2022,BEEF,50,50,50,50,613200
5/18/2022,BEKS,50,50,50,50,418700
5/18/2022,BELL,312,378,310,378,110162700
5/18/2022,BESS,575,595,560,570,148500
5/18/2022,BESS-W,386,450,386,450,200
5/18/2022,BEST,107,109,106,108,8413600
5/18/2022,BFIN,1110,1160,1095,1150,27787300
5/18/2022,BGTG,140,148,136,148,14067200
5/18/2022,BHAT,1005,1010,1005,1010,1207600
5/18/2022,BHIT,54,55,53,54,115589500
5/18/2022,BIKA,220,226,210,212,158700
5/18/2022,BIKE,208,224,202,210,12944500
5/18/2022,BIKE-W,18,19,18,18,2456200
5/18/2022,BIMA,268,268,258,264,3365700
5/18/2022,BINA,3740,3780,3700,3750,346000
5/18/2022,BINO,133,134,132,133,3325100
5/18/2022,BINO-W,22,22,21,22,223900
5/18/2022,BIPI,86,87,83,85,973990000
5/18/2022,BIPI-W,11,11,9,10,24453400
5/18/2022,BIPP,50,51,50,50,25900
5/18/2022,BIRD,1180,1215,1180,1195,1824200
5/18/2022,BISI,1550,1610,1550,1565,1143400
5/18/2022,BJBR,1460,1470,1445,1455,3201900
5/18/2022,BJTM,755,770,755,765,5837400
5/18/2022,BKDP,76,83,76,79,1807400
5/18/2022,BKSL,50,51,50,51,25280500
5/18/2022,BKSW,127,136,127,131,4228500
5/18/2022,BLTA,50,50,50,50,12400
5/18/2022,BLTZ,2750,2750,2700,2740,300
5/18/2022,BLUE,272,272,270,272,271800
5/18/2022,BMAS,1350,1360,1330,1360,65600
5/18/2022,BMHS,600,620,580,590,15140000
5/18/2022,BMRI,7975,8025,7800,7900,81259600
5/18/2022,BMSR,294,298,280,298,1043900
5/18/2022,BMTR,254,256,252,252,28491600
5/18/2022,BNBA,1600,1870,1520,1795,3411800
5/18/2022,BNBR,50,50,50,50,402800
5/18/2022,BNGA,1010,1020,1005,1010,3080600
5/18/2022,BNII,272,276,266,274,523400
5/18/2022,BNLI,1200,1225,1200,1205,53500
5/18/2022,BOBA,191,195,187,193,753500
5/18/2022,BOGA,1355,1370,1350,1360,94025100
5/18/2022,BOLA,366,374,356,368,4463800
5/18/2022,BOLT,970,970,920,925,7500
5/18/2022,BOSS,70,72,69,70,17179100
5/18/2022,BPFI,650,680,640,665,61800
5/18/2022,BPII,7900,7900,7900,7900,0
5/18/2022,BPTR,180,216,178,210,6451900
5/18/2022,BRAM,11700,11900,11700,11900,1500
5/18/2022,BRIS,1470,1470,1440,1445,5344300
5/18/2022,BRMS,216,224,212,218,211160200
5/18/2022,BRNA,1080,1080,1080,1080,100
5/18/2022,BRPT,825,840,815,825,25411900
5/18/2022,BSDE,930,930,905,905,7667800
5/18/2022,BSIM,590,610,585,590,48200
5/18/2022,BSML,1400,1615,1370,1590,18215900
5/18/2022,BSSR,4520,4520,4320,4320,1099800
5/18/2022,BSWD,1750,1750,1750,1750,0
5/18/2022,BTEK,50,50,50,50,600
5/18/2022,BTEL,50,50,50,50,0
5/18/2022,BTON,386,400,372,392,18400
5/18/2022,BTPN,2510,2550,2510,2530,45600
5/18/2022,BTPS,3210,3210,3150,3160,1095500
5/18/2022,BUDI,266,268,250,254,30624900
5/18/2022,BUKA,286,306,286,304,433775300
5/18/2022,BUKK,1040,1055,1040,1040,2100
5/18/2022,BULL,160,162,155,156,224532800
5/18/2022,BULL-W2,37,38,30,34,651700
5/18/2022,BUMI,57,57,55,56,509654600
5/18/2022,BUVA,60,60,60,60,0
5/18/2022,BVIC,143,146,138,145,9958500
5/18/2022,BWPT,72,73,71,72,16406800
5/18/2022,BYAN,46000,47000,45975,46000,46700
5/18/2022,CAKK,87,93,86,87,16103400
5/18/2022,CAMP,274,276,270,272,373400
5/18/2022,CANI,152,153,140,140,1575200
5/18/2022,CARE,520,540,520,535,440616100
5/18/2022,CARS,50,50,50,50,2700
5/18/2022,CASA,585,595,580,585,1107100
5/18/2022,CASH,177,177,169,169,2921200
5/18/2022,CASS,396,402,396,400,267300
5/18/2022,CBMF,51,57,51,54,24314900
5/18/2022,CCSI,770,770,735,740,36700
5/18/2022,CEKA,2370,2570,2300,2430,220200
5/18/2022,CENT,188,193,186,189,6276900
5/18/2022,CFIN,230,232,228,230,3107000
5/18/2022,CINT,234,234,224,234,491000
5/18/2022,CITA,3030,3030,3010,3030,800
5/18/2022,CITY,150,156,150,154,25700
5/18/2022,CLAY,725,725,725,725,100
5/18/2022,CLEO,430,436,428,434,7000200
5/18/2022,CLPI,1140,1150,1125,1135,52100
5/18/2022,CMNP,2080,2200,2080,2100,4500
5/18/2022,CMNP-W,995,995,995,995,0
5/18/2022,CMNT,865,865,815,860,44562600
5/18/2022,CMPP,402,430,378,378,11789600
5/18/2022,CMRY,4140,4250,4110,4200,3381700
5/18/2022,CNKO,50,50,50,50,600
5/18/2022,CNTB,250,250,250,250,0
5/18/2022,CNTX,220,240,214,234,3300
5/18/2022,COCO,222,222,214,220,293800
5/18/2022,COWL,50,50,50,50,0
5/18/2022,CPIN,4950,4980,4920,4950,5724200
5/18/2022,CPRI,50,50,50,50,0
5/18/2022,CPRO,68,70,68,69,65445900
5/18/2022,CSAP,580,590,550,580,51800
5/18/2022,CSIS,75,81,75,80,2499800
5/18/2022,CSMI,4560,4560,4560,4560,0
5/18/2022,CSRA,705,710,690,690,995200
5/18/2022,CTBN,2620,2620,2580,2610,600
5/18/2022,CTRA,1020,1020,985,990,27031700
5/18/2022,CTTH,50,50,50,50,1900
5/18/2022,DADA,50,50,50,50,600
5/18/2022,DADA-W,9,10,8,9,14919700
5/18/2022,DART,218,218,210,210,65300
5/18/2022,DAYA,230,230,230,230,0
5/18/2022,DCII,39000,39000,38875,38875,300
5/18/2022,DEAL,50,50,50,50,1200
5/18/2022,DEFI,1455,1455,1455,1455,0
5/18/2022,DEPO,500,505,500,505,278200
5/18/2022,DEWA,55,58,55,55,60475900
5/18/2022,DFAM,380,404,354,366,1102100
5/18/2022,DGIK,140,141,133,135,7936200
5/18/2022,DGNS,282,288,272,278,2158200
5/18/2022,DIGI,58,62,56,59,40860500
5/18/2022,DILD,145,145,143,145,490900
5/18/2022,DIVA,840,895,830,875,299400
5/18/2022,DKFT,120,121,117,118,4352400
5/18/2022,DLTA,3840,3860,3780,3830,130300
5/18/2022,DMAS,171,173,170,172,21468800
5/18/2022,DMMX,1830,2110,1825,2100,28666100
5/18/2022,DMND,805,820,785,815,70200
5/18/2022,DNAR,185,193,182,189,2709400
5/18/2022,DNET,3190,3190,3190,3190,3700
5/18/2022,DOID,590,595,560,575,148861500
5/18/2022,DPNS,390,410,390,400,949500
5/18/2022,DPUM,50,50,50,50,0
5/18/2022,DRMA,545,585,545,585,10035000
5/18/2022,DSFI,97,99,96,97,4145600
5/18/2022,DSNG,565,565,535,535,10530300
5/18/2022,DSSA,29975,33000,29850,33000,2300
5/18/2022,DUCK,176,176,176,176,0
5/18/2022,DUTI,4070,4100,4070,4100,1700
5/18/2022,DVLA,2450,2450,2430,2450,16000
5/18/2022,DWGL,228,230,214,226,77900
5/18/2022,DWGL-W,34,34,20,32,765500
5/18/2022,DYAN,73,77,71,71,6839300
5/18/2022,EAST,90,91,88,91,1932100
5/18/2022,EAST-W,7,8,6,7,15492300
5/18/2022,ECII,735,735,735,735,8100
5/18/2022,EDGE,19500,19500,19000,19000,700
5/18/2022,EKAD,1410,1420,1395,1400,247800
5/18/2022,ELSA,286,292,286,290,38850500
5/18/2022,ELTY,50,50,50,50,0
5/18/2022,EMDE,152,155,152,155,300
5/18/2022,EMTK,1935,2000,1935,1935,201879800
5/18/2022,ENAK,1010,1035,1000,1035,1053900
5/18/2022,ENRG,242,258,230,236,173853800
5/18/2022,ENVY,50,50,50,50,0
5/18/2022,ENZO,53,57,52,55,98203800
5/18/2022,ENZO-W,15,16,15,15,7093900
5/18/2022,EPAC,50,50,50,50,9000
5/18/2022,EPMT,2890,2910,2870,2900,79800
5/18/2022,ERAA,505,510,498,500,13501100
5/18/2022,ERTX,185,185,176,183,63800
5/18/2022,ESIP,108,110,105,105,11664900
5/18/2022,ESIP-W,18,18,16,16,4380800
5/18/2022,ESSA,1200,1405,1195,1310,231362600
5/18/2022,ESTA,715,830,685,705,2333700
5/18/2022,ESTI,102,102,100,101,509200
5/18/2022,ETWA,62,62,62,62,0
5/18/2022,EXCL,2820,2820,2660,2710,21749900
5/18/2022,FAPA,3580,4470,3570,3600,111100
5/18/2022,FAST,965,975,955,975,14900
5/18/2022,FASW,6325,6325,6325,6325,100
5/18/2022,FILM,1250,1280,1195,1250,15256500
5/18/2022,FIMP,45,47,45,46,101100
5/18/2022,FIRE,236,248,230,234,1947600
5/18/2022,FISH,6950,6950,6950,6950,0
5/18/2022,FITT,260,262,258,258,295900
5/18/2022,FITT-W,52,52,52,52,0
5/18/2022,FLMC,77,80,75,77,153500
5/18/2022,FMII,366,382,366,382,1300
5/18/2022,FOOD,104,105,103,104,52000
5/18/2022,FORU,280,326,274,326,12603900
5/18/2022,FORZ,50,50,50,50,0
5/18/2022,FPNI,378,386,372,380,4614400
5/18/2022,FREN,80,80,77,78,150611400
5/18/2022,FREN-W2,18,19,18,18,55709800
5/18/2022,FUJI,645,730,640,730,3100
5/18/2022,GAMA,50,50,50,50,300
5/18/2022,GDST,89,90,88,90,259000
5/18/2022,GDYR,1315,1320,1315,1320,600
5/18/2022,GEMA,312,312,312,312,1000
5/18/2022,GEMS,6350,6950,6350,6700,103200
5/18/2022,GGRM,30375,30625,30325,30325,778900
5/18/2022,GGRP,595,640,585,600,1859000
5/18/2022,GHON,2200,2200,2160,2160,7600
5/18/2022,GIAA,222,222,222,222,0
5/18/2022,GJTL,625,625,615,620,3509800
5/18/2022,GLOB,157,167,152,163,395400
5/18/2022,GLVA,258,264,258,264,25600
5/18/2022,GMFI,79,80,77,78,354100
5/18/2022,GMTD,15600,15600,15600,15600,0
5/18/2022,GOLD,344,354,322,322,14500
5/18/2022,GOLL,50,50,50,50,0
5/18/2022,GOOD,535,540,525,535,5511400
5/18/2022,GOTO,186,250,186,248,4266865400
5/18/2022,GPRA,74,76,74,74,670400
5/18/2022,GPSO,90,99,90,98,1122000
5/18/2022,GPSO-W,11,12,11,12,981600
5/18/2022,GSMF,86,86,84,85,512700
5/18/2022,GTBO,75,75,75,75,0
5/18/2022,GTSI,59,59,58,58,3057400
5/18/2022,GWSA,135,143,135,140,108300
5/18/2022,GZCO,199,199,188,193,155725300
5/18/2022,HADE,50,50,50,50,900
5/18/2022,HAIS,240,248,226,228,29737200
5/18/2022,HDFA,168,171,162,166,67200
5/18/2022,HDIT,164,166,153,155,302000
5/18/2022,HDTX,120,120,120,120,0
5/18/2022,HEAL,1350,1390,1350,1375,27620300
5/18/2022,HELI,280,290,280,280,39500
5/18/2022,HERO,1715,1715,1605,1710,5500
5/18/2022,HEXA,6375,6450,6225,6300,521000
5/18/2022,HITS,1175,1175,1175,1175,0
5/18/2022,HKMU,50,50,50,50,121500
5/18/2022,HMSP,1020,1050,1020,1040,27727600
5/18/2022,HOKI,144,147,144,145,1740500
5/18/2022,HOME,50,50,50,50,0
5/18/2022,HOMI,1300,1340,1300,1325,571400
5/18/2022,HOPE,238,238,238,238,0
5/18/2022,HOPE-W,18,18,18,18,0
5/18/2022,HOTL,50,50,50,50,100
5/18/2022,HRME,53,54,51,53,7376300
5/18/2022,HRTA,206,206,204,206,1240000
5/18/2022,HRUM,11150,11175,10700,10975,19599600
5/18/2022,IATA,206,222,204,210,248011300
5/18/2022,IBFN,97,97,97,97,0
5/18/2022,IBOS,120,120,119,119,3221800
5/18/2022,IBOS-W,12,13,12,12,10970500
5/18/2022,IBST,6275,6275,6275,6275,0
5/18/2022,ICBP,7875,8250,7825,8100,13474300
5/18/2022,ICON,72,73,71,72,1647600
5/18/2022,IDEA,54,56,50,54,9845200
5/18/2022,IDPR,174,179,172,178,822500
5/18/2022,IFII,148,151,147,150,110000
5/18/2022,IFSH,1310,1315,1265,1315,105900
5/18/2022,IGAR,426,426,422,426,124200
5/18/2022,IIKP,50,50,50,50,0
5/18/2022,IKAI,50,50,50,50,3000
5/18/2022,IKAN,72,74,72,73,1653400
5/18/2022,IKBI,200,200,194,200,35300
5/18/2022,IMAS,725,745,725,735,522800
5/18/2022,IMJS,370,376,366,366,873200
5/18/2022,IMPC,3500,3520,3460,3510,5243300
5/18/2022,INAF,1145,1170,1145,1165,102600
5/18/2022,INAI,302,302,302,302,1800
5/18/2022,INCF,50,51,50,50,5838000
5/18/2022,INCI,560,560,545,555,88500
5/18/2022,INCO,7375,7400,7000,7100,34069900
5/18/2022,INDF,6500,6500,6400,6500,6964900
5/18/2022,INDO,96,98,94,95,7930000
5/18/2022,INDO-W,17,17,15,16,16771700
5/18/2022,INDR,7925,8225,7925,8100,252600
5/18/2022,INDS,2180,2180,2180,2180,0
5/18/2022,INDX,398,426,366,366,15806900
5/18/2022,INDY,2750,2790,2560,2590,55463200
5/18/2022,INKP,7675,7750,7575,7700,4698800
5/18/2022,INOV,187,187,183,185,520700
5/18/2022,INPC,90,94,90,91,3613500
5/18/2022,INPP,404,404,392,394,23400
5/18/2022,INPS,1535,1540,1445,1445,900
5/18/2022,INRU,680,680,680,680,0
5/18/2022,INTA,58,60,58,59,260100
5/18/2022,INTD,240,284,230,278,1220700
5/18/2022,INTP,9650,9900,9500,9900,4336200
5/18/2022,IPAC,114,116,107,116,8100
5/18/2022,IPCC,535,535,525,530,753900
5/18/2022,IPCM,286,290,280,286,1043400
5/18/2022,IPOL,157,158,154,156,257400
5/18/2022,IPPE,308,320,298,306,25433800
5/18/2022,IPTV,96,98,94,94,30486900
5/18/2022,IRRA,1450,1450,1385,1400,2721500
5/18/2022,ISAT,6025,6025,5625,5650,9724500
5/18/2022,ISSP,302,310,296,306,11763000
5/18/2022,ITIC,274,278,268,268,614700
5/18/2022,ITMA,520,535,520,525,193600
5/18/2022,ITMA-W,84,84,84,84,7000
5/18/2022,ITMG,33550,33925,32050,32500,7790700
5/18/2022,JAST,126,131,125,127,6210100
5/18/2022,JAWA,140,144,138,140,2005200
5/18/2022,JAYA,172,189,169,183,99955100
5/18/2022,JAYA-W,38,48,38,45,35262000
5/18/2022,JECC,4410,4410,4400,4400,1500
5/18/2022,JGLE,50,50,50,50,1300
5/18/2022,JIHD,306,312,294,298,2600
5/18/2022,JKON,79,85,79,82,51386200
5/18/2022,JKSW,60,60,60,60,0
5/18/2022,JMAS,106,108,104,105,318300
5/18/2022,JPFA,1410,1415,1395,1400,8736000
5/18/2022,JRPT,476,478,472,474,2794600
5/18/2022,JSKY,65,66,62,62,11105400
5/18/2022,JSMR,3780,3830,3780,3820,1894600
5/18/2022,JSPT,760,760,760,760,100
5/18/2022,JTPE,1215,1215,1195,1215,55200
5/18/2022,KAEF,1520,1570,1485,1535,2377200
5/18/2022,KARW,139,141,137,139,1444800
5/18/2022,KAYU,50,55,50,52,12542700
5/18/2022,KBAG,50,51,50,50,50745800
5/18/2022,KBAG-W,9,10,8,9,35181900
5/18/2022,KBLI,312,316,310,314,2008800
5/18/2022,KBLM,214,214,210,212,205700
5/18/2022,KBLV,200,200,196,198,2632100
5/18/2022,KBRI,50,50,50,50,0
5/18/2022,KDSI,995,995,995,995,1600
5/18/2022,KEEN,456,456,438,440,1469900
5/18/2022,KEJU,1200,1250,1175,1230,301600
5/18/2022,KIAS,50,50,50,50,2700
5/18/2022,KICI,189,194,184,188,1978200
5/18/2022,KIJA,165,166,163,165,1697400
5/18/2022,KINO,4530,4900,4490,4760,5056200
5/18/2022,KIOS,304,314,298,300,16107700
5/18/2022,KJEN,110,110,110,110,0
5/18/2022,KKGI,655,660,600,600,15438600
5/18/2022,KLBF,1630,1635,1605,1625,111379300
5/18/2022,KMDS,450,452,444,450,90800
5/18/2022,KMTR,284,286,284,286,400
5/18/2022,KOBX,490,545,470,494,34217100
5/18/2022,KOIN,149,149,147,149,173400
5/18/2022,KONI,1685,1725,1600,1600,6100
5/18/2022,KOPI,505,580,505,580,38100
5/18/2022,KOTA,50,50,50,50,289100
5/18/2022,KOTA-W,36,41,34,41,37200
5/18/2022,KPAL,50,50,50,50,0
5/18/2022,KPAS,62,62,62,62,0
5/18/2022,KPIG,85,86,84,84,55033100
5/18/2022,KRAH,436,436,436,436,0
5/18/2022,KRAS,382,386,376,376,9774700
5/18/2022,KREN,50,50,50,50,48503100
5/18/2022,KUAS,72,72,71,72,2213400
5/18/2022,KUAS-W,16,17,16,17,1423100
5/18/2022,LABA,131,132,125,130,5653000
5/18/2022,LABA-W,23,23,20,20,6784100
5/18/2022,LAND,171,175,159,160,110671800
5/18/2022,LAPD,50,50,50,50,0
5/18/2022,LCGP,114,114,114,114,0
5/18/2022,LCKM,268,310,268,310,2100
5/18/2022,LEAD,50,50,50,50,527700
5/18/2022,LFLO,76,88,76,85,164400
5/18/2022,LIFE,5800,5800,5800,5800,0
5/18/2022,LINK,4460,4460,4400,4410,1405900
5/18/2022,LION,326,326,318,326,2400
5/18/2022,LMAS,50,50,50,50,427000
5/18/2022,LMPI,171,174,163,166,30200
5/18/2022,LMSH,705,735,705,715,800
5/18/2022,LPCK,1380,1465,1335,1360,9263600
5/18/2022,LPGI,10000,10000,9825,9825,600
5/18/2022,LPIN,460,478,460,470,1102000
5/18/2022,LPKR,120,122,119,121,23226500
5/18/2022,LPLI,278,278,268,272,118500
5/18/2022,LPPF,5450,5525,5325,5400,4718200
5/18/2022,LPPS,99,100,98,98,103100
5/18/2022,LRNA,200,200,190,190,35500
5/18/2022,LSIP,1360,1375,1350,1355,6854400
5/18/2022,LTLS,1365,1365,1260,1260,2678100
5/18/2022,LUCK,224,224,206,210,2826200
5/18/2022,LUCY,125,129,116,120,19276300
5/18/2022,LUCY-W,66,69,61,64,1086500
5/18/2022,MABA,50,50,50,50,0
5/18/2022,MAGP,50,50,50,50,0
5/18/2022,MAIN,610,610,600,605,1342000
5/18/2022,MAMI,50,50,50,50,0
5/18/2022,MAMI-W,6,6,6,6,0
5/18/2022,MAMIP,600,600,600,600,0
5/18/2022,MAPA,2990,3030,2920,3000,228800
5/18/2022,MAPB,1525,1535,1525,1535,5800
5/18/2022,MAPI,865,900,865,900,15271500
5/18/2022,MARI,206,210,190,190,27579600
5/18/2022,MARK,1030,1095,1020,1095,19869400
5/18/2022,MASA,2950,2990,2950,2960,18800
5/18/2022,MASB,3510,3510,3510,3510,51600
5/18/2022,MASB-W,320,320,282,282,12900
5/18/2022,MAYA,550,560,545,550,687900
5/18/2022,MBAP,7075,7250,6875,7100,410300
5/18/2022,MBSS,1230,1300,1230,1285,813200
5/18/2022,MBTO,112,117,108,114,652600
5/18/2022,MCAS,12475,13000,12475,12750,839000
5/18/2022,MCOL,6750,6750,6325,6450,1214100
5/18/2022,MCOR,91,93,90,92,3444200
5/18/2022,MDIA,50,50,50,50,147000
5/18/2022,MDKA,4550,4990,4530,4750,149249600
5/18/2022,MDKI,200,202,199,199,1324800
5/18/2022,MDLN,70,73,66,66,35649700
5/18/2022,MDRN,50,50,50,50,0
5/18/2022,MEDC,565,570,560,565,40630000
5/18/2022,MEGA,5750,6000,5750,5975,15300
5/18/2022,MERK,3750,3780,3730,3730,97600
5/18/2022,META,107,110,107,108,201200
5/18/2022,MFIN,1255,1305,1255,1295,121100
5/18/2022,MFMI,680,750,655,665,40600
5/18/2022,MGLV,157,172,149,160,68800
5/18/2022,MGLV-W,6,7,5,7,7615900
5/18/2022,MGNA,50,50,50,50,0
5/18/2022,MGRO,890,890,875,890,3110000
5/18/2022,MICE,360,366,358,364,633000
5/18/2022,MIDI,2160,2200,2160,2200,2500
5/18/2022,MIKA,2660,2760,2620,2720,14402900
5/18/2022,MINA,50,50,50,50,4900
5/18/2022,MIRA,50,50,50,50,100
5/18/2022,MITI,158,166,157,161,13304300
5/18/2022,MKNT,50,50,50,50,433400
5/18/2022,MKPI,22650,22650,22650,22650,0
5/18/2022,MLBI,8950,9175,8950,9175,160900
5/18/2022,MLIA,2600,2780,2560,2690,7933800
5/18/2022,MLPL,177,182,175,178,28435600
5/18/2022,MLPT,3230,3230,3160,3200,38300
5/18/2022,MMLP,496,505,490,494,6115900
5/18/2022,MNCN,960,965,935,935,8375400
5/18/2022,MOLI,276,280,268,278,82600
5/18/2022,MPMX,1255,1305,1225,1255,47223400
5/18/2022,MPOW,91,94,91,92,678500
5/18/2022,MPPA,264,270,252,260,62387100
5/18/2022,MPRO,705,705,705,705,0
5/18/2022,MRAT,187,195,184,191,944300
5/18/2022,MREI,3710,3710,3410,3470,2400
5/18/2022,MSIN,5475,5600,5375,5400,99900
5/18/2022,MSKY,342,348,330,334,2110200
5/18/2022,MTDL,715,725,710,720,9200700
5/18/2022,MTEL,690,695,665,665,82482500
5/18/2022,MTFN,50,50,50,50,0
5/18/2022,MTLA,350,350,344,348,22000
5/18/2022,MTMH,1595,1620,1590,1620,17740000
5/18/2022,MTPS,74,77,74,76,727100
5/18/2022,MTRA,244,244,244,244,0
5/18/2022,MTSM,258,278,222,222,130300
5/18/2022,MTWI,139,146,138,140,5522600
5/18/2022,MYOH,1770,1820,1760,1820,25000
5/18/2022,MYOR,1615,1660,1610,1640,10147500
5/18/2022,MYRX,50,50,50,50,0
5/18/2022,MYRXP,50,50,50,50,0
5/18/2022,MYTX,63,63,61,62,139500
5/18/2022,NANO,52,57,51,57,27595600
5/18/2022,NANO-W,10,11,9,11,40112400
5/18/2022,NASA,50,50,50,50,6100
5/18/2022,NASI,262,288,260,286,53103700
5/18/2022,NATO,635,650,630,645,302313100
5/18/2022,NELY,302,308,296,300,2021100
5/18/2022,NETV,344,346,338,338,6064700
5/18/2022,NFCX,4760,4980,4760,4810,30000
5/18/2022,NICK,476,505,476,505,113900
5/18/2022,NICL,89,96,88,90,289086200
5/18/2022,NICL-W,13,14,12,13,95813800
5/18/2022,NIKL,915,940,910,915,254900
5/18/2022,NIPS,282,282,282,282,0
5/18/2022,NIRO,145,149,138,149,900
5/18/2022,NISP,635,640,630,635,3335000
5/18/2022,NOBU,565,575,565,570,399900
5/18/2022,NPGF,108,118,104,118,95133500
5/18/2022,NRCA,284,286,282,284,318300
5/18/2022,NTBK,50,50,50,50,2645300
5/18/2022,NTBK-W,10,10,9,10,9802600
5/18/2022,NUSA,50,50,50,50,0
5/18/2022,NZIA,128,129,127,127,139800
5/18/2022,OASA,620,630,605,630,449200
5/18/2022,OBMD,98,106,96,99,8370100
5/18/2022,OBMD-W,15,19,15,18,11634600
5/18/2022,OCAP,159,159,159,159,0
5/18/2022,OILS,186,187,183,183,402400
5/18/2022,OILS-W,64,65,60,61,46200
5/18/2022,OKAS,56,58,55,56,2288100
5/18/2022,OLIV,101,101,100,100,59890400
5/18/2022,OLIV-W,15,15,11,11,134806200
5/18/2022,OMRE,545,580,540,540,2900
5/18/2022,OPMS,107,117,107,116,1726400
5/18/2022,PADI,50,50,50,50,1000
5/18/2022,PALM,840,855,815,830,2321900
5/18/2022,PAMG,83,87,83,85,545000
5/18/2022,PANI,4680,4700,4420,4490,64700
5/18/2022,PANR,208,230,208,224,11136900
5/18/2022,PANS,1395,1410,1390,1400,207900
5/18/2022,PBID,1770,1770,1735,1750,1019000
5/18/2022,PBRX,135,137,133,134,1195400
5/18/2022,PBSA,640,720,630,660,5700
5/18/2022,PCAR,159,177,156,171,2742500
5/18/2022,PDES,206,212,202,202,1152800
5/18/2022,PEGE,720,805,720,800,339700
5/18/2022,PEHA,1005,1005,1000,1005,20800
5/18/2022,PGAS,1560,1595,1530,1575,189647500
5/18/2022,PGJO,67,68,62,65,15600
5/18/2022,PGLI,284,292,270,286,1800
5/18/2022,PGUN,700,700,690,700,5100
5/18/2022,PICO,95,97,94,96,26500
5/18/2022,PJAA,560,565,550,565,382200
5/18/2022,PKPK,167,183,167,177,3762200
5/18/2022,PLAN,36,37,35,36,651400
5/18/2022,PLAN-W,10,10,9,10,11700
5/18/2022,PLAS,50,50,50,50,0
5/18/2022,PLIN,1985,2010,1985,2010,200
5/18/2022,PMJS,157,164,154,155,1440800
5/18/2022,PMMP,360,364,354,360,5926200
5/18/2022,PNBN,990,1050,980,1015,16835400
5/18/2022,PNBS,60,61,59,59,15360100
5/18/2022,PNGO,1535,1575,1530,1555,274200
5/18/2022,PNIN,685,700,680,685,2565400
5/18/2022,PNLF,210,224,210,214,60275400
5/18/2022,PNSE,610,610,610,610,2500
5/18/2022,POLA,110,112,104,109,5375600
5/18/2022,POLA-W,71,71,68,68,8200
5/18/2022,POLI,1195,1195,1185,1195,2600
5/18/2022,POLL,338,340,326,330,9391200
5/18/2022,POLU,570,650,570,595,42700
5/18/2022,POLY,66,69,66,67,3567800
5/18/2022,POOL,50,50,50,50,0
5/18/2022,PORT,595,595,595,595,100
5/18/2022,POSA,50,50,50,50,0
5/18/2022,POWR,700,705,695,700,3186400
5/18/2022,PPGL,189,189,172,180,10178200
5/18/2022,PPGL-W,18,21,16,19,34852100
5/18/2022,PPRE,153,156,153,154,6958100
5/18/2022,PPRO,51,51,50,50,13927500
5/18/2022,PRAS,206,216,206,214,26900
5/18/2022,PRDA,6550,6600,6375,6550,369000
5/18/2022,PRIM,272,308,256,302,2843500
5/18/2022,PSAB,119,125,119,119,9564700
5/18/2022,PSDN,151,171,150,159,1976400
5/18/2022,PSGO,189,194,186,190,9761300
5/18/2022,PSKT,50,71,50,71,373645000
5/18/2022,PSSI,665,665,650,655,2413800
5/18/2022,PTBA,4100,4130,3920,4000,123533500
5/18/2022,PTDU,52,57,52,55,31553400
5/18/2022,PTIS,170,170,165,165,35000
5/18/2022,PTPP,885,900,880,885,6479200
5/18/2022,PTPW,870,890,865,880,399900
5/18/2022,PTRO,2780,2800,2770,2770,360200
5/18/2022,PTSN,204,210,204,210,1227000
5/18/2022,PTSP,4370,4370,4370,4370,100
5/18/2022,PUDP,286,302,274,302,1400
5/18/2022,PURA,50,50,50,50,338000
5/18/2022,PURA-W,9,10,9,10,3284600
5/18/2022,PURE,53,55,53,54,1628400
5/18/2022,PURI,392,420,392,418,38000
5/18/2022,PWON,510,520,500,505,27068000
5/18/2022,PYFA,1065,1065,1045,1055,79900
5/18/2022,PZZA,655,655,635,645,390700
5/18/2022,R-ABFII,28600,28600,28600,28600,0
5/18/2022,R-LQ45X,1040,1109,1040,1100,8500
5/18/2022,RAJA,242,242,242,242,21201300
5/18/2022,RALS,675,685,655,665,4567800
5/18/2022,RANC,1360,1380,1345,1380,33500
5/18/2022,RBMS,63,68,60,60,90241400
5/18/2022,RDTX,6950,6950,6950,6950,0
5/18/2022,REAL,50,50,50,50,451700
5/18/2022,RELI,458,458,418,448,1800
5/18/2022,RICY,74,75,72,73,487400
5/18/2022,RIGS,408,428,408,420,1143600
5/18/2022,RIMO,50,50,50,50,0
5/18/2022,RISE,482,496,472,496,4505000
5/18/2022,RMBA,306,306,306,306,0
5/18/2022,RMKE,565,595,530,585,132326800
5/18/2022,ROCK,585,600,575,575,7600
5/18/2022,RODA,94,99,90,93,31959800
5/18/2022,RONY,800,800,800,800,0
5/18/2022,ROTI,1280,1280,1265,1280,1171200
5/18/2022,RSGK,1360,1375,1350,1370,6300
5/18/2022,RUIS,168,175,168,168,589600
5/18/2022,RUNS,220,240,220,232,703200
5/18/2022,SAFE,230,230,218,226,1056800
5/18/2022,SAME,370,392,368,390,16656800
5/18/2022,SAMF,675,750,625,670,14465300
5/18/2022,SAPX,1400,1410,1335,1375,4400
5/18/2022,SATU,107,108,106,108,4144800
5/18/2022,SBAT,50,50,50,50,18600
5/18/2022,SBAT-W,8,8,7,8,1333400
5/18/2022,SBAT-W2,11,13,11,12,57600
5/18/2022,SBMA,144,149,144,148,4404100
5/18/2022,SBMA-W,63,63,58,61,167000
5/18/2022,SCCO,9800,9800,9800,9800,400
5/18/2022,SCMA,244,248,238,240,69776800
5/18/2022,SCNP,198,198,193,198,32600
5/18/2022,SCPI,29000,29000,29000,29000,0
5/18/2022,SDMU,96,100,92,92,39106600
5/18/2022,SDPC,131,135,130,130,547000
5/18/2022,SDRA,555,560,555,560,44100
5/18/2022,SEMA,260,266,256,262,14848300
5/18/2022,SEMA-W,41,45,40,42,799000
5/18/2022,SFAN,1545,1545,1545,1545,319500
5/18/2022,SGER,3200,3450,3180,3300,27547000
5/18/2022,SGER-W,2000,2000,2000,2000,0
5/18/2022,SGRO,2270,2290,2230,2240,426500
5/18/2022,SHID,2250,2260,2230,2250,407800
5/18/2022,SHIP,980,1015,950,985,3794500
5/18/2022,SICO,125,129,120,121,8498700
5/18/2022,SICO-W,50,53,48,48,1850700
5/18/2022,SIDO,930,940,920,930,12500800
5/18/2022,SILO,1040,1060,1010,1050,4169600
5/18/2022,SIMA,50,50,50,50,0
5/18/2022,SIMP,490,496,484,486,5298800
5/18/2022,SINI,262,264,248,262,2700
5/18/2022,SINI-W,72,72,72,72,0
5/18/2022,SIPD,1615,1615,1610,1610,1200
5/18/2022,SKBM,392,420,366,380,6300
5/18/2022,SKLT,2030,2200,2030,2200,1900
5/18/2022,SKRN,1125,1145,1125,1130,1120700
5/18/2022,SKYB,51,51,51,51,0
5/18/2022,SLIS,418,520,412,510,261167600
5/18/2022,SMAR,5075,5075,4900,4910,143300
5/18/2022,SMBR,468,482,466,478,1875000
5/18/2022,SMCB,1585,1600,1580,1580,499600
5/18/2022,SMDM,174,175,170,174,607400
5/18/2022,SMDR,2690,2730,2630,2640,7756300
5/18/2022,SMGR,6400,6550,6325,6475,10133700
5/18/2022,SMKL,388,396,388,392,1183400
5/18/2022,SMKL-W,27,29,26,28,376100
5/18/2022,SMKM,240,240,228,234,583600
5/18/2022,SMMA,12000,12000,12000,12000,0
5/18/2022,SMMT,1260,1345,1205,1205,33593200
5/18/2022,SMRA,700,700,680,685,10832500
5/18/2022,SMRU,50,50,50,50,0
5/18/2022,SMSM,1540,1545,1520,1520,1056000
5/18/2022,SNLK,855,870,840,845,3517600
5/18/2022,SOCI,188,193,188,189,8266800
5/18/2022,SOFA,35,35,33,34,1554600
5/18/2022,SOHO,6450,6450,6450,6450,0
5/18/2022,SONA,4000,4000,4000,4000,0
5/18/2022,SOSS,356,394,356,388,2617300
5/18/2022,SOSS-W,49,55,44,49,43500
5/18/2022,SOTS,286,286,270,286,10800
5/18/2022,SOTS-W,49,49,49,49,100
5/18/2022,SPMA,665,680,635,645,2120700
5/18/2022,SPTO,585,600,580,595,59500
5/18/2022,SQMI,64,64,61,62,4818100
5/18/2022,SRAJ,181,188,181,184,178400
5/18/2022,SRIL,146,146,146,146,0
5/18/2022,SRSN,54,54,53,54,6115300
5/18/2022,SRTG,3170,3220,3110,3170,17294800
5/18/2022,SSIA,370,372,362,366,2817400
5/18/2022,SSMS,1095,1110,1070,1090,6576400
5/18/2022,SSTM,760,800,720,765,32000
5/18/2022,STAA,985,1020,950,975,35967800
5/18/2022,STAR,133,136,132,136,18500
5/18/2022,STTP,7250,7250,7250,7250,1400
5/18/2022,SUGI,50,50,50,50,0
5/18/2022,SULI,128,130,120,125,170795700
5/18/2022,SUPR,49850,49850,49850,49850,0
5/18/2022,SURE,1875,1875,1875,1875,100
5/18/2022,SWAT,88,92,88,89,15891500
5/18/2022,TALF,294,302,294,302,13300
5/18/2022,TAMA,53,57,53,54,9906300
5/18/2022,TAMA-W,15,16,14,14,3074600
5/18/2022,TAMU,50,50,50,50,8851400
5/18/2022,TAPG,690,700,670,680,29541600
5/18/2022,TARA,50,50,50,50,12400
5/18/2022,TAXI,50,50,50,50,200
5/18/2022,TAYS,188,191,188,191,180700
5/18/2022,TBIG,2900,2910,2870,2900,23605200
5/18/2022,TBLA,795,800,790,795,674500
5/18/2022,TBMS,1690,1690,1690,1690,0
5/18/2022,TCID,4990,4990,4880,4900,7100
5/18/2022,TCPI,8800,9125,8675,8900,9453000
5/18/2022,TDPM,119,119,119,119,0
5/18/2022,TEBE,830,910,795,800,2596800
5/18/2022,TECH,4290,4550,4090,4550,2737700
5/18/2022,TELE,121,121,121,121,0
5/18/2022,TFAS,4270,4270,4100,4100,59300
5/18/2022,TFCO,785,785,785,785,0
5/18/2022,TGKA,8000,9550,7975,8700,20300
5/18/2022,TGRA,60,62,60,61,1176100
5/18/2022,TIFA,500,505,472,505,35300
5/18/2022,TINS,1695,1705,1630,1670,51458600
5/18/2022,TIRA,390,410,378,400,2000
5/18/2022,TIRT,89,98,89,96,3653900
5/18/2022,TKIM,6700,6750,6575,6625,1528900
5/18/2022,TLDN,665,675,655,670,736700
5/18/2022,TLKM,4230,4290,4190,4250,185359500
5/18/2022,TMAS,2340,2450,2250,2380,11490900
5/18/2022,TMPO,130,131,130,130,11200
5/18/2022,TNCA,740,755,715,720,1751600
5/18/2022,TOBA,1050,1090,1025,1045,5514200
5/18/2022,TOPS,50,50,50,50,2500
5/18/2022,TOTL,300,304,296,298,2963100
5/18/2022,TOTO,228,230,226,228,325300
5/18/2022,TOWR,975,990,975,985,31050300
5/18/2022,TOYS,134,143,134,136,17731300
5/18/2022,TOYS-W,17,18,16,17,5581400
5/18/2022,TPIA,9925,9975,9900,9950,1565200
5/18/2022,TPMA,364,372,362,366,1217200
5/18/2022,TRAM,50,50,50,50,0
5/18/2022,TRIL,50,50,50,50,0
5/18/2022,TRIM,292,296,286,288,2216500
5/18/2022,TRIN,460,464,440,462,9776000
5/18/2022,TRIN-W,96,96,91,92,544800
5/18/2022,TRIO,426,426,426,426,0
5/18/2022,TRIS,172,173,168,170,98100
5/18/2022,TRIS-W,6,6,6,6,0
5/18/2022,TRJA,208,220,202,210,13644500
5/18/2022,TRST,730,735,725,735,100700
5/18/2022,TRUE,79,82,79,81,3166600
5/18/2022,TRUE-W,18,18,17,18,4320200
5/18/2022,TRUK,170,186,169,175,67438300
5/18/2022,TRUS,378,390,376,390,2700
5/18/2022,TSPC,1450,1450,1430,1445,662300
5/18/2022,TUGU,1400,1410,1395,1405,172300
5/18/2022,TURI,1460,1500,1450,1450,12600
5/18/2022,UANG,510,540,510,540,1400
5/18/2022,UCID,1250,1260,1230,1250,19800
5/18/2022,UFOE,1505,1560,1405,1520,3027400
5/18/2022,ULTJ,1520,1530,1505,1510,730200
5/18/2022,UNIC,12675,13100,12625,12950,8000
5/18/2022,UNIQ,74,74,66,68,160100
5/18/2022,UNIT,316,316,316,316,0
5/18/2022,UNSP,118,120,116,119,477300
5/18/2022,UNTR,30300,30400,30000,30300,5814200
5/18/2022,UNVR,4820,5075,4810,5025,88532400
5/18/2022,URBN,338,368,320,368,308700
5/18/2022,UVCR,204,204,190,200,3173100
5/18/2022,UVCR-W,36,37,35,36,279700
5/18/2022,VICI,505,510,498,500,1089600
5/18/2022,VICO,155,155,145,149,51700
5/18/2022,VINS,165,165,158,159,26100
5/18/2022,VIVA,50,50,50,50,214900
5/18/2022,VOKS,176,176,175,176,4600
5/18/2022,VRNA,102,103,100,102,201400
5/18/2022,WAPO,121,122,118,122,394800
5/18/2022,WEGE,173,175,172,173,4120500
5/18/2022,WEHA,161,161,155,160,7217700
5/18/2022,WGSH,194,197,190,192,5337900
5/18/2022,WICO,398,410,398,398,4100
5/18/2022,WIFI,370,376,364,364,45244100
5/18/2022,WIFI-W,131,131,122,129,35400
5/18/2022,WIIM,498,515,496,510,12122200
5/18/2022,WIKA,905,920,905,910,5100200
5/18/2022,WINR,170,179,159,159,999082000
5/18/2022,WINR-W,16,18,12,13,2037469200
5/18/2022,WINS,157,161,153,156,16596300
5/18/2022,WIRG,760,815,730,770,161070100
5/18/2022,WIRG-W,460,530,460,490,8041400
5/18/2022,WMPP,127,127,124,125,21066200
5/18/2022,WMUU,137,138,134,136,6256700
5/18/2022,WOMF,252,256,252,254,182900
5/18/2022,WOOD,605,615,595,600,21025100
5/18/2022,WOWS,52,52,51,51,4129900
5/18/2022,WSBP,95,95,95,95,0
5/18/2022,WSKT,492,498,492,494,8437200
5/18/2022,WTON,204,206,200,204,3723100
5/18/2022,XAFA,1165,1499,1130,1380,10800
5/18/2022,XAQA,1026,1026,1026,1026,0
5/18/2022,XBES,1271,1271,1271,1271,600
5/18/2022,XBID,575,575,575,575,0
5/18/2022,XBIG,557,559,557,559,10100
5/18/2022,XBIN,546,546,546,546,0
5/18/2022,XBLQ,516,516,516,516,0
5/18/2022,XBNI,1092,1114,1092,1114,500
5/18/2022,XBSK,433,433,424,424,1800
5/18/2022,XCEG,98,98,98,98,200
5/18/2022,XCID,87,91,82,84,162900
5/18/2022,XCIS,100,105,100,104,800
5/18/2022,XCLQ,107,108,107,108,5100
5/18/2022,XDIF,496,496,496,496,0
5/18/2022,XDSG,1019,1019,1019,1019,0
5/18/2022,XFES,142,142,142,142,0
5/18/2022,XIFE,112,112,108,108,4000
5/18/2022,XIHD,579,579,564,564,143300
5/18/2022,XIIC,1003,1003,1003,1003,0
5/18/2022,XIID,572,572,570,570,3100
5/18/2022,XIIF,526,526,523,526,36100
5/18/2022,XIIT,590,591,585,590,31300
5/18/2022,XIJI,647,647,605,635,50700
5/18/2022,XILV,121,121,121,121,19900
5/18/2022,XIML,268,268,268,268,200
5/18/2022,XIPI,195,196,194,196,71300
5/18/2022,XISB,398,398,398,398,0
5/18/2022,XISC,712,719,712,719,600
5/18/2022,XISI,340,340,340,340,100
5/18/2022,XISR,431,431,428,428,7100
5/18/2022,XKIV,542,542,542,542,0
5/18/2022,XKMS,1147,1163,1146,1163,650200
5/18/2022,XMIG,195,195,195,195,100
5/18/2022,XMJM,1001,1001,1001,1001,0
5/18/2022,XMTS,527,527,527,527,0
5/18/2022,XNVE,169,170,165,169,11800
5/18/2022,XPCR,967,967,967,967,0
5/18/2022,XPDV,564,567,560,560,33600
5/18/2022,XPES,429,429,429,429,100
5/18/2022,XPFT,567,567,567,567,0
5/18/2022,XPID,553,553,553,553,0
5/18/2022,XPLC,507,507,507,507,100
5/18/2022,XPLQ,530,530,530,530,0
5/18/2022,XPMI,1010,1010,1010,1010,0
5/18/2022,XPSG,411,411,411,411,0
5/18/2022,XPTD,565,570,565,570,900
5/18/2022,XSBC,118,118,118,118,0
5/18/2022,XSMU,151,151,149,149,5600
5/18/2022,XSPI,750,750,750,750,0
5/18/2022,XSRI,202,202,202,202,0
5/18/2022,XSSI,78,78,77,78,63700
5/18/2022,XSSK,714,714,714,714,0
5/18/2022,YELO,89,102,88,100,157771700
5/18/2022,YPAS,645,645,610,645,2900
5/18/2022,YULE,2150,2350,2100,2100,5000
5/18/2022,ZBRA,595,595,585,595,146800
5/18/2022,ZINC,82,83,80,82,829626600
5/18/2022,ZONE,1070,1090,1070,1090,1010000
5/18/2022,ZYRX,515,520,498,505,3669800
5/18/2022,ZYRX-W,66,66,59,64,1177800
