<date>,<ticker>,<open>,<high>,<low>,<close>,<volume>
2/11/2022,IHSG,6813.608,6825.062,6773.537,6815.607,229826838
2/11/2022,AALI,9975,10125,9850,10075,1502600
2/11/2022,ABBA,356,418,350,396,171928700
2/11/2022,ABDA,6600,6600,6600,6600,300
2/11/2022,ABMM,1435,1435,1405,1425,1107700
2/11/2022,ACES,1230,1240,1220,1220,6243700
2/11/2022,ACST,199,199,196,198,4199700
2/11/2022,ADES,3530,3550,3500,3530,67400
2/11/2022,ADHI,920,920,895,920,5284000
2/11/2022,ADMF,7800,8100,7775,7950,459000
2/11/2022,ADMG,181,181,179,180,459000
2/11/2022,ADMR,1070,1190,1020,1165,71709100
2/11/2022,ADRO,2160,2200,2110,2170,102593600
2/11/2022,AGAR,390,390,380,380,14300
2/11/2022,AGII,1515,1520,1450,1470,4981200
2/11/2022,AGRO,1375,1410,1350,1405,27512900
2/11/2022,AGRS,171,176,168,172,42503600
2/11/2022,AHAP,68,70,68,69,1280500
2/11/2022,AIMS,376,380,376,380,10900
2/11/2022,AISA,195,214,194,204,67914000
2/11/2022,AKKU,50,50,50,50,33400
2/11/2022,AKPI,1010,1015,1005,1015,5000
2/11/2022,AKRA,710,710,690,700,46451300
2/11/2022,AKSI,600,635,570,635,96300
2/11/2022,ALDO,1240,1265,1230,1260,10552400
2/11/2022,ALDO-W,248,256,242,248,31400
2/11/2022,ALKA,282,298,282,292,8800
2/11/2022,ALMI,290,300,282,282,4200
2/11/2022,ALTO,232,232,228,232,23000
2/11/2022,AMAG,358,372,358,364,106200
2/11/2022,AMAN,525,525,525,525,720000
2/11/2022,AMAR,660,680,610,615,173093400
2/11/2022,AMFG,4400,4480,4300,4390,1028700
2/11/2022,AMIN,180,180,176,178,168800
2/11/2022,AMOR,1780,1785,1755,1765,52800
2/11/2022,AMRT,1275,1290,1230,1235,13708500
2/11/2022,ANDI,50,50,50,50,30600
2/11/2022,ANJT,1060,1070,1035,1050,50200
2/11/2022,ANTM,1890,1900,1830,1845,112845700
2/11/2022,APEX,750,775,700,720,414800
2/11/2022,APIC,1125,1145,1120,1135,14874900
2/11/2022,APII,206,208,202,202,835500
2/11/2022,APLI,199,199,196,196,3200
2/11/2022,APLN,120,122,118,118,5521900
2/11/2022,ARCI,510,515,494,498,2779400
2/11/2022,ARGO,1460,1530,1460,1530,3400
2/11/2022,ARII,246,250,246,248,13800
2/11/2022,ARKA,50,50,50,50,205400
2/11/2022,ARMY,50,50,50,50,0
2/11/2022,ARNA,845,845,835,845,390100
2/11/2022,ARTA,1925,1925,1895,1925,1800
2/11/2022,ARTI,50,50,50,50,0
2/11/2022,ARTO,15100,15400,14225,14950,47930500
2/11/2022,ASBI,290,308,286,296,8400
2/11/2022,ASDM,975,975,975,975,3700
2/11/2022,ASGR,800,805,790,795,110900
2/11/2022,ASII,5450,5475,5400,5450,36376700
2/11/2022,ASJT,133,135,133,133,79200
2/11/2022,ASLC,272,278,264,272,15467800
2/11/2022,ASMI,216,258,210,252,4209700
2/11/2022,ASPI,79,88,77,80,32248600
2/11/2022,ASPI-W,18,20,17,17,3581400
2/11/2022,ASRI,158,159,154,154,10630800
2/11/2022,ASRM,1550,1595,1550,1595,800
2/11/2022,ASSA,2780,2800,2660,2690,4632100
2/11/2022,ATAP,160,161,157,157,1622800
2/11/2022,ATIC,625,640,610,610,108500
2/11/2022,AUTO,1105,1115,1090,1095,2721600
2/11/2022,AVIA,850,850,820,840,50623000
2/11/2022,AYLS,308,310,302,306,6994500
2/11/2022,BABP,212,220,202,204,239234000
2/11/2022,BABP-W3,120,131,120,121,82300
2/11/2022,BABP-W4,146,149,146,147,54800
2/11/2022,BACA,236,240,234,236,9890600
2/11/2022,BACA-W2,37,37,37,37,0
2/11/2022,BAJA,282,306,282,298,476800
2/11/2022,BALI,820,845,815,825,606600
2/11/2022,BANK,2420,2430,2350,2370,27001300
2/11/2022,BANK-W,2130,2130,2130,2130,100
2/11/2022,BAPA,100,102,98,100,11281100
2/11/2022,BAPI,50,50,50,50,700
2/11/2022,BAPI-W,6,7,6,6,5643000
2/11/2022,BATA,464,464,464,464,2100
2/11/2022,BAUT,170,175,159,160,77958200
2/11/2022,BAUT-W,20,21,18,19,154536700
2/11/2022,BAYU,1150,1150,1150,1150,0
2/11/2022,BBCA,7675,7825,7650,7825,71968800
2/11/2022,BBHI,5750,5750,5525,5650,3989300
2/11/2022,BBKP,284,288,278,282,141034600
2/11/2022,BBLD,368,368,368,368,10900
2/11/2022,BBMD,1945,1945,1945,1945,1500
2/11/2022,BBNI,7650,7775,7575,7700,35144800
2/11/2022,BBRI,4420,4450,4380,4450,103418200
2/11/2022,BBRM,50,50,50,50,6800
2/11/2022,BBSI,5100,5200,5100,5175,9600
2/11/2022,BBSS,60,61,58,59,12452700
2/11/2022,BBTN,1770,1780,1755,1770,21973500
2/11/2022,BBYB,2270,2320,2220,2290,38474700
2/11/2022,BCAP,224,234,214,214,469076900
2/11/2022,BCIC,192,192,180,183,3599100
2/11/2022,BCIP,80,83,79,80,17623200
2/11/2022,BDMN,2470,2470,2440,2450,1330400
2/11/2022,BEBS,6600,7100,6500,6925,31503500
2/11/2022,BEEF,57,58,56,57,4466800
2/11/2022,BEKS,50,50,50,50,4291000
2/11/2022,BELL,96,97,95,96,1985300
2/11/2022,BESS,680,685,665,670,279200
2/11/2022,BESS-W,565,570,565,570,2300
2/11/2022,BEST,109,110,107,108,6451400
2/11/2022,BFIN,1260,1265,1250,1260,15366200
2/11/2022,BGTG,266,282,264,278,248223500
2/11/2022,BHAT,1000,1000,990,990,1428000
2/11/2022,BHIT,69,71,66,67,874001500
2/11/2022,BIKA,224,230,210,210,87000
2/11/2022,BIMA,292,296,284,286,3643000
2/11/2022,BINA,4250,4300,4150,4150,410400
2/11/2022,BINO,157,160,156,160,21115400
2/11/2022,BINO-W,21,23,21,23,8784000
2/11/2022,BIPI,52,53,51,52,2138161300
2/11/2022,BIPI-W,13,14,12,13,5028400
2/11/2022,BIPP,52,52,51,51,469900
2/11/2022,BIRD,1380,1390,1360,1370,1753800
2/11/2022,BISI,985,985,975,975,169100
2/11/2022,BJBR,1380,1415,1370,1400,5969100
2/11/2022,BJTM,765,765,755,760,5988700
2/11/2022,BKDP,93,95,87,91,38375000
2/11/2022,BKSL,58,58,55,56,92972900
2/11/2022,BKSW,170,174,168,173,4941000
2/11/2022,BLTA,50,50,50,50,15600
2/11/2022,BLTZ,3250,3250,3250,3250,0
2/11/2022,BLUE,366,366,356,358,89400
2/11/2022,BMAS,1550,1580,1500,1515,69300
2/11/2022,BMHS,740,740,715,735,11686100
2/11/2022,BMRI,7775,7775,7650,7725,40791300
2/11/2022,BMSR,252,258,246,248,536700
2/11/2022,BMTR,266,274,264,266,48382200
2/11/2022,BNBA,3300,3370,3180,3200,5440800
2/11/2022,BNBR,50,50,50,50,510300
2/11/2022,BNGA,960,970,955,960,9062500
2/11/2022,BNII,316,318,312,312,2466400
2/11/2022,BNLI,1425,1440,1415,1425,76200
2/11/2022,BOBA,206,208,200,206,370800
2/11/2022,BOGA,1405,1405,1385,1390,84970900
2/11/2022,BOLA,530,545,515,520,7507100
2/11/2022,BOLT,945,950,920,945,3000
2/11/2022,BOSS,71,75,70,71,43338200
2/11/2022,BPFI,860,860,800,800,740700
2/11/2022,BPII,7650,7650,7650,7650,3909000
2/11/2022,BPTR,462,474,460,464,648300
2/11/2022,BRAM,11775,11775,11250,11375,38100
2/11/2022,BRIS,1670,1680,1630,1670,9234900
2/11/2022,BRMS,148,149,143,144,861739900
2/11/2022,BRNA,925,940,910,935,10100
2/11/2022,BRPT,1060,1095,1010,1025,117851900
2/11/2022,BSDE,940,955,935,940,45457100
2/11/2022,BSIM,680,695,675,675,158900
2/11/2022,BSML,625,625,625,625,620200
2/11/2022,BSSR,3030,3060,2970,3020,104400
2/11/2022,BSWD,1750,1750,1750,1750,0
2/11/2022,BTEK,50,50,50,50,2500
2/11/2022,BTEL,50,50,50,50,0
2/11/2022,BTON,408,408,380,400,194900
2/11/2022,BTPN,2640,2680,2630,2680,20200
2/11/2022,BTPS,3900,3930,3760,3780,3284800
2/11/2022,BUDI,170,171,168,170,673900
2/11/2022,BUKA,388,396,380,386,182878100
2/11/2022,BUKK,1160,1185,1160,1175,13300
2/11/2022,BULL,136,140,133,138,14366300
2/11/2022,BULL-W2,15,18,15,15,3207000
2/11/2022,BUMI,84,84,78,82,705530500
2/11/2022,BUVA,60,60,60,60,0
2/11/2022,BVIC,168,176,167,174,38670000
2/11/2022,BWPT,75,81,75,79,149362700
2/11/2022,BYAN,36500,36725,36000,36000,30700
2/11/2022,CAKK,89,90,87,89,2646700
2/11/2022,CAMP,280,282,278,280,138800
2/11/2022,CANI,129,129,126,127,127100
2/11/2022,CARE,560,560,540,545,271815600
2/11/2022,CARS,50,50,50,50,13400
2/11/2022,CASA,560,560,540,545,1491900
2/11/2022,CASH,266,276,256,272,6656800
2/11/2022,CASS,372,386,372,384,33300
2/11/2022,CBMF,76,79,75,78,5646100
2/11/2022,CCSI,795,815,785,815,818200
2/11/2022,CEKA,1920,1950,1915,1930,39300
2/11/2022,CENT,218,218,210,210,6226500
2/11/2022,CFIN,254,256,252,254,1831500
2/11/2022,CINT,216,224,216,218,15300
2/11/2022,CITA,2810,2820,2810,2810,11500
2/11/2022,CITY,154,160,154,154,9900
2/11/2022,CLAY,800,805,800,805,400
2/11/2022,CLEO,432,438,430,432,5678400
2/11/2022,CLPI,1015,1020,1005,1015,26100
2/11/2022,CMNP,1800,1950,1800,1900,625400
2/11/2022,CMNP-W,810,870,810,870,612400
2/11/2022,CMNT,1145,1165,1135,1140,44287900
2/11/2022,CMPP,565,565,565,565,0
2/11/2022,CMRY,3260,3450,3260,3410,2014800
2/11/2022,CNKO,50,50,50,50,10600
2/11/2022,CNTB,250,250,250,250,0
2/11/2022,CNTX,350,350,308,308,629500
2/11/2022,COCO,314,316,314,316,4827100
2/11/2022,COCO-W,268,290,254,290,15400
2/11/2022,COWL,50,50,50,50,0
2/11/2022,CPIN,5850,5900,5775,5850,8102400
2/11/2022,CPRI,50,50,50,50,0
2/11/2022,CPRI-W,12,12,12,12,0
2/11/2022,CPRO,97,107,94,102,1579315300
2/11/2022,CSAP,535,535,510,530,94300
2/11/2022,CSIS,110,112,107,108,9892500
2/11/2022,CSMI,3460,3460,3460,3460,0
2/11/2022,CSRA,580,600,580,600,989000
2/11/2022,CTBN,2590,2990,2460,2590,7200
2/11/2022,CTRA,940,965,940,960,18101700
2/11/2022,CTTH,50,50,50,50,300
2/11/2022,DADA,50,50,50,50,19000
2/11/2022,DADA-W,8,9,7,9,27043800
2/11/2022,DART,230,232,228,230,264700
2/11/2022,DAYA,282,292,282,292,9800
2/11/2022,DCII,42550,45300,42500,45100,8800
2/11/2022,DEAL,50,50,50,50,12400
2/11/2022,DEFI,1455,1455,1455,1455,0
2/11/2022,DEPO,505,535,500,520,10300800
2/11/2022,DEWA,50,50,50,50,503400
2/11/2022,DFAM,290,290,288,288,2300
2/11/2022,DGIK,166,170,159,160,18727200
2/11/2022,DGNS,750,765,730,735,3594600
2/11/2022,DIGI,90,90,88,88,25736600
2/11/2022,DILD,150,151,147,150,816600
2/11/2022,DIVA,1530,1550,1460,1500,388900
2/11/2022,DKFT,116,116,111,111,8035900
2/11/2022,DLTA,3720,3720,3690,3700,39800
2/11/2022,DMAS,194,195,191,193,12934000
2/11/2022,DMMX,2290,2340,2220,2300,3605200
2/11/2022,DMND,825,825,810,825,8300
2/11/2022,DNAR,290,298,286,290,7160300
2/11/2022,DNET,3230,3240,3200,3240,4200
2/11/2022,DOID,278,308,274,290,243549000
2/11/2022,DPNS,388,400,386,394,41400
2/11/2022,DPUM,50,50,50,50,0
2/11/2022,DRMA,555,575,555,560,10261800
2/11/2022,DSFI,99,107,99,102,14432300
2/11/2022,DSNG,560,585,555,580,19887100
2/11/2022,DSSA,46000,46000,46000,46000,0
2/11/2022,DUCK,176,176,176,176,0
2/11/2022,DUTI,3650,3650,3650,3650,200
2/11/2022,DVLA,3000,3000,2940,2950,7400
2/11/2022,DWGL,178,182,174,177,23400
2/11/2022,DWGL-W,19,20,19,19,346700
2/11/2022,DYAN,72,73,72,72,1941600
2/11/2022,EAST,95,97,92,94,7891300
2/11/2022,EAST-W,9,9,8,8,10793800
2/11/2022,ECII,970,970,970,970,0
2/11/2022,EDGE,21600,21975,21600,21975,1500
2/11/2022,EKAD,1420,1435,1420,1425,139100
2/11/2022,ELSA,282,282,276,280,15698600
2/11/2022,ELTY,50,50,50,50,500
2/11/2022,EMDE,159,159,157,159,6800
2/11/2022,EMTK,1925,1930,1830,1850,46334400
2/11/2022,ENAK,825,830,785,790,1530100
2/11/2022,ENRG,146,173,146,161,685195800
2/11/2022,ENVY,50,50,50,50,0
2/11/2022,ENZO,50,50,50,50,303800
2/11/2022,ENZO-W,14,15,13,14,394700
2/11/2022,EPAC,50,51,50,51,9096600
2/11/2022,EPMT,2760,2760,2750,2750,5400
2/11/2022,ERAA,550,550,540,545,30226600
2/11/2022,ERTX,197,202,192,200,92300
2/11/2022,ESIP,170,195,170,180,157192800
2/11/2022,ESSA,635,670,615,640,51596200
2/11/2022,ESTA,232,236,226,234,207500
2/11/2022,ESTI,107,107,102,104,362200
2/11/2022,ETWA,62,62,62,62,0
2/11/2022,EXCL,3090,3110,3050,3080,5340100
2/11/2022,FAPA,3230,3250,3230,3240,75800
2/11/2022,FAST,975,980,965,975,12000
2/11/2022,FASW,6800,6800,6800,6800,0
2/11/2022,FILM,950,970,915,920,6253800
2/11/2022,FIMP,48,49,45,45,2829900
2/11/2022,FIMP-W,16,17,16,17,6500
2/11/2022,FIRE,376,384,374,378,1802200
2/11/2022,FISH,5675,5675,5675,5675,600
2/11/2022,FITT,605,615,605,615,1654200
2/11/2022,FITT-W,460,460,460,460,200
2/11/2022,FLMC,173,173,156,156,19627100
2/11/2022,FMII,370,378,370,376,4600
2/11/2022,FOOD,129,130,127,128,172100
2/11/2022,FORU,342,378,328,372,13059300
2/11/2022,FORZ,50,50,50,50,0
2/11/2022,FPNI,450,460,430,430,115763500
2/11/2022,FREN,86,87,84,85,243396400
2/11/2022,FREN-W2,25,26,24,25,54026200
2/11/2022,FUJI,765,765,700,700,20600
2/11/2022,GAMA,50,50,50,50,3100
2/11/2022,GDST,98,98,96,96,523800
2/11/2022,GDYR,1345,1345,1345,1345,100
2/11/2022,GEMA,350,350,350,350,0
2/11/2022,GEMS,6700,6750,6600,6600,11800
2/11/2022,GGRM,30525,30775,30400,30500,1125000
2/11/2022,GGRP,665,700,655,675,5097800
2/11/2022,GHON,2160,2160,2080,2140,36600
2/11/2022,GIAA,222,222,222,222,0
2/11/2022,GJTL,635,640,630,640,1155300
2/11/2022,GLOB,232,258,232,248,5800
2/11/2022,GLVA,266,266,262,266,25200
2/11/2022,GMFI,71,72,70,70,654800
2/11/2022,GMTD,16725,16725,16725,16725,0
2/11/2022,GOLD,372,372,370,370,15400
2/11/2022,GOLL,50,50,50,50,0
2/11/2022,GOOD,500,510,498,505,7321000
2/11/2022,GPRA,83,83,79,79,4374600
2/11/2022,GPSO,128,138,128,135,2697100
2/11/2022,GPSO-W,21,23,21,22,1626100
2/11/2022,GSMF,135,140,133,137,5245000
2/11/2022,GTBO,75,75,75,75,0
2/11/2022,GTSI,65,65,60,61,33323800
2/11/2022,GWSA,165,174,163,163,1466500
2/11/2022,GZCO,102,123,94,120,553684100
2/11/2022,HADE,50,50,50,50,1000
2/11/2022,HAIS,174,180,170,174,4833500
2/11/2022,HDFA,204,204,190,190,328700
2/11/2022,HDIT,244,248,236,244,370500
2/11/2022,HDTX,120,120,120,120,0
2/11/2022,HEAL,1065,1065,1025,1040,6259700
2/11/2022,HELI,290,290,272,274,7700
2/11/2022,HERO,1860,1860,1855,1855,3000
2/11/2022,HEXA,4790,4820,4790,4820,178800
2/11/2022,HITS,396,396,390,394,3300
2/11/2022,HKMU,50,50,50,50,11733400
2/11/2022,HMSP,975,980,965,965,14094500
2/11/2022,HOKI,160,163,158,158,4618000
2/11/2022,HOME,50,50,50,50,0
2/11/2022,HOMI,1540,1545,1500,1520,648300
2/11/2022,HOPE,73,77,73,76,7033200
2/11/2022,HOPE-W,14,14,13,13,2452100
2/11/2022,HOTL,50,50,50,50,200
2/11/2022,HRME,53,54,52,53,4151700
2/11/2022,HRTA,214,214,210,212,3345000
2/11/2022,HRUM,10025,10050,9850,9950,10233700
2/11/2022,IATA,156,184,156,161,574127800
2/11/2022,IBFN,97,97,97,97,0
2/11/2022,IBST,5400,5400,5400,5400,0
2/11/2022,ICBP,8625,8675,8550,8650,6545700
2/11/2022,ICON,94,98,94,94,10554600
2/11/2022,IDEA,85,85,76,76,12502000
2/11/2022,IDPR,194,194,190,192,528500
2/11/2022,IFII,162,163,160,161,51500
2/11/2022,IFSH,1800,1800,1800,1800,100
2/11/2022,IGAR,434,434,414,418,559100
2/11/2022,IIKP,50,50,50,50,0
2/11/2022,IKAI,50,50,50,50,0
2/11/2022,IKAN,84,86,84,84,2270000
2/11/2022,IKBI,246,246,246,246,0
2/11/2022,IMAS,785,795,770,790,583000
2/11/2022,IMJS,378,380,374,376,1589100
2/11/2022,IMPC,3060,3060,2940,2950,5493900
2/11/2022,INAF,2060,2100,2050,2060,164300
2/11/2022,INAI,312,312,306,308,15300
2/11/2022,INCF,80,93,78,80,175641400
2/11/2022,INCI,560,560,530,555,101400
2/11/2022,INCO,4820,4850,4730,4780,9349900
2/11/2022,INDF,6325,6350,6300,6350,7515200
2/11/2022,INDO,97,102,96,97,15941500
2/11/2022,INDO-W,12,13,12,12,17468000
2/11/2022,INDR,4100,4130,4060,4100,54300
2/11/2022,INDS,2280,2280,2100,2260,1500
2/11/2022,INDX,168,179,168,179,19159800
2/11/2022,INDY,2060,2190,2040,2180,50639300
2/11/2022,INKP,7600,7700,7500,7700,5640000
2/11/2022,INOV,284,288,280,282,3493700
2/11/2022,INPC,114,116,114,114,2808000
2/11/2022,INPP,610,610,580,580,19100
2/11/2022,INPS,1430,1430,1285,1305,1700
2/11/2022,INRU,625,625,625,625,100
2/11/2022,INTA,59,63,58,62,458600
2/11/2022,INTD,236,236,236,236,200
2/11/2022,INTP,10850,10950,10750,10925,1391100
2/11/2022,IPAC,122,122,110,114,4300
2/11/2022,IPCC,500,505,498,500,748100
2/11/2022,IPCM,288,288,278,280,1793300
2/11/2022,IPOL,171,171,168,168,363100
2/11/2022,IPPE,264,274,256,270,52662600
2/11/2022,IPTV,146,167,146,147,481858100
2/11/2022,IRRA,1820,1825,1795,1805,4911400
2/11/2022,ISAT,5650,5650,5575,5600,3133500
2/11/2022,ISSP,404,418,404,410,16786500
2/11/2022,ITIC,300,300,292,298,372500
2/11/2022,ITMA,620,625,605,615,143200
2/11/2022,ITMA-W,110,112,96,106,14500
2/11/2022,ITMG,21250,21875,21150,21875,2595900
2/11/2022,JAST,186,192,185,185,22549300
2/11/2022,JAWA,258,264,256,258,11850800
2/11/2022,JAYA,163,165,159,162,7789300
2/11/2022,JAYA-W,40,42,38,40,601400
2/11/2022,JECC,5575,6550,5400,5700,2500
2/11/2022,JGLE,50,50,50,50,1400
2/11/2022,JIHD,390,400,390,400,5200
2/11/2022,JKON,104,104,99,101,13873000
2/11/2022,JKSW,60,60,60,60,0
2/11/2022,JMAS,158,162,158,160,898000
2/11/2022,JPFA,1610,1615,1580,1595,12837600
2/11/2022,JRPT,505,510,496,500,1977100
2/11/2022,JSKY,98,102,97,98,24839300
2/11/2022,JSMR,3340,3370,3300,3350,10462200
2/11/2022,JSPT,765,765,765,765,0
2/11/2022,JTPE,850,850,845,845,78500
2/11/2022,KAEF,2200,2220,2180,2210,883700
2/11/2022,KARW,206,214,192,192,14967100
2/11/2022,KAYU,50,50,50,50,17500
2/11/2022,KBAG,50,50,50,50,17616700
2/11/2022,KBAG-W,8,8,7,8,25803500
2/11/2022,KBLI,290,290,284,288,299100
2/11/2022,KBLM,214,214,210,210,176600
2/11/2022,KBLV,450,462,438,440,22256300
2/11/2022,KBRI,50,50,50,50,0
2/11/2022,KDSI,1000,1020,1000,1005,18100
2/11/2022,KEEN,525,540,515,540,1615300
2/11/2022,KEJU,1150,1155,1125,1155,13900
2/11/2022,KIAS,50,50,50,50,1900
2/11/2022,KICI,270,272,268,270,79000
2/11/2022,KIJA,163,163,161,162,924400
2/11/2022,KINO,3600,3730,3390,3730,2757200
2/11/2022,KIOS,550,555,510,515,15842700
2/11/2022,KJEN,720,785,720,765,2400
2/11/2022,KKGI,318,320,314,314,341000
2/11/2022,KLBF,1640,1655,1615,1635,22112600
2/11/2022,KMDS,436,436,426,434,1800
2/11/2022,KMTR,300,300,290,296,169400
2/11/2022,KOBX,298,300,272,272,14081700
2/11/2022,KOIN,153,153,153,153,9100
2/11/2022,KONI,3470,3470,3470,3470,100
2/11/2022,KOPI,565,565,560,560,400
2/11/2022,KOTA,50,50,50,50,8619300
2/11/2022,KOTA-W,30,49,30,49,9200
2/11/2022,KPAL,50,50,50,50,0
2/11/2022,KPAS,62,62,62,62,0
2/11/2022,KPIG,109,125,109,109,704912000
2/11/2022,KRAH,436,436,436,436,0
2/11/2022,KRAS,386,390,382,386,4841900
2/11/2022,KREN,81,81,79,80,3034900
2/11/2022,KUAS,79,90,78,85,171704500
2/11/2022,KUAS-W,18,23,18,20,49177500
2/11/2022,LABA,144,148,136,136,13054800
2/11/2022,LABA-W,23,24,22,23,10304100
2/11/2022,LAND,75,76,73,74,2483500
2/11/2022,LAPD,50,50,50,50,0
2/11/2022,LCGP,114,114,114,114,0
2/11/2022,LCKM,282,282,282,282,1500
2/11/2022,LEAD,52,55,50,52,110544000
2/11/2022,LFLO,152,168,152,152,2226200
2/11/2022,LFLO-W,43,90,34,35,177242300
2/11/2022,LIFE,6200,6200,6200,6200,0
2/11/2022,LINK,4400,4400,4360,4360,2020900
2/11/2022,LION,320,324,318,324,11900
2/11/2022,LMAS,65,65,61,61,35346100
2/11/2022,LMPI,191,192,190,191,422000
2/11/2022,LMSH,705,730,705,725,5100
2/11/2022,LPCK,1300,1340,1290,1335,435700
2/11/2022,LPGI,6800,6900,6800,6800,17400
2/11/2022,LPIN,550,550,525,525,3822800
2/11/2022,LPKR,140,142,135,136,28752100
2/11/2022,LPLI,248,248,242,246,44800
2/11/2022,LPPF,4100,4120,3880,3970,4873100
2/11/2022,LPPS,102,103,101,101,181600
2/11/2022,LRNA,181,185,174,181,31800
2/11/2022,LSIP,1280,1330,1260,1325,35731300
2/11/2022,LTLS,690,690,690,690,15500
2/11/2022,LUCK,346,356,338,346,25798200
2/11/2022,LUCY,74,75,71,73,1057300
2/11/2022,LUCY-W,19,20,19,20,175900
2/11/2022,MABA,50,50,50,50,0
2/11/2022,MAGP,50,50,50,50,1100
2/11/2022,MAIN,655,665,655,660,673100
2/11/2022,MAMI,50,50,50,50,0
2/11/2022,MAMI-W,6,6,6,6,0
2/11/2022,MAMIP,600,600,600,600,0
2/11/2022,MAPA,2460,2460,2430,2440,65000
2/11/2022,MAPB,1630,1635,1630,1635,800
2/11/2022,MAPI,800,805,780,785,14159600
2/11/2022,MARI,402,418,394,402,86477600
2/11/2022,MARK,1150,1175,1120,1170,9683800
2/11/2022,MASA,4900,4900,4680,4800,1700
2/11/2022,MASB,3510,3520,3510,3520,6300
2/11/2022,MASB-W,382,382,300,350,84300
2/11/2022,MAYA,660,660,620,635,3564500
2/11/2022,MBAP,3570,3570,3500,3560,81800
2/11/2022,MBSS,805,820,800,800,520700
2/11/2022,MBTO,132,133,127,128,712000
2/11/2022,MCAS,11900,12075,11775,12075,1266600
2/11/2022,MCOL,3570,3600,3450,3550,2884400
2/11/2022,MCOR,107,107,105,106,8450000
2/11/2022,MDIA,50,51,50,50,6306000
2/11/2022,MDKA,3550,3600,3510,3600,46923500
2/11/2022,MDKI,208,208,204,204,183600
2/11/2022,MDLN,94,97,90,93,65428900
2/11/2022,MDRN,50,50,50,50,0
2/11/2022,MEDC,575,580,565,570,39270200
2/11/2022,MEGA,9900,9900,9575,9575,51500
2/11/2022,MERK,3780,3800,3770,3800,10000
2/11/2022,META,110,110,108,109,1192600
2/11/2022,MFIN,1105,1105,1055,1105,29300
2/11/2022,MFMI,900,920,845,905,6900
2/11/2022,MGLV,200,206,185,206,25100
2/11/2022,MGLV-W,14,15,14,14,3389000
2/11/2022,MGNA,50,50,50,50,0
2/11/2022,MGRO,875,875,865,875,3680500
2/11/2022,MICE,380,384,374,378,198900
2/11/2022,MIDI,2080,2080,2080,2080,300
2/11/2022,MIKA,2260,2290,2230,2240,18341100
2/11/2022,MINA,50,50,50,50,9500
2/11/2022,MIRA,50,50,50,50,10100
2/11/2022,MITI,264,268,254,256,11660600
2/11/2022,MKNT,50,50,50,50,2600
2/11/2022,MKPI,24925,24925,24925,24925,0
2/11/2022,MLBI,7725,7800,7675,7750,75300
2/11/2022,MLIA,2130,2150,2000,2040,5979200
2/11/2022,MLPL,242,254,238,248,158950800
2/11/2022,MLPT,3790,3800,3530,3650,10201100
2/11/2022,MMLP,458,466,448,456,8876600
2/11/2022,MNCN,905,945,905,940,74156700
2/11/2022,MOLI,410,410,396,406,75700
2/11/2022,MPMX,1050,1070,1045,1070,7035800
2/11/2022,MPOW,97,101,97,97,3731500
2/11/2022,MPPA,306,326,300,312,181002700
2/11/2022,MPRO,905,975,905,920,1000
2/11/2022,MRAT,270,270,260,264,476800
2/11/2022,MREI,3950,3950,3950,3950,0
2/11/2022,MSIN,4620,5275,4620,4840,6418500
2/11/2022,MSKY,304,310,302,302,5451500
2/11/2022,MTDL,710,715,700,705,5154800
2/11/2022,MTEL,780,790,780,785,26370700
2/11/2022,MTFN,50,50,50,50,0
2/11/2022,MTLA,350,350,344,344,31300
2/11/2022,MTPS,97,106,97,100,11894300
2/11/2022,MTRA,244,244,244,244,0
2/11/2022,MTSM,372,372,350,364,263900
2/11/2022,MTWI,171,186,171,180,43204100
2/11/2022,MYOH,1765,1790,1765,1790,23000
2/11/2022,MYOR,1820,1825,1750,1785,8668500
2/11/2022,MYRX,50,50,50,50,0
2/11/2022,MYRXP,50,50,50,50,0
2/11/2022,MYTX,81,84,80,81,1225400
2/11/2022,NASA,50,50,50,50,3241200
2/11/2022,NASI,458,494,444,484,27393300
2/11/2022,NATO,745,755,725,730,165774100
2/11/2022,NELY,348,348,336,342,3535100
2/11/2022,NETV,450,535,448,535,241400400
2/11/2022,NFCX,7400,7500,7325,7475,33500
2/11/2022,NICK,755,755,735,755,23400
2/11/2022,NICL,64,79,63,74,521846800
2/11/2022,NICL-W,10,12,9,11,263233500
2/11/2022,NIKL,890,905,885,895,290200
2/11/2022,NIPS,282,282,282,282,0
2/11/2022,NIRO,144,147,144,147,300
2/11/2022,NISP,675,680,660,670,1404800
2/11/2022,NOBU,730,735,700,710,1974600
2/11/2022,NPGF,95,95,87,90,33405900
2/11/2022,NRCA,280,282,276,276,222900
2/11/2022,NTBK,118,118,118,118,10798300
2/11/2022,NTBK-W,23,24,18,20,145613500
2/11/2022,NUSA,50,50,50,50,0
2/11/2022,NZIA,149,150,146,148,21400
2/11/2022,OASA,580,665,580,580,3888900
2/11/2022,OBMD,119,120,118,119,1184100
2/11/2022,OBMD-W,18,19,17,19,1134500
2/11/2022,OCAP,159,159,159,159,0
2/11/2022,OILS,244,248,236,244,3391500
2/11/2022,OILS-W,79,80,73,76,216200
2/11/2022,OKAS,73,75,71,72,5802400
2/11/2022,OMRE,750,775,750,770,700
2/11/2022,OPMS,127,134,127,128,6394300
2/11/2022,PADI,50,50,50,50,1800
2/11/2022,PALM,700,700,670,675,3910900
2/11/2022,PAMG,90,96,90,90,4416100
2/11/2022,PANI,1740,1860,1740,1800,144000
2/11/2022,PANR,280,282,262,262,8435000
2/11/2022,PANS,1260,1260,1250,1250,62600
2/11/2022,PBID,1620,1630,1615,1630,576700
2/11/2022,PBRX,139,140,138,139,686800
2/11/2022,PBSA,770,890,735,780,30400
2/11/2022,PCAR,280,280,258,258,394500
2/11/2022,PDES,296,296,288,290,1497400
2/11/2022,PEGE,1000,1000,955,980,57900
2/11/2022,PEHA,1135,1145,1115,1120,43700
2/11/2022,PGAS,1380,1390,1370,1375,26516600
2/11/2022,PGJO,77,77,77,77,55600
2/11/2022,PGLI,394,412,392,392,253100
2/11/2022,PGUN,530,530,484,496,198900
2/11/2022,PICO,78,78,73,74,139800
2/11/2022,PJAA,500,510,500,505,184300
2/11/2022,PKPK,212,216,208,210,12319100
2/11/2022,PLAN,38,39,37,39,856800
2/11/2022,PLAN-W,10,10,9,10,69700
2/11/2022,PLAS,50,50,50,50,0
2/11/2022,PLIN,2050,2050,2050,2050,100
2/11/2022,PMJS,135,137,134,136,89800
2/11/2022,PMMP,444,446,438,442,9970100
2/11/2022,PNBN,800,810,780,795,4061000
2/11/2022,PNBS,76,77,74,74,25330300
2/11/2022,PNGO,1490,1490,1470,1470,8000
2/11/2022,PNIN,715,715,690,705,837600
2/11/2022,PNLF,176,177,174,174,26310100
2/11/2022,PNSE,690,690,645,675,3600
2/11/2022,POLA,130,133,124,127,2040200
2/11/2022,POLA-W,48,56,48,54,29600
2/11/2022,POLI,1430,1500,1300,1415,2400
2/11/2022,POLL,730,795,715,725,7095100
2/11/2022,POLU,520,555,520,525,5300
2/11/2022,POLY,98,101,95,97,15226800
2/11/2022,POOL,50,50,50,50,0
2/11/2022,PORT,600,630,600,625,9300
2/11/2022,POSA,50,50,50,50,0
2/11/2022,POWR,635,640,630,640,1371600
2/11/2022,PPGL,123,123,121,122,378500
2/11/2022,PPGL-W,11,12,10,11,6646400
2/11/2022,PPRE,165,167,161,165,6849200
2/11/2022,PPRO,59,59,56,56,11401600
2/11/2022,PRAS,258,258,252,256,236400
2/11/2022,PRDA,7975,8075,7900,8000,912300
2/11/2022,PRIM,380,406,380,390,2363600
2/11/2022,PSAB,131,133,126,127,10721400
2/11/2022,PSDN,191,191,186,189,165700
2/11/2022,PSGO,206,214,196,200,17604900
2/11/2022,PSKT,109,116,103,104,361713400
2/11/2022,PSSI,406,408,402,406,2371500
2/11/2022,PTBA,2830,2890,2820,2880,22618000
2/11/2022,PTDU,163,165,158,164,15547600
2/11/2022,PTIS,334,334,334,334,100
2/11/2022,PTPP,1000,1010,985,1005,23100300
2/11/2022,PTPW,760,775,755,760,258700
2/11/2022,PTRO,2320,2440,2320,2400,2069200
2/11/2022,PTSN,232,236,232,232,474600
2/11/2022,PTSP,5550,5550,5225,5375,400
2/11/2022,PUDP,324,352,308,326,19000
2/11/2022,PURA,50,51,50,50,17437200
2/11/2022,PURA-W,14,14,13,13,2769500
2/11/2022,PURE,66,67,65,65,3001200
2/11/2022,PURI,400,400,400,400,800
2/11/2022,PWON,434,442,428,432,75497900
2/11/2022,PYFA,1015,1015,995,1015,64600
2/11/2022,PZZA,665,675,655,670,129000
2/11/2022,R-ABFII,28600,28600,28600,28600,0
2/11/2022,R-LQ45X,1040,1040,1030,1035,48100
2/11/2022,RAJA,178,180,175,179,4797800
2/11/2022,RALS,630,635,625,630,852600
2/11/2022,RANC,1570,1590,1530,1570,16800
2/11/2022,RBMS,82,82,79,80,24020700
2/11/2022,RDTX,6900,7000,6900,7000,101500
2/11/2022,REAL,59,67,59,63,70566000
2/11/2022,RELI,462,500,462,484,27500
2/11/2022,RICY,79,80,79,79,1754600
2/11/2022,RIGS,332,336,330,334,167700
2/11/2022,RIMO,50,50,50,50,0
2/11/2022,RISE,354,354,350,354,144900
2/11/2022,RMBA,306,306,306,306,0
2/11/2022,RMKE,394,394,374,388,11345800
2/11/2022,ROCK,660,660,630,635,2900
2/11/2022,RODA,92,92,86,87,12788000
2/11/2022,RONY,800,800,800,800,0
2/11/2022,ROTI,1335,1335,1325,1335,145500
2/11/2022,RSGK,1585,1605,1570,1605,18100
2/11/2022,RUIS,199,202,198,200,76900
2/11/2022,RUNS,212,216,210,210,122300
2/11/2022,SAFE,218,218,210,216,1023800
2/11/2022,SAME,356,356,344,350,17393200
2/11/2022,SAMF,705,745,700,710,2239000
2/11/2022,SAPX,1335,1335,1300,1305,2300
2/11/2022,SATU,99,100,98,100,11032500
2/11/2022,SBAT,50,50,50,50,26000
2/11/2022,SBAT-W,9,9,8,9,781300
2/11/2022,SBAT-W2,13,13,12,13,2621400
2/11/2022,SBMA,364,376,358,376,8646200
2/11/2022,SBMA-W,76,83,74,78,572000
2/11/2022,SCCO,10450,10450,10075,10450,4600
2/11/2022,SCMA,288,290,270,274,212485600
2/11/2022,SCNP,208,210,206,208,346400
2/11/2022,SCPI,29000,29000,29000,29000,0
2/11/2022,SDMU,67,73,67,71,7571100
2/11/2022,SDPC,133,137,133,136,316900
2/11/2022,SDRA,595,595,575,575,921400
2/11/2022,SEMA,268,272,252,270,38249400
2/11/2022,SEMA-W,47,47,34,46,15540600
2/11/2022,SFAN,1505,1505,1495,1500,183200
2/11/2022,SGER,1365,1435,1365,1405,21296700
2/11/2022,SGER-W,13,13,13,13,0
2/11/2022,SGRO,2000,2020,2000,2010,85800
2/11/2022,SHID,2580,2620,2420,2610,884500
2/11/2022,SHIP,1040,1115,1040,1065,6261700
2/11/2022,SIDO,935,945,930,945,7196000
2/11/2022,SILO,7900,8100,7900,7900,303100
2/11/2022,SIMA,50,50,50,50,0
2/11/2022,SIMP,466,476,460,476,10125700
2/11/2022,SINI,242,270,240,240,30400
2/11/2022,SINI-W,112,136,112,117,17100
2/11/2022,SIPD,1630,1800,1630,1800,118500
2/11/2022,SKBM,358,358,356,356,300
2/11/2022,SKLT,2280,2280,2280,2280,100
2/11/2022,SKRN,735,735,705,705,1654300
2/11/2022,SKYB,51,51,51,51,0
2/11/2022,SLIS,1220,1220,1145,1145,642300
2/11/2022,SMAR,4460,4490,4450,4450,5300
2/11/2022,SMBR,585,585,575,580,836800
2/11/2022,SMCB,1680,1690,1675,1680,1615100
2/11/2022,SMDM,177,177,170,176,316400
2/11/2022,SMDR,1205,1245,1140,1240,15820000
2/11/2022,SMGR,7275,7375,7200,7375,7900800
2/11/2022,SMKL,494,500,488,488,207200
2/11/2022,SMKL-W,85,85,80,82,1111400
2/11/2022,SMMA,12300,12300,12300,12300,0
2/11/2022,SMMT,328,368,318,362,55860900
2/11/2022,SMRA,705,720,700,705,31807900
2/11/2022,SMRU,50,50,50,50,0
2/11/2022,SMSM,1360,1360,1320,1335,310000
2/11/2022,SNLK,590,635,565,580,1050800
2/11/2022,SOCI,200,204,199,202,6960100
2/11/2022,SOFA,39,41,39,40,896600
2/11/2022,SOHO,6400,6400,6400,6400,400
2/11/2022,SONA,4130,4130,4130,4130,0
2/11/2022,SOSS,410,426,392,404,4885600
2/11/2022,SOSS-W,39,44,37,40,27800
2/11/2022,SOTS,280,284,262,284,7600
2/11/2022,SOTS-W,42,50,42,42,25800
2/11/2022,SPMA,745,750,740,740,491200
2/11/2022,SPTO,615,620,600,615,118600
2/11/2022,SQMI,80,89,67,75,865736800
2/11/2022,SRAJ,284,288,280,284,679700
2/11/2022,SRIL,146,146,146,146,0
2/11/2022,SRSN,64,64,61,62,18774400
2/11/2022,SRTG,2700,2730,2650,2660,8856500
2/11/2022,SSIA,392,392,386,390,12439800
2/11/2022,SSMS,985,995,960,995,10259100
2/11/2022,SSTM,760,805,760,805,400
2/11/2022,STAR,158,158,155,155,52200
2/11/2022,STTP,7525,9000,7525,7700,1400
2/11/2022,SUGI,50,50,50,50,0
2/11/2022,SULI,50,50,50,50,1000
2/11/2022,SUPR,16800,19850,16800,19850,1700
2/11/2022,SURE,1895,1895,1895,1895,0
2/11/2022,SWAT,149,153,146,147,13870700
2/11/2022,TALF,310,312,310,312,200
2/11/2022,TAMA,53,60,52,56,32391000
2/11/2022,TAMA-W,15,16,14,15,2730200
2/11/2022,TAMU,50,50,50,50,400
2/11/2022,TAPG,630,660,620,655,44883100
2/11/2022,TARA,50,50,50,50,155200
2/11/2022,TAXI,50,50,50,50,0
2/11/2022,TAYS,196,199,195,196,243800
2/11/2022,TBIG,2730,2770,2670,2720,46088300
2/11/2022,TBLA,780,790,770,785,1214000
2/11/2022,TBMS,1720,1800,1695,1765,32500
2/11/2022,TCID,5375,5375,5375,5375,200
2/11/2022,TCPI,10750,10850,10550,10675,5733300
2/11/2022,TDPM,119,119,119,119,0
2/11/2022,TEBE,665,685,665,680,82300
2/11/2022,TECH,4650,4650,4330,4330,1272600
2/11/2022,TELE,121,121,121,121,0
2/11/2022,TFAS,4670,4750,4640,4750,52400
2/11/2022,TFCO,650,650,650,650,1800
2/11/2022,TGKA,7000,7225,7000,7225,200
2/11/2022,TGRA,79,80,77,80,6502500
2/11/2022,TIFA,575,595,575,575,4600
2/11/2022,TINS,1415,1415,1370,1385,22643900
2/11/2022,TIRA,386,388,386,386,4900
2/11/2022,TIRT,105,110,100,101,4977200
2/11/2022,TKIM,7050,7075,7000,7050,1870600
2/11/2022,TLKM,4500,4550,4410,4450,130081900
2/11/2022,TMAS,2290,2480,2290,2480,4749600
2/11/2022,TMPO,139,139,132,137,342000
2/11/2022,TNCA,1550,1565,1505,1520,3667000
2/11/2022,TOBA,1590,1635,1520,1625,43034600
2/11/2022,TOPS,50,50,50,50,64300
2/11/2022,TOTL,316,316,308,308,2342800
2/11/2022,TOTO,206,206,204,206,84900
2/11/2022,TOWR,1050,1055,1035,1055,38686600
2/11/2022,TOYS,197,214,197,202,37589300
2/11/2022,TOYS-W,23,23,22,22,4512600
2/11/2022,TPIA,10800,10800,10025,10025,17930500
2/11/2022,TPMA,368,372,360,368,3692100
2/11/2022,TRAM,50,50,50,50,0
2/11/2022,TRIL,50,50,50,50,0
2/11/2022,TRIM,328,342,320,334,7068400
2/11/2022,TRIN,404,414,384,402,37295400
2/11/2022,TRIN-W,30,31,30,31,1303500
2/11/2022,TRIO,426,426,426,426,0
2/11/2022,TRIS,195,202,193,193,1514200
2/11/2022,TRIS-W,6,6,6,6,0
2/11/2022,TRJA,470,474,444,444,10245500
2/11/2022,TRST,555,555,555,555,0
2/11/2022,TRUE,107,110,107,108,15923200
2/11/2022,TRUE-W,18,18,17,18,15436300
2/11/2022,TRUK,204,206,196,198,26833700
2/11/2022,TRUS,424,424,400,402,12000
2/11/2022,TSPC,1525,1530,1510,1525,377400
2/11/2022,TUGU,1590,1590,1580,1590,17200
2/11/2022,TURI,1300,1300,1270,1270,40400
2/11/2022,UANG,750,750,705,720,1400
2/11/2022,UCID,1455,1485,1450,1480,26300
2/11/2022,UFOE,1025,1025,950,980,494800
2/11/2022,ULTJ,1600,1600,1560,1575,333400
2/11/2022,UNIC,12950,12950,12900,12900,200
2/11/2022,UNIQ,90,90,85,87,487500
2/11/2022,UNIT,316,316,316,316,0
2/11/2022,UNSP,120,126,115,122,2599700
2/11/2022,UNTR,22775,23050,22600,23050,2952200
2/11/2022,UNVR,3950,3960,3880,3900,38093800
2/11/2022,URBN,670,670,580,640,348500
2/11/2022,UVCR,310,314,300,306,10629900
2/11/2022,UVCR-W,66,68,65,66,1378600
2/11/2022,VICI,510,515,500,505,2614000
2/11/2022,VICO,180,181,172,176,315900
2/11/2022,VINS,171,175,169,172,186100
2/11/2022,VIVA,50,50,50,50,1171200
2/11/2022,VOKS,181,184,179,180,152400
2/11/2022,VRNA,130,130,128,128,423200
2/11/2022,WAPO,141,143,139,140,252100
2/11/2022,WEGE,178,180,177,179,5046700
2/11/2022,WEHA,190,198,190,195,6370100
2/11/2022,WGSH,172,173,167,167,3600700
2/11/2022,WICO,404,404,404,404,1000
2/11/2022,WIFI,585,595,580,585,2606600
2/11/2022,WIFI-W,195,196,179,195,2300
2/11/2022,WIIM,426,462,422,456,13337700
2/11/2022,WIKA,1100,1120,1090,1100,13721100
2/11/2022,WINS,195,200,193,196,15348300
2/11/2022,WMPP,125,128,122,127,21101500
2/11/2022,WMUU,136,138,136,137,4021300
2/11/2022,WOMF,238,240,230,236,404300
2/11/2022,WOOD,780,780,760,765,2249100
2/11/2022,WOWS,51,51,50,51,141798400
2/11/2022,WSBP,95,95,95,95,0
2/11/2022,WSKT,655,665,640,650,51048600
2/11/2022,WTON,230,232,226,226,5739300
2/11/2022,XAFA,1000,1000,1000,1000,0
2/11/2022,XAQA,948,948,948,948,0
2/11/2022,XBES,994,994,994,994,100
2/11/2022,XBID,545,545,545,545,0
2/11/2022,XBIG,518,518,518,518,0
2/11/2022,XBIN,512,512,512,512,100
2/11/2022,XBLQ,479,479,479,479,0
2/11/2022,XBNI,1087,1087,1087,1087,0
2/11/2022,XBSK,399,399,399,399,0
2/11/2022,XCID,83,83,83,83,1100
2/11/2022,XCIS,105,105,105,105,0
2/11/2022,XCLQ,102,102,102,102,600
2/11/2022,XDIF,478,478,478,478,0
2/11/2022,XDSG,1034,1034,1034,1034,0
2/11/2022,XFES,139,139,139,139,11000
2/11/2022,XIFE,106,106,105,105,500
2/11/2022,XIHD,520,520,512,512,10000
2/11/2022,XIIC,976,976,976,976,0
2/11/2022,XIID,533,533,533,533,0
2/11/2022,XIIF,540,540,540,540,200
2/11/2022,XIIT,549,549,542,542,13200
2/11/2022,XIJI,611,611,605,605,6000
2/11/2022,XILV,118,118,117,117,600
2/11/2022,XIML,268,268,268,268,0
2/11/2022,XIPI,193,193,193,193,1600
2/11/2022,XISB,398,398,398,398,0
2/11/2022,XISC,682,682,682,682,5000
2/11/2022,XISI,328,333,328,333,21300
2/11/2022,XISR,395,395,395,395,20000
2/11/2022,XKIV,465,465,465,465,0
2/11/2022,XKMS,1133,1133,1133,1133,0
2/11/2022,XMIG,190,190,190,190,0
2/11/2022,XMJM,1001,1001,1001,1001,0
2/11/2022,XMTS,450,450,450,450,0
2/11/2022,XNVE,145,145,145,145,100
2/11/2022,XPCR,899,899,899,899,0
2/11/2022,XPDV,498,498,498,498,0
2/11/2022,XPES,390,390,390,390,100
2/11/2022,XPFT,557,557,557,557,0
2/11/2022,XPID,525,525,525,525,0
2/11/2022,XPLC,457,457,457,457,0
2/11/2022,XPLQ,476,476,476,476,0
2/11/2022,XPMI,990,990,990,990,0
2/11/2022,XPSG,386,386,386,386,0
2/11/2022,XPTD,505,505,505,505,100
2/11/2022,XSBC,105,105,105,105,0
2/11/2022,XSMU,142,142,142,142,100
2/11/2022,XSPI,750,750,750,750,0
2/11/2022,XSRI,186,186,186,186,0
2/11/2022,XSSI,75,75,75,75,5400
2/11/2022,XSSK,671,671,671,671,0
2/11/2022,YELO,162,168,161,166,698595100
2/11/2022,YPAS,615,615,580,610,17500
2/11/2022,YULE,2070,2070,2010,2010,8700
2/11/2022,ZBRA,780,785,760,775,519700
2/11/2022,ZINC,95,97,93,95,982101100
2/11/2022,ZONE,436,438,432,438,49900
2/11/2022,ZYRX,510,515,505,515,6673000
2/11/2022,ZYRX-W,63,70,63,63,559600
