<date>,<ticker>,<open>,<high>,<low>,<close>,<volume>
4/13/2022,IHSG,7240.189,7266.399,7212.858,7262.777,263398746
4/13/2022,AALI,13000,13175,12675,12825,3419300
4/13/2022,ABBA,240,252,234,244,13029800
4/13/2022,ABDA,5975,5975,5975,5975,0
4/13/2022,ABMM,2340,2550,2330,2500,5687700
4/13/2022,ACES,1155,1175,1130,1170,58511500
4/13/2022,ACST,182,184,180,181,4492000
4/13/2022,ADCP,83,86,82,83,17067500
4/13/2022,ADES,3700,3700,3670,3680,88100
4/13/2022,ADHI,705,710,695,700,4965200
4/13/2022,ADMF,8075,8075,7975,8000,399500
4/13/2022,ADMG,185,186,182,183,1017900
4/13/2022,ADMR,2540,2750,2520,2750,176206100
4/13/2022,ADRO,3190,3350,3190,3350,226429500
4/13/2022,AGAR,350,372,326,334,24600
4/13/2022,AGII,1985,2160,1965,2160,17749300
4/13/2022,AGRO,1050,1085,1030,1045,24177600
4/13/2022,AGRS,132,135,129,132,7364000
4/13/2022,AHAP,66,67,64,66,2214000
4/13/2022,AIMS,280,280,274,274,2500
4/13/2022,AISA,174,178,174,175,2983400
4/13/2022,AKKU,50,50,50,50,15289500
4/13/2022,AKPI,945,950,910,950,13800
4/13/2022,AKRA,910,935,910,930,37161300
4/13/2022,AKSI,444,460,414,446,1841500
4/13/2022,ALDO,995,1055,995,1040,8260700
4/13/2022,ALDO-W,185,185,170,183,96200
4/13/2022,ALKA,278,286,276,286,17600
4/13/2022,ALMI,274,292,274,292,3000
4/13/2022,ALTO,214,214,208,208,21700
4/13/2022,AMAG,388,392,388,392,20500
4/13/2022,AMAN,520,525,520,525,235600
4/13/2022,AMAR,378,392,378,390,11183400
4/13/2022,AMFG,6175,6175,6000,6050,73800
4/13/2022,AMIN,157,159,155,158,22400
4/13/2022,AMOR,1545,1575,1515,1515,9400
4/13/2022,AMRT,1760,1760,1690,1700,60658900
4/13/2022,ANDI,50,50,50,50,25000
4/13/2022,ANJT,1000,1010,990,1000,767100
4/13/2022,ANTM,2690,2800,2670,2790,143822800
4/13/2022,APEX,500,545,494,505,865500
4/13/2022,APIC,1100,1105,1075,1085,12337100
4/13/2022,APII,186,188,183,184,1151500
4/13/2022,APLI,196,200,196,200,6900
4/13/2022,APLN,117,117,113,113,3301100
4/13/2022,ARCI,472,476,470,470,19955200
4/13/2022,ARGO,1425,1425,1280,1350,800
4/13/2022,ARII,246,246,246,246,30200
4/13/2022,ARKA,50,50,50,50,1770400
4/13/2022,ARMY,50,50,50,50,0
4/13/2022,ARNA,930,965,930,955,5298100
4/13/2022,ARTA,1810,1810,1810,1810,100
4/13/2022,ARTI,50,50,50,50,0
4/13/2022,ARTO,13300,13300,12900,13000,13946700
4/13/2022,ASBI,290,298,288,288,2500
4/13/2022,ASDM,1000,1010,980,1000,2500
4/13/2022,ASGR,1010,1025,985,995,1113100
4/13/2022,ASII,6950,7000,6875,6975,52818100
4/13/2022,ASJT,129,129,128,129,12100
4/13/2022,ASLC,204,212,200,208,57124500
4/13/2022,ASMI,173,174,165,168,107700
4/13/2022,ASPI,74,76,73,75,807200
4/13/2022,ASPI-W,16,18,16,18,5920100
4/13/2022,ASRI,162,164,162,163,8413800
4/13/2022,ASRM,1625,1625,1625,1625,0
4/13/2022,ASSA,2300,2420,2280,2410,19580000
4/13/2022,ATAP,118,130,118,124,1337400
4/13/2022,ATIC,490,490,482,486,38200
4/13/2022,AUTO,1160,1180,1155,1165,3075400
4/13/2022,AVIA,770,785,755,780,30006600
4/13/2022,AYLS,290,314,290,306,4850100
4/13/2022,BABP,170,171,160,161,116040200
4/13/2022,BABP-W3,112,112,102,102,3100
4/13/2022,BABP-W4,153,153,113,145,7800
4/13/2022,BACA,192,193,186,187,24716400
4/13/2022,BACA-W2,99,99,99,99,0
4/13/2022,BAJA,290,306,286,294,4647500
4/13/2022,BALI,795,795,780,790,71000
4/13/2022,BANK,2160,2200,2140,2160,13343200
4/13/2022,BANK-W,1520,1520,1520,1520,500
4/13/2022,BAPA,106,114,102,107,25274000
4/13/2022,BAPI,50,50,50,50,1200
4/13/2022,BAPI-W,7,7,6,7,2032200
4/13/2022,BATA,454,470,442,460,1300
4/13/2022,BAUT,70,74,65,65,567444300
4/13/2022,BAUT-W,13,14,12,13,60582300
4/13/2022,BAYU,1100,1100,1095,1095,49000
4/13/2022,BBCA,7800,7850,7750,7800,57622100
4/13/2022,BBHI,5950,6000,5850,5875,7756600
4/13/2022,BBKP,226,228,224,224,53689600
4/13/2022,BBLD,414,414,414,414,100
4/13/2022,BBMD,2100,2150,2050,2050,1800
4/13/2022,BBNI,8525,8525,8375,8450,28560500
4/13/2022,BBRI,4640,4640,4590,4610,112327600
4/13/2022,BBRM,50,50,50,50,609500
4/13/2022,BBSI,5500,5500,5400,5400,11000
4/13/2022,BBSS,51,51,50,51,2613100
4/13/2022,BBTN,1630,1660,1615,1635,27279600
4/13/2022,BBYB,1910,1920,1860,1880,25537000
4/13/2022,BCAP,280,282,262,262,198007200
4/13/2022,BCIC,147,150,145,149,585600
4/13/2022,BCIP,67,67,65,66,3027500
4/13/2022,BDMN,2310,2350,2310,2320,722700
4/13/2022,BEBS,4370,4390,4180,4200,44437400
4/13/2022,BEEF,57,57,54,55,1297000
4/13/2022,BEKS,50,50,50,50,5385400
4/13/2022,BELL,67,67,63,65,25359400
4/13/2022,BESS,492,500,466,486,129900
4/13/2022,BESS-W,362,362,360,360,3400
4/13/2022,BEST,105,107,104,105,9839700
4/13/2022,BFIN,1340,1365,1330,1345,61095800
4/13/2022,BGTG,177,178,169,174,32975100
4/13/2022,BHAT,1000,1005,995,1005,1518400
4/13/2022,BHIT,58,60,57,58,260439200
4/13/2022,BIKA,236,236,236,236,274900
4/13/2022,BIKE,181,184,175,181,14499300
4/13/2022,BIKE-W,22,23,22,23,4271500
4/13/2022,BIMA,260,272,240,240,28916100
4/13/2022,BINA,3390,3410,3360,3380,64800
4/13/2022,BINO,134,136,132,133,4741200
4/13/2022,BINO-W,25,25,24,25,764800
4/13/2022,BIPI,113,119,112,115,680412300
4/13/2022,BIPI-W,21,21,18,19,85396500
4/13/2022,BIPP,52,53,51,52,8400
4/13/2022,BIRD,1335,1340,1290,1295,4377900
4/13/2022,BISI,1395,1430,1375,1375,1414100
4/13/2022,BJBR,1420,1435,1410,1410,13030000
4/13/2022,BJTM,770,785,760,760,35379200
4/13/2022,BKDP,96,96,91,94,3552800
4/13/2022,BKSL,53,53,52,53,16787600
4/13/2022,BKSW,141,146,139,141,2966400
4/13/2022,BLTA,50,50,50,50,500
4/13/2022,BLTZ,3000,3000,2730,2810,500
4/13/2022,BLUE,276,280,274,276,31300
4/13/2022,BMAS,1330,1395,1285,1305,14800
4/13/2022,BMHS,705,725,695,725,16149500
4/13/2022,BMRI,7675,7750,7650,7725,45279300
4/13/2022,BMSR,244,252,242,244,611200
4/13/2022,BMTR,256,260,254,258,14128700
4/13/2022,BNBA,2680,2740,2630,2670,2226500
4/13/2022,BNBR,50,50,50,50,1917500
4/13/2022,BNGA,1120,1170,1120,1160,35399600
4/13/2022,BNII,294,294,290,292,562900
4/13/2022,BNLI,1280,1290,1280,1285,22600
4/13/2022,BOBA,204,208,200,202,675600
4/13/2022,BOGA,1405,1420,1400,1400,112478300
4/13/2022,BOLA,390,396,386,386,3795400
4/13/2022,BOLT,1095,1095,1065,1065,1800
4/13/2022,BOSS,93,93,88,90,85659500
4/13/2022,BPFI,695,700,660,690,86000
4/13/2022,BPII,7300,7300,7300,7300,5000
4/13/2022,BPTR,236,256,236,240,1699000
4/13/2022,BRAM,11675,11675,11675,11675,0
4/13/2022,BRIS,1505,1525,1505,1505,7180100
4/13/2022,BRMS,238,242,232,238,529867000
4/13/2022,BRNA,945,975,910,975,600
4/13/2022,BRPT,885,885,865,875,58432300
4/13/2022,BSDE,960,960,940,940,16055200
4/13/2022,BSIM,630,635,630,630,69300
4/13/2022,BSML,1130,1155,1100,1120,4230200
4/13/2022,BSSR,4270,4470,4270,4420,1801700
4/13/2022,BSWD,1750,1750,1750,1750,0
4/13/2022,BTEK,50,50,50,50,400
4/13/2022,BTEL,50,50,50,50,0
4/13/2022,BTON,346,360,340,354,74000
4/13/2022,BTPN,2560,2570,2560,2570,10000
4/13/2022,BTPS,3270,3270,3110,3200,9650300
4/13/2022,BUDI,226,228,218,220,12345100
4/13/2022,BUKA,330,348,314,348,576183100
4/13/2022,BUKK,1115,1125,1105,1125,7600
4/13/2022,BULL,152,156,144,153,225223400
4/13/2022,BULL-W2,46,48,42,45,3828700
4/13/2022,BUMI,69,73,68,68,3705936700
4/13/2022,BUVA,60,60,60,60,0
4/13/2022,BVIC,171,184,163,184,116503800
4/13/2022,BWPT,79,86,79,86,215320300
4/13/2022,BYAN,42775,43000,41975,43000,22200
4/13/2022,CAKK,92,95,90,91,25535700
4/13/2022,CAMP,272,278,270,274,729100
4/13/2022,CANI,144,145,141,142,335700
4/13/2022,CARE,580,605,575,585,363585800
4/13/2022,CARS,50,50,50,50,2500
4/13/2022,CASA,580,585,575,580,2064800
4/13/2022,CASH,187,197,183,197,23958700
4/13/2022,CASS,368,368,336,348,195800
4/13/2022,CBMF,58,61,57,60,9909000
4/13/2022,CCSI,775,775,715,735,3394300
4/13/2022,CEKA,1870,1890,1855,1875,15300
4/13/2022,CENT,254,268,242,250,136243800
4/13/2022,CFIN,246,248,244,244,1208800
4/13/2022,CINT,246,246,238,238,18900
4/13/2022,CITA,2890,3000,2890,3000,24100
4/13/2022,CITY,152,153,145,151,143200
4/13/2022,CLAY,755,755,755,755,100
4/13/2022,CLEO,436,442,432,438,5953800
4/13/2022,CLPI,1055,1065,1045,1065,38100
4/13/2022,CMNP,2200,2230,2170,2220,45000
4/13/2022,CMNP-W,1190,1190,1190,1190,0
4/13/2022,CMNT,1170,1180,1155,1160,43148300
4/13/2022,CMPP,690,700,645,645,10615500
4/13/2022,CMRY,3620,3770,3600,3690,1156700
4/13/2022,CNKO,50,50,50,50,500
4/13/2022,CNTB,250,250,250,250,0
4/13/2022,CNTX,256,260,240,260,25800
4/13/2022,COCO,246,250,242,248,343100
4/13/2022,COWL,50,50,50,50,0
4/13/2022,CPIN,5325,5325,5175,5225,11179500
4/13/2022,CPRI,50,50,50,50,0
4/13/2022,CPRO,81,83,79,80,107146500
4/13/2022,CSAP,520,535,505,510,558200
4/13/2022,CSIS,97,98,91,96,16479900
4/13/2022,CSMI,3130,3360,3130,3360,300
4/13/2022,CSRA,790,810,750,760,4163500
4/13/2022,CTBN,2590,2590,2590,2590,100
4/13/2022,CTRA,985,995,960,980,37878000
4/13/2022,CTTH,50,50,50,50,800
4/13/2022,DADA,50,50,50,50,106500
4/13/2022,DADA-W,10,11,10,11,1946700
4/13/2022,DART,232,236,228,228,1469400
4/13/2022,DAYA,270,280,270,272,17000
4/13/2022,DCII,42125,42125,42125,42125,100
4/13/2022,DEAL,50,50,50,50,15500
4/13/2022,DEFI,1455,1455,1455,1455,0
4/13/2022,DEPO,510,510,500,500,438900
4/13/2022,DEWA,68,72,68,69,467863700
4/13/2022,DFAM,635,635,595,595,22382800
4/13/2022,DGIK,204,208,199,202,73204400
4/13/2022,DGNS,428,428,400,400,7168800
4/13/2022,DIGI,65,68,63,66,5031900
4/13/2022,DILD,147,147,144,146,1751500
4/13/2022,DIVA,1130,1210,1110,1130,159900
4/13/2022,DKFT,143,152,142,148,61340800
4/13/2022,DLTA,3820,3850,3810,3840,16800
4/13/2022,DMAS,173,173,168,171,52913100
4/13/2022,DMMX,1685,1715,1635,1685,3879500
4/13/2022,DMND,810,810,800,810,800
4/13/2022,DNAR,220,228,218,224,1776700
4/13/2022,DNET,3170,3190,3170,3190,3900
4/13/2022,DOID,580,640,570,635,360644900
4/13/2022,DPNS,390,400,386,394,476300
4/13/2022,DPUM,50,50,50,50,0
4/13/2022,DRMA,515,525,500,505,19227400
4/13/2022,DSFI,100,101,98,99,9560700
4/13/2022,DSNG,690,700,670,675,24641000
4/13/2022,DSSA,35575,35575,35575,35575,0
4/13/2022,DUCK,176,176,176,176,0
4/13/2022,DUTI,4700,4700,4700,4700,500
4/13/2022,DVLA,2770,2770,2750,2750,15200
4/13/2022,DWGL,172,178,170,172,110700
4/13/2022,DWGL-W,23,23,21,21,3357400
4/13/2022,DYAN,74,76,74,75,913800
4/13/2022,EAST,94,95,91,93,2453800
4/13/2022,EAST-W,9,10,8,10,9031700
4/13/2022,ECII,750,750,700,750,3300
4/13/2022,EDGE,20900,20900,20650,20900,1700
4/13/2022,EKAD,1450,1460,1400,1420,302200
4/13/2022,ELSA,288,294,286,286,34492900
4/13/2022,ELTY,50,50,50,50,9500
4/13/2022,EMDE,155,158,155,157,95100
4/13/2022,EMTK,2710,2760,2680,2700,26599000
4/13/2022,ENAK,850,855,845,855,205400
4/13/2022,ENRG,186,204,177,180,601358100
4/13/2022,ENVY,50,50,50,50,0
4/13/2022,ENZO,60,72,57,67,226027000
4/13/2022,ENZO-W,18,24,17,21,143070300
4/13/2022,EPAC,50,50,50,50,270000
4/13/2022,EPMT,2740,2740,2730,2740,9700
4/13/2022,ERAA,550,555,545,555,40119500
4/13/2022,ERTX,190,190,184,189,36600
4/13/2022,ESIP,123,127,119,121,52928600
4/13/2022,ESIP-W,26,29,26,28,20986500
4/13/2022,ESSA,1375,1435,1300,1430,109518000
4/13/2022,ESTA,378,378,378,378,233400
4/13/2022,ESTI,114,121,113,120,6776900
4/13/2022,ETWA,62,62,62,62,0
4/13/2022,EXCL,2590,2780,2580,2720,49700000
4/13/2022,FAPA,3580,4100,3570,3600,174500
4/13/2022,FAST,950,950,940,950,9000
4/13/2022,FASW,6500,6500,6500,6500,0
4/13/2022,FILM,1090,1090,1005,1040,3764300
4/13/2022,FIMP,51,51,49,51,333900
4/13/2022,FIRE,262,278,260,268,4018600
4/13/2022,FISH,6500,6525,6500,6500,400
4/13/2022,FITT,290,290,288,288,288300
4/13/2022,FITT-W,82,286,82,286,600
4/13/2022,FLMC,73,76,72,73,205900
4/13/2022,FMII,362,366,362,362,500
4/13/2022,FOOD,119,119,116,117,2138800
4/13/2022,FORU,364,376,364,376,1326100
4/13/2022,FORZ,50,50,50,50,0
4/13/2022,FPNI,402,412,396,410,3868800
4/13/2022,FREN,85,86,84,85,774989000
4/13/2022,FREN-W2,20,22,20,21,192246500
4/13/2022,FUJI,590,615,580,595,30000
4/13/2022,GAMA,50,50,50,50,1600
4/13/2022,GDST,95,96,93,94,1565800
4/13/2022,GDYR,1340,1350,1335,1335,15300
4/13/2022,GEMA,340,340,318,330,55700
4/13/2022,GEMS,5300,5500,5300,5475,57500
4/13/2022,GGRM,30500,31000,30425,31000,961600
4/13/2022,GGRP,755,760,705,740,310600
4/13/2022,GHON,2230,2310,2230,2230,3900
4/13/2022,GIAA,222,222,222,222,0
4/13/2022,GJTL,625,630,615,620,2072800
4/13/2022,GLOB,171,172,171,171,78100
4/13/2022,GLVA,252,266,252,260,11400
4/13/2022,GMFI,70,70,69,70,319000
4/13/2022,GMTD,15600,15600,15600,15600,0
4/13/2022,GOLD,350,374,350,366,8100
4/13/2022,GOLL,50,50,50,50,0
4/13/2022,GOOD,545,550,535,545,6651900
4/13/2022,GOTO,370,380,360,374,3262811400
4/13/2022,GPRA,79,80,78,78,1296000
4/13/2022,GPSO,95,100,95,98,557400
4/13/2022,GPSO-W,12,15,12,14,5794100
4/13/2022,GSMF,96,101,96,97,3841800
4/13/2022,GTBO,75,75,75,75,0
4/13/2022,GTSI,57,58,57,57,2618000
4/13/2022,GWSA,143,148,142,144,117200
4/13/2022,GZCO,194,210,194,194,606423200
4/13/2022,HADE,50,50,50,50,11500
4/13/2022,HAIS,194,197,191,191,11135700
4/13/2022,HDFA,174,180,173,176,39400
4/13/2022,HDIT,195,195,191,195,90100
4/13/2022,HDTX,120,120,120,120,0
4/13/2022,HEAL,1335,1410,1335,1350,39006700
4/13/2022,HELI,282,282,282,282,2300
4/13/2022,HERO,1725,1750,1640,1725,19300
4/13/2022,HEXA,5950,6125,5925,5975,301700
4/13/2022,HITS,900,1010,900,940,14861300
4/13/2022,HKMU,50,50,50,50,553200
4/13/2022,HMSP,900,910,885,890,27878900
4/13/2022,HOKI,155,156,154,155,2389400
4/13/2022,HOME,50,50,50,50,0
4/13/2022,HOMI,1335,1335,1320,1325,871700
4/13/2022,HOPE,94,96,89,92,5106600
4/13/2022,HOPE-W,15,16,15,15,1645200
4/13/2022,HOTL,50,50,50,50,200
4/13/2022,HRME,52,54,52,53,1563600
4/13/2022,HRTA,208,212,208,210,2293600
4/13/2022,HRUM,13500,13950,13375,13550,22508800
4/13/2022,IATA,264,286,248,256,778461100
4/13/2022,IBFN,97,97,97,97,0
4/13/2022,IBST,7900,7900,7800,7800,200
4/13/2022,ICBP,7400,7425,7300,7325,8990800
4/13/2022,ICON,76,78,75,76,1486700
4/13/2022,IDEA,61,63,59,61,1249200
4/13/2022,IDPR,167,174,166,171,219200
4/13/2022,IFII,155,157,153,153,200300
4/13/2022,IFSH,1115,1140,1115,1115,2500
4/13/2022,IGAR,428,434,426,428,53100
4/13/2022,IIKP,50,50,50,50,0
4/13/2022,IKAI,50,50,50,50,0
4/13/2022,IKAN,81,83,80,82,4134000
4/13/2022,IKBI,222,222,222,222,0
4/13/2022,IMAS,745,760,735,745,673900
4/13/2022,IMJS,374,378,368,376,2154100
4/13/2022,IMPC,3590,3620,3540,3590,5009300
4/13/2022,INAF,1350,1350,1300,1300,229900
4/13/2022,INAI,298,298,298,298,100
4/13/2022,INCF,51,54,51,53,14916800
4/13/2022,INCI,545,550,535,550,14900
4/13/2022,INCO,7550,7575,7350,7425,17728100
4/13/2022,INDF,6150,6200,6075,6200,11091100
4/13/2022,INDO,136,137,131,132,21441300
4/13/2022,INDO-W,25,27,24,24,44043000
4/13/2022,INDR,5675,6050,5650,5925,335800
4/13/2022,INDS,2160,2180,2160,2180,1000
4/13/2022,INDX,310,350,310,326,6251900
4/13/2022,INDY,2820,2890,2800,2860,44581500
4/13/2022,INKP,7800,7800,7650,7700,7876700
4/13/2022,INOV,228,234,222,222,2891600
4/13/2022,INPC,98,100,95,98,5942800
4/13/2022,INPP,442,442,428,428,1200
4/13/2022,INPS,1050,1050,1050,1050,400
4/13/2022,INRU,690,715,690,700,900
4/13/2022,INTA,67,68,63,63,26282800
4/13/2022,INTD,256,256,240,250,53600
4/13/2022,INTP,10200,10200,9975,10175,4720800
4/13/2022,IPAC,120,125,112,118,8300
4/13/2022,IPCC,520,530,510,520,2926200
4/13/2022,IPCM,290,294,282,288,4971700
4/13/2022,IPOL,166,167,164,165,379300
4/13/2022,IPPE,324,350,322,340,41742700
4/13/2022,IPTV,121,124,116,117,48663200
4/13/2022,IRRA,1540,1545,1495,1500,3508400
4/13/2022,ISAT,5225,5375,5200,5300,5014200
4/13/2022,ISSP,370,372,358,366,13959100
4/13/2022,ITIC,284,290,280,288,412700
4/13/2022,ITMA,585,595,580,585,99400
4/13/2022,ITMA-W,91,91,84,90,400
4/13/2022,ITMG,27300,28300,27300,28175,8244000
4/13/2022,JAST,140,142,139,140,6760500
4/13/2022,JAWA,152,160,152,155,1708800
4/13/2022,JAYA,164,182,164,174,132227900
4/13/2022,JAYA-W,33,38,33,35,65635500
4/13/2022,JECC,4860,5275,4860,5075,800
4/13/2022,JGLE,50,50,50,50,5700
4/13/2022,JIHD,314,326,308,314,84100
4/13/2022,JKON,80,84,80,82,17924900
4/13/2022,JKSW,60,60,60,60,0
4/13/2022,JMAS,121,122,120,121,145300
4/13/2022,JPFA,1605,1625,1605,1610,22160900
4/13/2022,JRPT,488,488,482,484,2179500
4/13/2022,JSKY,76,76,71,71,33061900
4/13/2022,JSMR,3620,3770,3620,3770,12428400
4/13/2022,JSPT,740,740,740,740,100
4/13/2022,JTPE,1075,1080,1060,1065,1134500
4/13/2022,KAEF,1515,1520,1450,1455,4300300
4/13/2022,KARW,138,138,130,130,6077300
4/13/2022,KAYU,50,50,50,50,6000
4/13/2022,KBAG,50,50,50,50,1054600
4/13/2022,KBAG-W,9,9,8,9,5408000
4/13/2022,KBLI,284,284,272,280,539100
4/13/2022,KBLM,204,204,200,202,4200
4/13/2022,KBLV,266,266,250,256,2219300
4/13/2022,KBRI,50,50,50,50,0
4/13/2022,KDSI,1015,1015,1000,1015,500
4/13/2022,KEEN,446,458,446,450,1229900
4/13/2022,KEJU,1190,1205,1175,1195,105000
4/13/2022,KIAS,50,50,50,50,14700
4/13/2022,KICI,280,282,274,278,581700
4/13/2022,KIJA,172,173,170,173,1106100
4/13/2022,KINO,3830,3910,3800,3890,1918900
4/13/2022,KIOS,420,428,394,402,7886200
4/13/2022,KJEN,246,260,236,240,1133500
4/13/2022,KKGI,490,510,486,496,9454100
4/13/2022,KLBF,1585,1595,1575,1595,34085700
4/13/2022,KMDS,410,422,410,422,50500
4/13/2022,KMTR,294,294,294,294,0
4/13/2022,KOBX,360,364,348,354,8894800
4/13/2022,KOIN,152,152,152,152,100
4/13/2022,KONI,2170,2730,2040,2340,388600
4/13/2022,KOPI,535,535,535,535,4100
4/13/2022,KOTA,50,50,50,50,1039500
4/13/2022,KOTA-W,35,39,35,38,38500
4/13/2022,KPAL,50,50,50,50,0
4/13/2022,KPAS,62,62,62,62,0
4/13/2022,KPIG,102,103,98,100,204600800
4/13/2022,KRAH,436,436,436,436,0
4/13/2022,KRAS,408,408,394,398,24390700
4/13/2022,KREN,51,52,50,50,57715200
4/13/2022,KUAS,74,75,70,71,10848700
4/13/2022,KUAS-W,18,19,17,18,4296900
4/13/2022,LABA,119,120,117,118,1742600
4/13/2022,LABA-W,21,22,21,21,2110200
4/13/2022,LAND,94,118,87,87,258326900
4/13/2022,LAPD,50,50,50,50,0
4/13/2022,LCGP,114,114,114,114,0
4/13/2022,LCKM,292,304,292,304,10700
4/13/2022,LEAD,53,55,53,54,10595800
4/13/2022,LFLO,96,102,91,98,1139100
4/13/2022,LIFE,5450,5450,5400,5400,1200
4/13/2022,LINK,4350,4400,4350,4400,941400
4/13/2022,LION,320,326,318,326,13000
4/13/2022,LMAS,51,53,50,50,22543800
4/13/2022,LMPI,182,183,176,178,566000
4/13/2022,LMSH,715,715,685,710,34700
4/13/2022,LPCK,1200,1210,1180,1180,9969900
4/13/2022,LPGI,10275,10275,10000,10000,900
4/13/2022,LPIN,432,440,432,434,299000
4/13/2022,LPKR,128,130,128,129,6806800
4/13/2022,LPLI,264,286,264,266,132800
4/13/2022,LPPF,6150,6175,5975,6000,4240600
4/13/2022,LPPS,104,105,102,105,86700
4/13/2022,LRNA,196,196,184,192,31900
4/13/2022,LSIP,1475,1515,1470,1485,26236800
4/13/2022,LTLS,790,795,770,785,218100
4/13/2022,LUCK,278,278,260,264,1863200
4/13/2022,LUCY,107,115,101,115,3355000
4/13/2022,LUCY-W,57,73,57,63,30945000
4/13/2022,MABA,50,50,50,50,0
4/13/2022,MAGP,50,50,50,50,2500
4/13/2022,MAIN,660,665,650,660,948300
4/13/2022,MAMI,50,50,50,50,0
4/13/2022,MAMI-W,6,6,6,6,0
4/13/2022,MAMIP,600,600,600,600,0
4/13/2022,MAPA,3190,3220,2970,3010,831900
4/13/2022,MAPB,1600,1600,1515,1515,1800
4/13/2022,MAPI,910,935,875,890,45169700
4/13/2022,MARI,264,272,252,264,17648900
4/13/2022,MARK,1130,1170,1125,1170,9431400
4/13/2022,MASA,4020,4020,3620,3820,33200
4/13/2022,MASB,3510,3510,3500,3500,246900
4/13/2022,MASB-W,302,304,302,304,5100
4/13/2022,MAYA,600,605,585,585,569200
4/13/2022,MBAP,4660,4800,4660,4780,174800
4/13/2022,MBSS,1250,1275,1200,1205,3102000
4/13/2022,MBTO,122,135,119,127,7389000
4/13/2022,MCAS,12350,12350,12000,12350,688300
4/13/2022,MCOL,4540,4650,4490,4520,2163200
4/13/2022,MCOR,98,98,96,98,4368000
4/13/2022,MDIA,53,55,51,52,16187700
4/13/2022,MDKA,5575,5600,5375,5525,50913200
4/13/2022,MDKI,195,198,194,198,888000
4/13/2022,MDLN,84,86,83,84,10778000
4/13/2022,MDRN,50,50,50,50,16700
4/13/2022,MEDC,530,540,520,520,97714800
4/13/2022,MEGA,6175,6200,6125,6125,24000
4/13/2022,MERK,3930,3950,3910,3940,18600
4/13/2022,META,114,117,113,115,339900
4/13/2022,MFIN,1300,1340,1295,1340,174000
4/13/2022,MFMI,835,870,835,865,7200
4/13/2022,MGLV,181,185,180,185,3000
4/13/2022,MGLV-W,11,12,11,12,2365500
4/13/2022,MGNA,50,50,50,50,0
4/13/2022,MGRO,905,910,890,910,8203600
4/13/2022,MICE,366,366,358,362,44800
4/13/2022,MIDI,2200,2340,2100,2220,14100
4/13/2022,MIKA,2480,2550,2470,2500,18497500
4/13/2022,MINA,50,50,50,50,24600
4/13/2022,MIRA,50,50,50,50,200
4/13/2022,MITI,161,174,153,165,9439400
4/13/2022,MKNT,50,50,50,50,10100
4/13/2022,MKPI,22700,22700,22700,22700,0
4/13/2022,MLBI,8825,8850,8725,8775,27300
4/13/2022,MLIA,2410,2450,2370,2440,7518200
4/13/2022,MLPL,214,222,214,218,51068400
4/13/2022,MLPT,3320,3390,3280,3320,346000
4/13/2022,MMLP,600,635,600,615,17566100
4/13/2022,MNCN,925,970,925,950,20247100
4/13/2022,MOLI,298,306,292,298,180300
4/13/2022,MPMX,1085,1110,1080,1090,13550500
4/13/2022,MPOW,98,104,95,99,5131000
4/13/2022,MPPA,378,392,372,384,240926500
4/13/2022,MPRO,700,700,700,700,0
4/13/2022,MRAT,193,198,187,190,1514200
4/13/2022,MREI,3770,3800,3640,3800,800
4/13/2022,MSIN,5450,5575,5375,5525,2693700
4/13/2022,MSKY,460,478,452,458,7581200
4/13/2022,MTDL,695,695,675,685,10120800
4/13/2022,MTEL,745,755,745,750,39226900
4/13/2022,MTFN,50,50,50,50,100
4/13/2022,MTLA,342,344,342,342,12000
4/13/2022,MTPS,83,87,83,83,5934400
4/13/2022,MTRA,244,244,244,244,0
4/13/2022,MTSM,226,238,226,238,11000
4/13/2022,MTWI,132,138,131,133,2223700
4/13/2022,MYOH,1820,1825,1810,1815,105200
4/13/2022,MYOR,1665,1670,1620,1645,7492700
4/13/2022,MYRX,50,50,50,50,0
4/13/2022,MYRXP,50,50,50,50,0
4/13/2022,MYTX,72,72,70,71,90600
4/13/2022,NANO,75,78,71,75,33204600
4/13/2022,NANO-W,11,12,11,11,28726400
4/13/2022,NASA,50,50,50,50,3800
4/13/2022,NASI,332,364,330,360,52521900
4/13/2022,NATO,675,685,670,680,239316100
4/13/2022,NELY,294,298,290,292,1920700
4/13/2022,NETV,384,388,372,372,11799700
4/13/2022,NFCX,5025,5125,4990,5125,25600
4/13/2022,NICK,510,535,496,515,275800
4/13/2022,NICL,74,76,71,76,45573200
4/13/2022,NICL-W,10,10,9,10,4546600
4/13/2022,NIKL,940,945,915,915,446300
4/13/2022,NIPS,282,282,282,282,0
4/13/2022,NIRO,134,134,134,134,100
4/13/2022,NISP,660,670,650,665,10107200
4/13/2022,NOBU,640,655,620,635,639300
4/13/2022,NPGF,104,118,101,115,117996200
4/13/2022,NRCA,280,282,278,282,284100
4/13/2022,NTBK,55,59,55,56,18378400
4/13/2022,NTBK-W,11,11,10,11,7860400
4/13/2022,NUSA,50,50,50,50,0
4/13/2022,NZIA,134,137,130,136,52400
4/13/2022,OASA,670,670,620,625,1259700
4/13/2022,OBMD,99,106,99,100,850900
4/13/2022,OBMD-W,18,19,18,19,1360600
4/13/2022,OCAP,159,159,159,159,0
4/13/2022,OILS,197,204,194,200,1169000
4/13/2022,OILS-W,64,65,62,65,23200
4/13/2022,OKAS,60,69,59,61,34031600
4/13/2022,OMRE,615,650,615,645,36300
4/13/2022,OPMS,111,115,111,113,411800
4/13/2022,PADI,50,50,50,50,354400
4/13/2022,PALM,1040,1070,955,1055,41710900
4/13/2022,PAMG,88,89,87,87,28500
4/13/2022,PANI,4230,4250,4000,4200,176400
4/13/2022,PANR,272,272,254,254,9568400
4/13/2022,PANS,1340,1390,1330,1360,143500
4/13/2022,PBID,1755,1770,1745,1745,457900
4/13/2022,PBRX,137,138,136,136,2986000
4/13/2022,PBSA,765,795,695,750,8200
4/13/2022,PCAR,172,172,170,170,45100
4/13/2022,PDES,278,278,272,276,85900
4/13/2022,PEGE,870,880,845,845,13900
4/13/2022,PEHA,1030,1030,1025,1030,202800
4/13/2022,PGAS,1330,1360,1330,1360,60323400
4/13/2022,PGJO,70,70,69,69,8100
4/13/2022,PGLI,346,346,330,334,1500
4/13/2022,PGUN,740,740,725,730,6600
4/13/2022,PICO,102,102,99,101,3600
4/13/2022,PJAA,550,555,540,550,212000
4/13/2022,PKPK,163,177,163,173,2100200
4/13/2022,PLAN,35,38,35,38,5649800
4/13/2022,PLAN-W,9,10,9,9,2006900
4/13/2022,PLAS,50,50,50,50,0
4/13/2022,PLIN,2030,2030,2010,2010,4900
4/13/2022,PMJS,140,140,134,138,306000
4/13/2022,PMMP,444,450,440,448,8943800
4/13/2022,PNBN,765,805,765,765,15558700
4/13/2022,PNBS,61,62,60,60,19384400
4/13/2022,PNGO,1560,1560,1555,1555,900
4/13/2022,PNIN,680,695,680,690,3314000
4/13/2022,PNLF,179,189,178,186,154550600
4/13/2022,PNSE,735,735,635,660,3400
4/13/2022,POLA,109,124,108,112,9588600
4/13/2022,POLA-W,63,80,63,65,866100
4/13/2022,POLI,965,970,955,970,179900
4/13/2022,POLL,555,565,545,565,1319800
4/13/2022,POLU,565,565,565,565,0
4/13/2022,POLY,78,82,77,79,4885500
4/13/2022,POOL,50,50,50,50,0
4/13/2022,PORT,590,605,590,605,1700
4/13/2022,POSA,50,50,50,50,0
4/13/2022,POWR,640,650,640,650,2688300
4/13/2022,PPGL,127,127,125,125,631600
4/13/2022,PPGL-W,10,11,10,11,960400
4/13/2022,PPRE,172,176,171,173,6648800
4/13/2022,PPRO,51,52,50,51,30185400
4/13/2022,PRAS,220,224,218,218,116600
4/13/2022,PRDA,7150,7450,7150,7400,1338600
4/13/2022,PRIM,328,328,310,314,953000
4/13/2022,PSAB,127,129,126,126,4087300
4/13/2022,PSDN,152,152,150,151,5500
4/13/2022,PSGO,214,216,200,200,22864000
4/13/2022,PSKT,85,94,84,90,159098100
4/13/2022,PSSI,535,540,530,540,1902700
4/13/2022,PTBA,3570,3760,3540,3760,93553600
4/13/2022,PTDU,63,85,63,76,251385300
4/13/2022,PTIS,192,192,179,180,147800
4/13/2022,PTPP,950,955,925,930,15673400
4/13/2022,PTPW,825,840,820,835,377200
4/13/2022,PTRO,2930,3050,2930,3050,4254300
4/13/2022,PTSN,210,210,206,208,1567000
4/13/2022,PTSP,5700,5700,5225,5225,500
4/13/2022,PUDP,312,344,310,330,45400
4/13/2022,PURA,50,50,50,50,513500
4/13/2022,PURA-W,13,13,12,13,1297700
4/13/2022,PURE,66,67,61,62,9373900
4/13/2022,PURI,380,384,350,376,60800
4/13/2022,PWON,510,515,500,515,50423100
4/13/2022,PYFA,995,1000,985,1000,244400
4/13/2022,PZZA,610,610,600,605,667400
4/13/2022,R-ABFII,28600,28600,28600,28600,0
4/13/2022,R-LQ45X,1121,1135,1112,1130,43000
4/13/2022,RAJA,182,191,182,188,6782100
4/13/2022,RALS,750,790,745,775,26599500
4/13/2022,RANC,1545,1570,1520,1570,46400
4/13/2022,RBMS,61,62,58,59,11092000
4/13/2022,RDTX,8650,8650,8650,8650,1600
4/13/2022,REAL,50,50,50,50,383700
4/13/2022,RELI,430,430,430,430,0
4/13/2022,RICY,71,72,70,72,507400
4/13/2022,RIGS,334,340,334,340,76000
4/13/2022,RIMO,50,50,50,50,0
4/13/2022,RISE,324,328,324,328,157800
4/13/2022,RMBA,306,306,306,306,0
4/13/2022,RMKE,446,458,426,426,20470800
4/13/2022,ROCK,535,535,535,535,0
4/13/2022,RODA,81,81,78,79,579000
4/13/2022,RONY,800,800,800,800,0
4/13/2022,ROTI,1295,1310,1295,1305,284400
4/13/2022,RSGK,1375,1375,1350,1375,17500
4/13/2022,RUIS,196,198,195,196,65200
4/13/2022,RUNS,220,234,214,234,5121000
4/13/2022,SAFE,236,236,236,236,100
4/13/2022,SAME,414,434,414,432,37678400
4/13/2022,SAMF,580,595,575,585,234100
4/13/2022,SAPX,1345,1345,1305,1330,3000
4/13/2022,SATU,112,112,109,109,2818500
4/13/2022,SBAT,50,50,50,50,144200
4/13/2022,SBAT-W,8,8,7,7,717800
4/13/2022,SBAT-W2,12,12,11,12,8700
4/13/2022,SBMA,155,160,152,153,12087200
4/13/2022,SBMA-W,66,70,60,68,459600
4/13/2022,SCCO,9300,9300,9300,9300,0
4/13/2022,SCMA,272,280,260,262,238718300
4/13/2022,SCNP,216,218,214,216,389800
4/13/2022,SCPI,29000,29000,29000,29000,0
4/13/2022,SDMU,121,125,115,119,71194400
4/13/2022,SDPC,120,122,120,121,29700
4/13/2022,SDRA,560,560,555,560,52000
4/13/2022,SEMA,298,298,280,280,10714200
4/13/2022,SEMA-W,57,57,51,55,3999700
4/13/2022,SFAN,1540,1550,1540,1545,385200
4/13/2022,SGER,2300,2350,2160,2160,15001300
4/13/2022,SGER-W,2090,2090,2090,2090,0
4/13/2022,SGRO,2420,2450,2370,2370,762500
4/13/2022,SHID,2500,2570,2500,2540,1523900
4/13/2022,SHIP,990,1000,975,995,1779200
4/13/2022,SICO,208,214,208,208,61117300
4/13/2022,SICO-W,40,88,39,57,35725900
4/13/2022,SIDO,910,925,905,905,28363900
4/13/2022,SILO,1235,1235,1170,1180,5914100
4/13/2022,SIMA,50,50,50,50,0
4/13/2022,SIMP,525,540,525,530,17744100
4/13/2022,SINI,244,244,244,244,400
4/13/2022,SINI-W,180,180,126,168,6400
4/13/2022,SIPD,1680,1680,1680,1680,100
4/13/2022,SKBM,390,474,390,460,49400
4/13/2022,SKLT,2060,2090,2040,2090,3100
4/13/2022,SKRN,1025,1125,1025,1100,470700
4/13/2022,SKYB,51,51,51,51,0
4/13/2022,SLIS,332,372,322,330,43511000
4/13/2022,SMAR,4770,4830,4770,4770,99500
4/13/2022,SMBR,515,525,505,505,3231500
4/13/2022,SMCB,1740,1740,1730,1730,605200
4/13/2022,SMDM,159,163,156,160,174800
4/13/2022,SMDR,1880,1950,1860,1895,8181000
4/13/2022,SMGR,6300,6300,6125,6200,11971400
4/13/2022,SMKL,404,412,400,402,494500
4/13/2022,SMKL-W,37,37,34,36,948700
4/13/2022,SMKM,244,246,230,230,2236000
4/13/2022,SMMA,12025,12025,12025,12025,0
4/13/2022,SMMT,1100,1180,1055,1180,130510500
4/13/2022,SMRA,695,695,680,690,39187600
4/13/2022,SMRU,50,50,50,50,0
4/13/2022,SMSM,1500,1520,1465,1465,1257800
4/13/2022,SNLK,610,685,595,675,3500200
4/13/2022,SOCI,208,214,206,214,16850700
4/13/2022,SOFA,36,36,35,36,1281700
4/13/2022,SOHO,6450,6475,6450,6475,2200
4/13/2022,SONA,3350,3350,3350,3350,0
4/13/2022,SOSS,402,414,386,406,17800
4/13/2022,SOSS-W,47,48,47,48,300
4/13/2022,SOTS,248,248,248,248,100
4/13/2022,SOTS-W,48,49,44,49,3000
4/13/2022,SPMA,700,700,655,685,2216800
4/13/2022,SPTO,580,590,575,575,133600
4/13/2022,SQMI,72,72,68,70,12292900
4/13/2022,SRAJ,204,204,190,193,1920100
4/13/2022,SRIL,146,146,146,146,0
4/13/2022,SRSN,56,58,56,57,8441000
4/13/2022,SRTG,3610,3860,3600,3810,16102900
4/13/2022,SSIA,386,394,384,394,1525000
4/13/2022,SSMS,1145,1195,1120,1135,6987900
4/13/2022,SSTM,770,770,770,770,0
4/13/2022,STAA,920,940,905,905,16713100
4/13/2022,STAR,136,140,136,140,24900
4/13/2022,STTP,7175,7175,7175,7175,0
4/13/2022,SUGI,50,50,50,50,0
4/13/2022,SULI,50,50,50,50,22600
4/13/2022,SUPR,34500,34500,32950,32950,200
4/13/2022,SURE,1750,1750,1750,1750,5600
4/13/2022,SWAT,91,94,89,90,5211700
4/13/2022,TALF,332,332,320,320,200
4/13/2022,TAMA,57,58,56,56,3125300
4/13/2022,TAMA-W,17,18,16,18,5454000
4/13/2022,TAMU,50,50,50,50,1700
4/13/2022,TAPG,685,700,660,670,52471200
4/13/2022,TARA,50,50,50,50,109900
4/13/2022,TAXI,50,50,50,50,200
4/13/2022,TAYS,210,210,202,202,371300
4/13/2022,TBIG,2950,3160,2950,3120,73603500
4/13/2022,TBLA,815,825,810,820,832000
4/13/2022,TBMS,1725,1725,1725,1725,0
4/13/2022,TCID,4860,4860,4860,4860,2000
4/13/2022,TCPI,9750,9775,9400,9550,6760200
4/13/2022,TDPM,119,119,119,119,0
4/13/2022,TEBE,690,710,680,695,397900
4/13/2022,TECH,3750,3930,3750,3870,2299300
4/13/2022,TELE,121,121,121,121,0
4/13/2022,TFAS,4610,4620,4530,4530,10100
4/13/2022,TFCO,765,765,765,765,0
4/13/2022,TGKA,7000,7000,6975,7000,700
4/13/2022,TGRA,74,75,73,75,6008800
4/13/2022,TIFA,570,570,555,570,4800
4/13/2022,TINS,1900,1950,1890,1930,39737500
4/13/2022,TIRA,428,434,426,428,3900
4/13/2022,TIRT,99,133,99,133,70750900
4/13/2022,TKIM,6900,6950,6900,6925,1210500
4/13/2022,TLDN,610,625,580,600,36645400
4/13/2022,TLKM,4700,4720,4650,4690,196864200
4/13/2022,TMAS,1735,1785,1685,1760,4241300
4/13/2022,TMPO,131,133,131,133,21700
4/13/2022,TNCA,780,785,725,740,2849200
4/13/2022,TOBA,1310,1350,1285,1290,27575300
4/13/2022,TOPS,50,50,50,50,6800
4/13/2022,TOTL,296,298,292,292,3781000
4/13/2022,TOTO,212,212,210,210,571000
4/13/2022,TOWR,1015,1040,1010,1035,46731900
4/13/2022,TOYS,160,174,160,167,221026300
4/13/2022,TOYS-W,18,21,18,18,50349800
4/13/2022,TPIA,10875,10900,10600,10600,3652600
4/13/2022,TPMA,350,358,344,352,2111400
4/13/2022,TRAM,50,50,50,50,0
4/13/2022,TRIL,50,50,50,50,0
4/13/2022,TRIM,288,306,288,300,7204000
4/13/2022,TRIN,434,440,428,430,15073700
4/13/2022,TRIN-W,97,99,93,94,2716100
4/13/2022,TRIO,426,426,426,426,0
4/13/2022,TRIS,170,173,167,169,175700
4/13/2022,TRIS-W,6,6,6,6,0
4/13/2022,TRJA,314,318,298,314,24700400
4/13/2022,TRST,720,720,675,720,470500
4/13/2022,TRUE,99,103,95,95,83195800
4/13/2022,TRUE-W,19,20,18,19,16459200
4/13/2022,TRUK,161,204,161,199,129318300
4/13/2022,TRUS,436,500,406,440,67400
4/13/2022,TSPC,1475,1480,1460,1475,1024300
4/13/2022,TUGU,1450,1455,1445,1445,69900
4/13/2022,TURI,1350,1350,1330,1330,200
4/13/2022,UANG,600,600,600,600,100
4/13/2022,UCID,1370,1380,1370,1370,15700
4/13/2022,UFOE,1440,1440,1360,1380,492600
4/13/2022,ULTJ,1485,1500,1485,1490,1570100
4/13/2022,UNIC,12375,12375,12275,12350,1200
4/13/2022,UNIQ,78,78,76,78,136600
4/13/2022,UNIT,316,316,316,316,0
4/13/2022,UNSP,118,126,118,126,523800
4/13/2022,UNTR,28500,29300,28300,29275,6826700
4/13/2022,UNVR,3520,3520,3410,3440,20850000
4/13/2022,URBN,470,472,450,458,223000
4/13/2022,UVCR,202,204,198,200,764900
4/13/2022,UVCR-W,47,47,43,45,1390200
4/13/2022,VICI,550,565,550,565,3922700
4/13/2022,VICO,192,198,186,196,778300
4/13/2022,VINS,161,166,160,166,65500
4/13/2022,VIVA,50,50,50,50,276000
4/13/2022,VOKS,174,180,174,179,211700
4/13/2022,VRNA,112,116,109,114,195900
4/13/2022,WAPO,118,132,118,131,1045300
4/13/2022,WEGE,179,180,178,179,3618000
4/13/2022,WEHA,198,200,193,196,14312000
4/13/2022,WGSH,188,191,185,189,2544000
4/13/2022,WICO,386,386,386,386,0
4/13/2022,WIFI,460,460,424,424,19497500
4/13/2022,WIFI-W,130,159,130,149,28300
4/13/2022,WIIM,450,450,442,444,3053900
4/13/2022,WIKA,950,965,940,940,12984400
4/13/2022,WINS,170,171,163,164,6283600
4/13/2022,WIRG,1055,1055,850,945,397106300
4/13/2022,WIRG-W,700,715,530,640,51220900
4/13/2022,WMPP,136,138,134,135,19533100
4/13/2022,WMUU,152,156,151,153,19451100
4/13/2022,WOMF,288,288,264,266,1967800
4/13/2022,WOOD,705,710,690,700,6529700
4/13/2022,WOWS,53,55,52,53,80453500
4/13/2022,WSBP,95,95,95,95,0
4/13/2022,WSKT,535,540,525,530,18395300
4/13/2022,WTON,212,214,210,212,4172300
4/13/2022,XAFA,1061,1061,1061,1061,0
4/13/2022,XAQA,1054,1054,1054,1054,100
4/13/2022,XBES,1039,1039,1039,1039,100
4/13/2022,XBID,586,593,586,593,200100
4/13/2022,XBIG,580,580,580,580,0
4/13/2022,XBIN,560,566,560,566,200100
4/13/2022,XBLQ,534,534,534,534,100
4/13/2022,XBNI,1141,1141,1141,1141,0
4/13/2022,XBSK,427,428,427,428,200000
4/13/2022,XCID,83,88,83,88,7900
4/13/2022,XCIS,105,105,105,105,0
4/13/2022,XCLQ,109,110,108,110,4400
4/13/2022,XDIF,503,503,503,503,0
4/13/2022,XDSG,1061,1070,1061,1070,200100
4/13/2022,XFES,138,138,138,138,160000
4/13/2022,XIFE,113,113,112,112,2500
4/13/2022,XIHD,565,570,565,570,44600
4/13/2022,XIIC,1017,1017,1017,1017,100
4/13/2022,XIID,577,588,577,588,9900
4/13/2022,XIIF,550,550,545,545,300
4/13/2022,XIIT,596,605,595,605,50000
4/13/2022,XIJI,647,655,646,652,11500
4/13/2022,XILV,125,126,125,126,600
4/13/2022,XIML,282,282,282,282,0
4/13/2022,XIPI,199,199,199,199,0
4/13/2022,XISB,398,398,398,398,0
4/13/2022,XISC,717,717,717,717,100
4/13/2022,XISI,339,339,339,339,2200
4/13/2022,XISR,420,424,420,424,5700
4/13/2022,XKIV,531,531,531,531,100
4/13/2022,XKMS,1192,1206,1190,1206,700300
4/13/2022,XMIG,203,203,203,203,500
4/13/2022,XMJM,1001,1001,1001,1001,0
4/13/2022,XMTS,493,493,493,493,0
4/13/2022,XNVE,161,165,161,164,52600
4/13/2022,XPCR,991,991,991,991,100
4/13/2022,XPDV,550,560,550,560,7900
4/13/2022,XPES,436,436,432,432,1200
4/13/2022,XPFT,581,581,581,581,0
4/13/2022,XPID,568,568,568,568,0
4/13/2022,XPLC,514,514,514,514,0
4/13/2022,XPLQ,533,533,531,531,300
4/13/2022,XPMI,1010,1010,1010,1010,0
4/13/2022,XPSG,418,418,418,418,0
4/13/2022,XPTD,550,550,550,550,0
4/13/2022,XSBC,105,105,105,105,100
4/13/2022,XSMU,155,155,155,155,0
4/13/2022,XSPI,750,750,750,750,0
4/13/2022,XSRI,204,204,204,204,0
4/13/2022,XSSI,84,85,82,84,307000
4/13/2022,XSSK,720,720,720,720,100
4/13/2022,YELO,115,115,111,112,13626500
4/13/2022,YPAS,900,900,840,890,7100
4/13/2022,YULE,2010,2010,2010,2010,0
4/13/2022,ZBRA,605,615,605,610,513800
4/13/2022,ZINC,87,88,86,87,300249000
4/13/2022,ZONE,700,720,690,720,265700
4/13/2022,ZYRX,530,540,520,535,932400
4/13/2022,ZYRX-W,86,86,80,84,271500
