<date>,<ticker>,<open>,<high>,<low>,<close>,<volume>
5/12/2022,IHSG,6802.328,6802.328,6576.309,6599.84,204915968
5/12/2022,AALI,12350,12350,11875,12100,1734000
5/12/2022,ABBA,196,198,183,183,13413700
5/12/2022,ABDA,6250,6250,6250,6250,0
5/12/2022,ABMM,3240,3310,2940,2990,10772500
5/12/2022,ACES,1030,1035,970,970,26915200
5/12/2022,ACST,172,172,161,163,11002600
5/12/2022,ADCP,83,83,73,73,15513000
5/12/2022,ADES,4800,4910,4700,4820,265100
5/12/2022,ADHI,695,700,675,680,5490700
5/12/2022,ADMF,7975,8075,7950,7950,194400
5/12/2022,ADMG,171,172,160,163,1619800
5/12/2022,ADMR,2400,2400,2280,2280,158215500
5/12/2022,ADRO,3150,3220,3080,3150,233115300
5/12/2022,AGAR,336,360,326,326,11800
5/12/2022,AGII,1820,1885,1715,1730,12032500
5/12/2022,AGRO,935,935,870,870,23301500
5/12/2022,AGRS,120,122,115,115,8875400
5/12/2022,AHAP,65,67,64,64,1483300
5/12/2022,AIMS,252,260,246,246,42700
5/12/2022,AISA,162,165,158,159,2993500
5/12/2022,AKKU,50,50,50,50,1200
5/12/2022,AKPI,930,940,930,940,1800
5/12/2022,AKRA,1095,1095,1015,1020,36844300
5/12/2022,AKSI,226,258,214,236,767300
5/12/2022,ALDO,915,915,880,885,2207300
5/12/2022,ALDO-W,200,200,171,180,101900
5/12/2022,ALKA,296,306,282,290,56100
5/12/2022,ALMI,288,288,268,268,5500
5/12/2022,ALTO,195,200,194,200,51900
5/12/2022,AMAG,388,392,380,380,14400
5/12/2022,AMAN,530,530,525,525,201200
5/12/2022,AMAR,384,390,360,374,44153400
5/12/2022,AMFG,7375,7375,7050,7150,105900
5/12/2022,AMIN,140,142,137,137,40300
5/12/2022,AMOR,1635,1700,1560,1680,7800
5/12/2022,AMRT,1610,1615,1505,1505,68264000
5/12/2022,ANDI,50,50,50,50,3400
5/12/2022,ANJT,1010,1010,960,965,1453700
5/12/2022,ANTM,2400,2460,2290,2330,183788200
5/12/2022,APEX,444,444,416,416,323100
5/12/2022,APIC,1070,1070,1045,1060,11563800
5/12/2022,APII,197,199,190,191,1331600
5/12/2022,APLI,204,204,204,204,0
5/12/2022,APLN,112,113,108,110,11878900
5/12/2022,ARCI,398,400,390,390,2081300
5/12/2022,ARGO,1250,1250,1250,1250,100
5/12/2022,ARII,236,238,230,236,29600
5/12/2022,ARKA,50,50,50,50,7500
5/12/2022,ARMY,50,50,50,50,0
5/12/2022,ARNA,990,1000,980,990,3415800
5/12/2022,ARTA,1945,1945,1900,1900,3800
5/12/2022,ARTI,50,50,50,50,0
5/12/2022,ARTO,9000,9000,8750,8750,2596600
5/12/2022,ASBI,290,290,282,282,19800
5/12/2022,ASDM,1000,1000,990,990,18200
5/12/2022,ASGR,915,930,900,915,1048000
5/12/2022,ASII,6900,7025,6725,6850,45587500
5/12/2022,ASJT,123,125,122,122,101600
5/12/2022,ASLC,206,206,190,190,45732700
5/12/2022,ASMI,140,143,131,136,103700
5/12/2022,ASPI,73,74,73,73,248500
5/12/2022,ASPI-W,15,15,13,15,2616800
5/12/2022,ASRI,157,157,151,152,9859200
5/12/2022,ASRM,1630,1630,1630,1630,100
5/12/2022,ASSA,2150,2160,2010,2010,17205500
5/12/2022,ATAP,106,110,105,105,532900
5/12/2022,ATIC,420,420,392,394,347800
5/12/2022,AUTO,1120,1120,1085,1100,3287800
5/12/2022,AVIA,765,765,715,720,51568100
5/12/2022,AYLS,280,288,260,260,13385200
5/12/2022,BABP,145,145,135,136,48601600
5/12/2022,BABP-W3,109,109,94,94,10300
5/12/2022,BABP-W4,133,142,127,127,7000
5/12/2022,BACA,175,177,163,163,17549100
5/12/2022,BACA-W2,8,8,8,8,0
5/12/2022,BAJA,224,238,224,224,1679000
5/12/2022,BALI,785,790,770,775,119000
5/12/2022,BANK,1965,1965,1830,1850,19606200
5/12/2022,BANK-W,1710,1825,1710,1825,4600
5/12/2022,BAPA,97,103,92,93,15628900
5/12/2022,BAPI,50,50,50,50,40600
5/12/2022,BAPI-W,7,7,6,6,16012900
5/12/2022,BATA,470,474,470,474,200
5/12/2022,BAUT,51,52,50,50,24735400
5/12/2022,BAUT-W,11,12,11,11,15343900
5/12/2022,BAYU,1080,1080,1060,1060,600
5/12/2022,BBCA,7525,7550,7275,7275,240529600
5/12/2022,BBHI,6100,6450,5950,6100,11037400
5/12/2022,BBKP,202,202,196,197,71971300
5/12/2022,BBLD,416,416,386,390,212800
5/12/2022,BBMD,2010,2010,2010,2010,100
5/12/2022,BBNI,8800,8800,8175,8200,109512500
5/12/2022,BBRI,4490,4490,4300,4320,207373600
5/12/2022,BBRM,50,50,50,50,10600
5/12/2022,BBSI,5125,5175,4900,5100,21800
5/12/2022,BBSS,51,51,50,50,709500
5/12/2022,BBTN,1670,1690,1620,1630,56636800
5/12/2022,BBYB,1355,1355,1265,1265,66663300
5/12/2022,BCAP,200,200,186,189,68495200
5/12/2022,BCIC,135,142,132,134,1556100
5/12/2022,BCIP,56,57,55,55,1583400
5/12/2022,BDMN,2410,2420,2380,2380,4281400
5/12/2022,BEBS,4420,4680,4300,4500,104209200
5/12/2022,BEEF,50,51,50,50,1192800
5/12/2022,BEKS,50,50,50,50,1133700
5/12/2022,BELL,248,248,248,248,0
5/12/2022,BESS,610,610,575,600,187800
5/12/2022,BESS-W,555,555,334,400,7900
5/12/2022,BEST,110,110,106,107,17826200
5/12/2022,BFIN,1185,1200,1120,1120,34367600
5/12/2022,BGTG,152,152,141,141,17940100
5/12/2022,BHAT,995,995,980,985,1196500
5/12/2022,BHIT,55,55,53,53,148509500
5/12/2022,BIKA,228,228,208,212,327000
5/12/2022,BIKE,196,197,189,192,10500000
5/12/2022,BIKE-W,21,21,20,21,2468000
5/12/2022,BIMA,264,282,252,258,10979100
5/12/2022,BINA,3840,3850,3650,3730,717900
5/12/2022,BINO,133,133,130,131,5345800
5/12/2022,BINO-W,23,24,22,22,3143300
5/12/2022,BIPI,88,88,81,81,926267900
5/12/2022,BIPI-W,12,13,10,11,18071200
5/12/2022,BIPP,51,51,50,50,118300
5/12/2022,BIRD,1235,1250,1150,1170,10359600
5/12/2022,BISI,1660,1680,1530,1595,2946600
5/12/2022,BJBR,1435,1450,1410,1415,8884500
5/12/2022,BJTM,755,760,740,745,14781000
5/12/2022,BKDP,82,86,77,77,1656800
5/12/2022,BKSL,50,51,50,50,263110900
5/12/2022,BKSW,137,138,125,128,3616300
5/12/2022,BLTA,50,50,50,50,6200
5/12/2022,BLTZ,2710,2710,2710,2710,100
5/12/2022,BLUE,274,274,268,268,364800
5/12/2022,BMAS,1265,1265,1230,1250,25800
5/12/2022,BMHS,640,640,600,600,8673700
5/12/2022,BMRI,7975,8050,7725,7875,81363600
5/12/2022,BMSR,264,264,246,250,1593100
5/12/2022,BMTR,262,264,252,254,50659600
5/12/2022,BNBA,1980,1980,1845,1845,2180900
5/12/2022,BNBR,50,50,50,50,537200
5/12/2022,BNGA,1035,1035,1005,1010,10800900
5/12/2022,BNII,276,276,270,270,1348700
5/12/2022,BNLI,1225,1225,1195,1200,103800
5/12/2022,BOBA,196,198,181,183,799500
5/12/2022,BOGA,1335,1345,1325,1330,144251200
5/12/2022,BOLA,338,340,316,316,14175300
5/12/2022,BOLT,1040,1070,940,940,40000
5/12/2022,BOSS,70,72,68,68,19616800
5/12/2022,BPFI,680,690,635,640,68300
5/12/2022,BPII,7900,7900,7900,7900,0
5/12/2022,BPTR,190,190,179,179,1525200
5/12/2022,BRAM,11225,11950,11225,11875,32300
5/12/2022,BRIS,1520,1520,1410,1410,22373400
5/12/2022,BRMS,216,218,200,200,543805400
5/12/2022,BRNA,1030,1030,1030,1030,2100
5/12/2022,BRPT,845,845,795,795,74403900
5/12/2022,BSDE,925,930,900,900,43935700
5/12/2022,BSIM,610,630,590,590,354700
5/12/2022,BSML,1630,1630,1520,1520,18057600
5/12/2022,BSSR,4710,4820,4710,4740,3517200
5/12/2022,BSWD,1750,1750,1750,1750,0
5/12/2022,BTEK,50,50,50,50,200
5/12/2022,BTEL,50,50,50,50,0
5/12/2022,BTON,386,398,360,394,168800
5/12/2022,BTPN,2560,2560,2540,2550,84300
5/12/2022,BTPS,3240,3300,3130,3170,4594700
5/12/2022,BUDI,230,242,220,224,32930000
5/12/2022,BUKA,292,296,290,290,247317800
5/12/2022,BUKK,1055,1055,1055,1055,1700
5/12/2022,BULL,154,158,152,153,199876800
5/12/2022,BULL-W2,40,42,37,39,653100
5/12/2022,BUMI,58,58,54,54,1805008000
5/12/2022,BUVA,60,60,60,60,0
5/12/2022,BVIC,140,142,136,137,16074700
5/12/2022,BWPT,73,74,71,71,26644500
5/12/2022,BYAN,48000,48000,44500,44500,97600
5/12/2022,CAKK,88,89,87,87,1355000
5/12/2022,CAMP,272,276,272,274,289700
5/12/2022,CANI,141,141,133,133,261000
5/12/2022,CARE,505,510,492,500,424250100
5/12/2022,CARS,50,50,50,50,700
5/12/2022,CASA,580,580,570,570,1533000
5/12/2022,CASH,179,179,169,173,389400
5/12/2022,CASS,402,402,388,398,337200
5/12/2022,CBMF,56,57,54,54,8238400
5/12/2022,CCSI,765,765,725,745,123600
5/12/2022,CEKA,2280,2700,2270,2510,972100
5/12/2022,CENT,197,197,185,185,13101700
5/12/2022,CFIN,236,236,230,230,8365800
5/12/2022,CINT,220,222,220,222,1900
5/12/2022,CITA,2970,3010,2960,3010,19000
5/12/2022,CITY,159,160,153,156,101200
5/12/2022,CLAY,775,775,775,775,300
5/12/2022,CLEO,432,436,418,430,4514000
5/12/2022,CLPI,1130,1215,1105,1125,845700
5/12/2022,CMNP,2210,2210,2060,2070,203400
5/12/2022,CMNP-W,1240,1240,1235,1235,800
5/12/2022,CMNT,1005,1005,955,960,9370600
5/12/2022,CMPP,446,446,424,424,2065700
5/12/2022,CMRY,3990,3990,3800,3820,407100
5/12/2022,CNKO,50,50,50,50,700
5/12/2022,CNTB,250,250,250,250,0
5/12/2022,CNTX,234,234,218,218,2100
5/12/2022,COCO,220,222,210,214,408500
5/12/2022,COWL,50,50,50,50,0
5/12/2022,CPIN,5075,5125,4840,4840,10400900
5/12/2022,CPRI,50,50,50,50,0
5/12/2022,CPRO,75,76,70,70,245824500
5/12/2022,CSAP,555,575,535,535,147700
5/12/2022,CSIS,74,81,74,80,3785800
5/12/2022,CSMI,4560,4560,4560,4560,300
5/12/2022,CSRA,710,710,685,695,811700
5/12/2022,CTBN,2600,2640,2440,2590,700
5/12/2022,CTRA,1015,1020,950,975,53593200
5/12/2022,CTTH,50,50,50,50,120200
5/12/2022,DADA,50,50,50,50,28400
5/12/2022,DADA-W,10,10,9,10,2706100
5/12/2022,DART,228,228,216,222,69500
5/12/2022,DAYA,232,232,224,224,10400
5/12/2022,DCII,39000,39000,39000,39000,1400
5/12/2022,DEAL,50,50,50,50,1700
5/12/2022,DEFI,1455,1455,1455,1455,0
5/12/2022,DEPO,505,505,500,505,772000
5/12/2022,DEWA,56,59,53,53,282508900
5/12/2022,DFAM,440,440,422,422,292000
5/12/2022,DGIK,152,152,142,147,12912900
5/12/2022,DGNS,334,334,312,312,3287800
5/12/2022,DIGI,64,65,60,61,40643700
5/12/2022,DILD,140,144,140,140,988900
5/12/2022,DIVA,935,940,870,890,563100
5/12/2022,DKFT,119,122,117,118,12332700
5/12/2022,DLTA,3820,3830,3780,3780,171900
5/12/2022,DMAS,172,180,171,172,111227500
5/12/2022,DMMX,1890,1890,1710,1720,5463400
5/12/2022,DMND,800,845,790,815,174900
5/12/2022,DNAR,202,208,193,194,2003200
5/12/2022,DNET,3170,3200,3140,3200,33000
5/12/2022,DOID,525,530,476,486,168888900
5/12/2022,DPNS,384,390,376,386,330800
5/12/2022,DPUM,50,50,50,50,0
5/12/2022,DRMA,570,575,540,555,13324600
5/12/2022,DSFI,95,97,93,95,8283300
5/12/2022,DSNG,560,560,525,540,19486300
5/12/2022,DSSA,27750,27750,27750,27750,0
5/12/2022,DUCK,176,176,176,176,0
5/12/2022,DUTI,4070,4070,4070,4070,200
5/12/2022,DVLA,2520,2520,2450,2450,54500
5/12/2022,DWGL,246,246,230,244,222600
5/12/2022,DWGL-W,40,43,36,37,2460800
5/12/2022,DYAN,73,73,70,72,151900
5/12/2022,EAST,92,94,90,92,1570500
5/12/2022,EAST-W,8,8,7,8,3921800
5/12/2022,ECII,705,805,705,755,3600
5/12/2022,EDGE,19700,19700,19700,19700,600
5/12/2022,EKAD,1440,1450,1405,1410,98000
5/12/2022,ELSA,290,292,274,274,52977200
5/12/2022,ELTY,50,50,50,50,20100
5/12/2022,EMDE,152,155,149,155,2600
5/12/2022,EMTK,2560,2560,2390,2390,70635700
5/12/2022,ENAK,950,980,950,980,1520300
5/12/2022,ENRG,240,254,224,228,326690200
5/12/2022,ENVY,50,50,50,50,0
5/12/2022,ENZO,56,72,55,62,1111463800
5/12/2022,ENZO-W,17,20,16,18,52697100
5/12/2022,EPAC,50,50,50,50,103600
5/12/2022,EPMT,2910,2950,2850,2860,185600
5/12/2022,ERAA,510,515,494,498,64412200
5/12/2022,ERTX,190,190,178,187,25900
5/12/2022,ESIP,102,120,102,109,229327200
5/12/2022,ESIP-W,19,20,17,19,34748200
5/12/2022,ESSA,1220,1220,1120,1120,22475600
5/12/2022,ESTA,665,670,615,615,1689500
5/12/2022,ESTI,102,105,100,103,591400
5/12/2022,ETWA,62,62,62,62,0
5/12/2022,EXCL,2990,2990,2790,2790,21577500
5/12/2022,FAPA,3540,3540,3530,3540,35500
5/12/2022,FAST,960,960,950,950,1800
5/12/2022,FASW,6600,6600,6600,6600,0
5/12/2022,FILM,1180,1215,1135,1160,9436600
5/12/2022,FIMP,45,45,43,45,32500
5/12/2022,FIRE,246,246,228,228,1598700
5/12/2022,FISH,7000,7000,7000,7000,100
5/12/2022,FITT,262,262,260,260,297200
5/12/2022,FITT-W,43,170,43,52,1400
5/12/2022,FLMC,84,87,74,76,337600
5/12/2022,FMII,332,382,332,368,9700
5/12/2022,FOOD,102,107,102,107,384400
5/12/2022,FORU,240,246,224,224,892300
5/12/2022,FORZ,50,50,50,50,0
5/12/2022,FPNI,418,420,398,398,5599900
5/12/2022,FREN,75,76,71,71,729314600
5/12/2022,FREN-W2,18,19,15,17,576163300
5/12/2022,FUJI,680,725,680,725,2000
5/12/2022,GAMA,50,50,50,50,300
5/12/2022,GDST,89,90,88,88,2327200
5/12/2022,GDYR,1325,1325,1320,1320,900
5/12/2022,GEMA,324,324,324,324,0
5/12/2022,GEMS,6000,6100,5900,5950,52400
5/12/2022,GGRM,30325,31225,30300,30350,1607600
5/12/2022,GGRP,595,610,575,600,2388400
5/12/2022,GHON,2190,2200,2150,2150,4700
5/12/2022,GIAA,222,222,222,222,0
5/12/2022,GJTL,635,635,625,625,1709200
5/12/2022,GLOB,146,182,142,149,1504800
5/12/2022,GLVA,262,264,260,260,48800
5/12/2022,GMFI,82,83,77,77,6203300
5/12/2022,GMTD,15600,15600,15600,15600,0
5/12/2022,GOLD,346,380,320,366,21200
5/12/2022,GOLL,50,50,50,50,0
5/12/2022,GOOD,530,530,505,510,5815400
5/12/2022,GOTO,212,220,208,208,312982800
5/12/2022,GPRA,79,79,73,76,4528700
5/12/2022,GPSO,95,102,95,100,628900
5/12/2022,GPSO-W,13,13,12,13,1480000
5/12/2022,GSMF,88,88,84,85,973800
5/12/2022,GTBO,75,75,75,75,0
5/12/2022,GTSI,60,66,58,60,38934900
5/12/2022,GWSA,135,135,134,135,67200
5/12/2022,GZCO,198,220,182,182,230370100
5/12/2022,HADE,50,50,50,50,0
5/12/2022,HAIS,197,222,196,206,35066400
5/12/2022,HDFA,183,183,167,171,15300
5/12/2022,HDIT,164,175,164,168,164600
5/12/2022,HDTX,120,120,120,120,0
5/12/2022,HEAL,1390,1395,1375,1380,20006500
5/12/2022,HELI,288,288,288,288,200
5/12/2022,HERO,1715,1755,1660,1700,50600
5/12/2022,HEXA,6100,6125,5950,6000,416700
5/12/2022,HITS,1175,1175,1175,1175,0
5/12/2022,HKMU,50,50,50,50,157400
5/12/2022,HMSP,1000,1030,975,985,81828500
5/12/2022,HOKI,149,151,144,144,5779900
5/12/2022,HOME,50,50,50,50,0
5/12/2022,HOMI,1320,1320,1305,1310,626700
5/12/2022,HOPE,186,192,176,176,39041300
5/12/2022,HOPE-W,17,18,16,17,19319300
5/12/2022,HOTL,50,50,50,50,6000
5/12/2022,HRME,52,55,51,51,10262400
5/12/2022,HRTA,206,206,202,202,3896600
5/12/2022,HRUM,10350,10500,9850,10000,27169800
5/12/2022,IATA,224,230,210,210,199416200
5/12/2022,IBFN,97,97,97,97,0
5/12/2022,IBOS,119,120,119,120,6407300
5/12/2022,IBOS-W,13,14,13,13,8239300
5/12/2022,IBST,6275,6275,6275,6275,100
5/12/2022,ICBP,8300,8325,7950,8025,16279900
5/12/2022,ICON,72,75,72,74,2897000
5/12/2022,IDEA,55,59,51,57,10276100
5/12/2022,IDPR,178,180,170,170,1059800
5/12/2022,IFII,150,151,141,147,1858000
5/12/2022,IFSH,1185,1240,1125,1215,4600
5/12/2022,IGAR,436,438,422,426,216800
5/12/2022,IIKP,50,50,50,50,0
5/12/2022,IKAI,50,50,50,50,900
5/12/2022,IKAN,72,76,71,72,4200900
5/12/2022,IKBI,220,230,220,230,54300
5/12/2022,IMAS,750,750,720,720,1323600
5/12/2022,IMJS,388,388,366,366,3143300
5/12/2022,IMPC,3580,3580,3440,3450,7617500
5/12/2022,INAF,1225,1230,1145,1180,213700
5/12/2022,INAI,298,308,294,300,83900
5/12/2022,INCF,50,51,50,50,6929400
5/12/2022,INCI,560,560,550,555,14800
5/12/2022,INCO,6775,7050,6650,6650,42693200
5/12/2022,INDF,6475,6525,6350,6400,14638500
5/12/2022,INDO,108,111,100,100,38562400
5/12/2022,INDO-W,21,22,19,19,27936600
5/12/2022,INDR,8400,8500,7825,7975,639500
5/12/2022,INDS,2250,2250,2250,2250,0
5/12/2022,INDX,218,272,218,260,19840500
5/12/2022,INDY,2600,2690,2490,2530,30854100
5/12/2022,INKP,7600,7600,7225,7275,7192300
5/12/2022,INOV,191,191,178,178,7361600
5/12/2022,INPC,93,96,89,89,2414300
5/12/2022,INPP,430,430,418,430,27200
5/12/2022,INPS,1875,2230,1785,1785,116000
5/12/2022,INRU,660,660,630,660,400
5/12/2022,INTA,67,67,64,64,654400
5/12/2022,INTD,250,262,250,250,2194900
5/12/2022,INTP,10450,10450,10100,10150,4115800
5/12/2022,IPAC,117,117,117,117,200
5/12/2022,IPCC,530,535,510,510,3312800
5/12/2022,IPCM,284,290,274,280,3047600
5/12/2022,IPOL,159,161,158,158,405200
5/12/2022,IPPE,294,332,278,278,116891000
5/12/2022,IPTV,98,99,92,92,42401400
5/12/2022,IRRA,1395,1400,1335,1385,2899400
5/12/2022,ISAT,6025,6050,5725,5750,4901800
5/12/2022,ISSP,308,312,288,290,14235200
5/12/2022,ITIC,268,276,258,262,958100
5/12/2022,ITMA,525,530,515,520,96700
5/12/2022,ITMA-W,93,93,93,93,100
5/12/2022,ITMG,28900,30425,28900,29500,9475000
5/12/2022,JAST,142,145,139,139,12853000
5/12/2022,JAWA,146,157,142,145,3611800
5/12/2022,JAYA,175,176,165,167,19608800
5/12/2022,JAYA-W,39,39,35,35,11800400
5/12/2022,JECC,4640,4640,4500,4500,700
5/12/2022,JGLE,50,50,50,50,600
5/12/2022,JIHD,322,332,300,310,223000
5/12/2022,JKON,85,87,80,80,46210800
5/12/2022,JKSW,60,60,60,60,0
5/12/2022,JMAS,111,113,109,109,42700
5/12/2022,JPFA,1420,1420,1340,1350,23328200
5/12/2022,JRPT,480,480,472,476,4344000
5/12/2022,JSKY,70,70,67,67,7246900
5/12/2022,JSMR,3880,3880,3730,3750,6216800
5/12/2022,JSPT,810,810,810,810,0
5/12/2022,JTPE,1210,1215,1200,1215,82400
5/12/2022,KAEF,1500,1500,1400,1400,1528200
5/12/2022,KARW,147,152,138,138,6429100
5/12/2022,KAYU,51,51,50,50,10092000
5/12/2022,KBAG,50,50,50,50,185200
5/12/2022,KBAG-W,9,9,8,9,4228600
5/12/2022,KBLI,312,314,300,308,4162300
5/12/2022,KBLM,214,214,210,210,580400
5/12/2022,KBLV,202,204,190,191,986300
5/12/2022,KBRI,50,50,50,50,0
5/12/2022,KDSI,990,990,980,980,3100
5/12/2022,KEEN,450,466,440,440,1833800
5/12/2022,KEJU,1240,1280,1205,1245,541000
5/12/2022,KIAS,50,50,50,50,14600
5/12/2022,KICI,206,206,206,206,798200
5/12/2022,KIJA,166,167,163,165,1842600
5/12/2022,KINO,4760,4780,4420,4420,4902500
5/12/2022,KIOS,328,328,306,306,4098100
5/12/2022,KJEN,110,110,110,110,0
5/12/2022,KKGI,500,610,490,570,30672600
5/12/2022,KLBF,1635,1635,1555,1580,36570400
5/12/2022,KMDS,444,444,422,422,80500
5/12/2022,KMTR,278,280,278,280,8500
5/12/2022,KOBX,382,384,356,360,9770700
5/12/2022,KOIN,152,159,151,154,2100
5/12/2022,KONI,1755,1805,1700,1755,5900
5/12/2022,KOPI,565,565,500,500,23900
5/12/2022,KOTA,50,50,50,50,171900
5/12/2022,KOTA-W,47,47,47,47,100
5/12/2022,KPAL,50,50,50,50,0
5/12/2022,KPAS,62,62,62,62,0
5/12/2022,KPIG,89,90,85,85,31368900
5/12/2022,KRAH,436,436,436,436,0
5/12/2022,KRAS,370,370,356,356,5351100
5/12/2022,KREN,50,50,50,50,143800
5/12/2022,KUAS,71,75,70,73,13535200
5/12/2022,KUAS-W,16,17,16,17,856600
5/12/2022,LABA,119,134,115,124,46404400
5/12/2022,LABA-W,22,24,21,22,18011500
5/12/2022,LAND,175,194,163,163,186453100
5/12/2022,LAPD,50,50,50,50,0
5/12/2022,LCGP,114,114,114,114,0
5/12/2022,LCKM,298,310,298,298,4000
5/12/2022,LEAD,50,50,50,50,1734700
5/12/2022,LFLO,83,84,80,84,120900
5/12/2022,LIFE,5600,5600,5600,5600,200
5/12/2022,LINK,4500,4500,4430,4460,1348300
5/12/2022,LION,314,328,312,318,62000
5/12/2022,LMAS,50,50,50,50,19200
5/12/2022,LMPI,165,172,164,164,65400
5/12/2022,LMSH,710,710,655,685,17400
5/12/2022,LPCK,1260,1300,1200,1230,10444300
5/12/2022,LPGI,9825,9825,9825,9825,100
5/12/2022,LPIN,472,474,450,452,830000
5/12/2022,LPKR,119,120,114,114,34746400
5/12/2022,LPLI,276,276,268,270,244600
5/12/2022,LPPF,5500,5725,5325,5350,4421900
5/12/2022,LPPS,99,100,98,100,233700
5/12/2022,LRNA,189,192,185,185,59100
5/12/2022,LSIP,1360,1375,1320,1325,13814300
5/12/2022,LTLS,1075,1135,1065,1100,1641800
5/12/2022,LUCK,214,216,202,204,2605400
5/12/2022,LUCY,108,116,108,113,28272000
5/12/2022,LUCY-W,70,71,70,70,521200
5/12/2022,MABA,50,50,50,50,0
5/12/2022,MAGP,50,50,50,50,200
5/12/2022,MAIN,620,620,605,605,1236500
5/12/2022,MAMI,50,50,50,50,0
5/12/2022,MAMI-W,6,6,6,6,0
5/12/2022,MAMIP,600,600,600,600,0
5/12/2022,MAPA,2950,3010,2810,2850,1905800
5/12/2022,MAPB,1530,1530,1530,1530,200
5/12/2022,MAPI,925,925,865,865,20768300
5/12/2022,MARI,228,228,214,214,10718200
5/12/2022,MARK,1045,1055,1000,1015,24894300
5/12/2022,MASA,3290,3290,3170,3170,37700
5/12/2022,MASB,3550,3550,3550,3550,0
5/12/2022,MASB-W,360,360,288,338,3400
5/12/2022,MAYA,545,560,530,535,349800
5/12/2022,MBAP,6325,6450,6200,6225,257700
5/12/2022,MBSS,1210,1210,1165,1180,1406900
5/12/2022,MBTO,117,120,108,108,287500
5/12/2022,MCAS,12850,12850,11950,12425,608300
5/12/2022,MCOL,7125,7700,7125,7275,3929400
5/12/2022,MCOR,93,93,90,90,4059400
5/12/2022,MDIA,50,51,50,50,1623400
5/12/2022,MDKA,4850,4850,4520,4600,108059600
5/12/2022,MDKI,200,202,198,198,1698500
5/12/2022,MDLN,78,78,73,73,11547900
5/12/2022,MDRN,50,50,50,50,100
5/12/2022,MEDC,570,575,530,535,67457800
5/12/2022,MEGA,5900,5900,5900,5900,6300
5/12/2022,MERK,3830,3830,3740,3760,26000
5/12/2022,META,109,113,108,109,999300
5/12/2022,MFIN,1285,1285,1250,1255,22700
5/12/2022,MFMI,900,900,780,780,11300
5/12/2022,MGLV,157,157,142,152,29100
5/12/2022,MGLV-W,8,8,7,8,5809400
5/12/2022,MGNA,50,50,50,50,0
5/12/2022,MGRO,870,870,855,865,2934800
5/12/2022,MICE,360,362,358,360,14400
5/12/2022,MIDI,2170,2200,2080,2080,3300
5/12/2022,MIKA,2510,2740,2470,2690,29875800
5/12/2022,MINA,50,50,50,50,800
5/12/2022,MIRA,50,50,50,50,100
5/12/2022,MITI,170,206,170,193,92326300
5/12/2022,MKNT,50,50,50,50,0
5/12/2022,MKPI,22650,22650,22650,22650,100
5/12/2022,MLBI,8950,8950,8650,8750,35800
5/12/2022,MLIA,2340,2370,2190,2200,6961500
5/12/2022,MLPL,187,187,174,175,37141200
5/12/2022,MLPT,3290,3340,3200,3200,791900
5/12/2022,MMLP,550,550,480,480,7521600
5/12/2022,MNCN,960,970,925,925,19677200
5/12/2022,MOLI,284,284,276,276,36800
5/12/2022,MPMX,1290,1290,1200,1200,19409400
5/12/2022,MPOW,93,99,91,91,5503200
5/12/2022,MPPA,256,260,242,242,34797600
5/12/2022,MPRO,695,695,695,695,0
5/12/2022,MRAT,189,191,181,185,667700
5/12/2022,MREI,3700,4240,3440,3650,2300
5/12/2022,MSIN,5275,5400,5175,5275,311400
5/12/2022,MSKY,332,336,312,314,2333400
5/12/2022,MTDL,690,700,685,685,12238800
5/12/2022,MTEL,760,765,750,750,52976400
5/12/2022,MTFN,50,50,50,50,20000
5/12/2022,MTLA,346,348,342,342,39400
5/12/2022,MTMH,1580,1585,1570,1580,17035100
5/12/2022,MTPS,80,83,77,77,2236800
5/12/2022,MTRA,244,244,244,244,0
5/12/2022,MTSM,268,268,246,246,246300
5/12/2022,MTWI,155,159,145,145,6710900
5/12/2022,MYOH,1840,1840,1805,1805,7700
5/12/2022,MYOR,1850,1860,1720,1720,17489600
5/12/2022,MYRX,50,50,50,50,0
5/12/2022,MYRXP,50,50,50,50,0
5/12/2022,MYTX,65,65,61,64,102400
5/12/2022,NANO,60,60,54,54,20821700
5/12/2022,NANO-W,10,11,10,10,28574400
5/12/2022,NASA,50,50,50,50,189600
5/12/2022,NASI,270,272,252,252,4752200
5/12/2022,NATO,630,640,620,630,333838600
5/12/2022,NELY,304,304,292,294,1538100
5/12/2022,NETV,348,360,334,338,9326400
5/12/2022,NFCX,5200,5200,4900,4900,28000
5/12/2022,NICK,458,470,448,468,1431100
5/12/2022,NICL,84,94,83,85,291550900
5/12/2022,NICL-W,12,14,11,11,152360800
5/12/2022,NIKL,905,905,885,885,395400
5/12/2022,NIPS,282,282,282,282,0
5/12/2022,NIRO,139,146,136,136,705100
5/12/2022,NISP,645,645,630,630,1100800
5/12/2022,NOBU,580,590,555,560,356500
5/12/2022,NPGF,106,107,101,101,12339500
5/12/2022,NRCA,282,286,280,282,206500
5/12/2022,NTBK,51,52,50,50,9450400
5/12/2022,NTBK-W,10,10,9,9,6529700
5/12/2022,NUSA,50,50,50,50,0
5/12/2022,NZIA,130,130,126,127,318500
5/12/2022,OASA,655,655,610,610,638800
5/12/2022,OBMD,96,98,93,96,1146800
5/12/2022,OBMD-W,17,17,16,16,9700
5/12/2022,OCAP,159,159,159,159,0
5/12/2022,OILS,196,196,184,185,1347700
5/12/2022,OILS-W,64,64,58,64,180400
5/12/2022,OKAS,57,58,56,57,1829700
5/12/2022,OMRE,585,595,550,595,3100
5/12/2022,OPMS,104,113,104,111,1398600
5/12/2022,PADI,50,50,50,50,1400
5/12/2022,PALM,880,880,810,810,7260300
5/12/2022,PAMG,86,86,84,85,60300
5/12/2022,PANI,4700,4700,4380,4380,72700
5/12/2022,PANR,222,224,206,208,4390800
5/12/2022,PANS,1415,1425,1390,1390,145900
5/12/2022,PBID,1725,1750,1705,1745,550000
5/12/2022,PBRX,141,141,134,135,1174800
5/12/2022,PBSA,600,690,600,600,2100
5/12/2022,PCAR,161,162,158,160,19400
5/12/2022,PDES,220,220,218,220,90700
5/12/2022,PEGE,765,765,730,740,135500
5/12/2022,PEHA,1000,1000,995,1000,101500
5/12/2022,PGAS,1520,1535,1450,1470,130850800
5/12/2022,PGJO,64,69,64,68,19200
5/12/2022,PGLI,318,318,296,296,25700
5/12/2022,PGUN,730,730,710,710,2200
5/12/2022,PICO,94,94,90,92,138400
5/12/2022,PJAA,570,570,535,550,692200
5/12/2022,PKPK,168,174,168,169,4660900
5/12/2022,PLAN,36,37,35,36,1295100
5/12/2022,PLAN-W,10,10,8,10,19300
5/12/2022,PLAS,50,50,50,50,0
5/12/2022,PLIN,2040,2040,2030,2030,200
5/12/2022,PMJS,161,165,150,153,1807700
5/12/2022,PMMP,388,388,362,368,13535100
5/12/2022,PNBN,930,965,920,950,16513300
5/12/2022,PNBS,59,60,58,58,11303600
5/12/2022,PNGO,1550,1550,1535,1540,61800
5/12/2022,PNIN,685,685,665,675,2007300
5/12/2022,PNLF,199,200,190,196,86140400
5/12/2022,PNSE,685,685,685,685,0
5/12/2022,POLA,117,119,103,104,5221500
5/12/2022,POLA-W,68,70,66,68,234400
5/12/2022,POLI,1175,1185,1170,1170,21900
5/12/2022,POLL,380,388,354,354,9621700
5/12/2022,POLU,590,590,555,580,8900
5/12/2022,POLY,71,71,68,68,5530200
5/12/2022,POOL,50,50,50,50,0
5/12/2022,PORT,600,600,600,600,0
5/12/2022,POSA,50,50,50,50,0
5/12/2022,POWR,720,720,690,700,9525900
5/12/2022,PPGL,157,163,156,159,5817400
5/12/2022,PPGL-W,13,16,12,15,21863500
5/12/2022,PPRE,156,158,150,152,8725500
5/12/2022,PPRO,50,51,50,50,28037100
5/12/2022,PRAS,210,216,204,214,10400
5/12/2022,PRDA,6400,6450,6225,6375,363100
5/12/2022,PRIM,296,296,268,272,379300
5/12/2022,PSAB,124,124,120,120,3595900
5/12/2022,PSDN,154,169,144,154,1105000
5/12/2022,PSGO,185,186,177,179,8198700
5/12/2022,PSKT,62,64,60,60,13958700
5/12/2022,PSSI,730,755,695,695,6111300
5/12/2022,PTBA,3720,3770,3630,3650,54157300
5/12/2022,PTDU,57,57,54,55,11094600
5/12/2022,PTIS,187,187,171,172,97000
5/12/2022,PTPP,900,900,860,875,19995200
5/12/2022,PTPW,870,870,860,860,284900
5/12/2022,PTRO,2810,2830,2700,2700,3579900
5/12/2022,PTSN,206,208,199,200,2688100
5/12/2022,PTSP,4270,4270,4270,4270,0
5/12/2022,PUDP,284,306,284,306,1000
5/12/2022,PURA,50,50,50,50,39900
5/12/2022,PURA-W,11,11,10,11,511500
5/12/2022,PURE,54,56,53,54,2644500
5/12/2022,PURI,364,364,342,342,1100
5/12/2022,PWON,555,560,515,515,40816200
5/12/2022,PYFA,1070,1080,1030,1045,110600
5/12/2022,PZZA,645,670,635,645,759100
5/12/2022,R-ABFII,28600,28600,28600,28600,0
5/12/2022,R-LQ45X,1122,1122,1075,1075,76200
5/12/2022,RAJA,242,272,232,262,117608900
5/12/2022,RALS,660,660,635,635,3278900
5/12/2022,RANC,1425,1425,1305,1330,90800
5/12/2022,RBMS,60,62,57,60,26767900
5/12/2022,RDTX,6925,6925,6925,6925,100
5/12/2022,REAL,50,50,50,50,674500
5/12/2022,RELI,408,450,404,436,7000
5/12/2022,RICY,74,74,73,73,366300
5/12/2022,RIGS,384,394,384,386,232700
5/12/2022,RIMO,50,50,50,50,0
5/12/2022,RISE,484,500,450,464,4932800
5/12/2022,RMBA,306,306,306,306,0
5/12/2022,RMKE,420,478,416,464,75818500
5/12/2022,ROCK,615,745,610,700,23400
5/12/2022,RODA,79,79,71,74,3459300
5/12/2022,RONY,800,800,800,800,0
5/12/2022,ROTI,1290,1290,1280,1285,213500
5/12/2022,RSGK,1365,1450,1325,1400,29100
5/12/2022,RUIS,180,180,170,170,156900
5/12/2022,RUNS,236,238,226,228,152500
5/12/2022,SAFE,220,246,208,220,1026000
5/12/2022,SAME,386,386,360,360,79664100
5/12/2022,SAMF,645,810,640,715,41066900
5/12/2022,SAPX,1385,1425,1310,1405,7700
5/12/2022,SATU,107,109,106,107,2289000
5/12/2022,SBAT,50,50,50,50,6535100
5/12/2022,SBAT-W,8,8,7,8,329200
5/12/2022,SBAT-W2,11,11,11,11,84100
5/12/2022,SBMA,154,154,143,144,14090300
5/12/2022,SBMA-W,62,63,59,61,159400
5/12/2022,SCCO,9900,9900,9700,9700,600
5/12/2022,SCMA,250,250,234,234,83445000
5/12/2022,SCNP,204,204,198,204,157500
5/12/2022,SCPI,29000,29000,29000,29000,0
5/12/2022,SDMU,97,117,95,108,191959600
5/12/2022,SDPC,130,132,126,128,1377100
5/12/2022,SDRA,575,575,555,560,29300
5/12/2022,SEMA,258,270,256,268,10158900
5/12/2022,SEMA-W,48,49,47,48,570000
5/12/2022,SFAN,1560,1560,1540,1545,336000
5/12/2022,SGER,2750,3240,2720,3240,40845600
5/12/2022,SGER-W,2000,2000,2000,2000,0
5/12/2022,SGRO,2260,2350,2210,2260,402800
5/12/2022,SHID,2240,2250,2240,2240,390100
5/12/2022,SHIP,1005,1005,935,935,952800
5/12/2022,SICO,128,128,120,120,11660600
5/12/2022,SICO-W,53,53,48,49,1079100
5/12/2022,SIDO,920,930,900,900,21435600
5/12/2022,SILO,1000,1000,970,995,2087300
5/12/2022,SIMA,50,50,50,50,0
5/12/2022,SIMP,490,496,476,478,4393900
5/12/2022,SINI,256,268,256,268,400
5/12/2022,SINI-W,151,151,151,151,0
5/12/2022,SIPD,1640,1640,1640,1640,1000
5/12/2022,SKBM,410,410,410,410,7500
5/12/2022,SKLT,2150,2150,2000,2000,2700
5/12/2022,SKRN,1125,1145,1125,1130,1501800
5/12/2022,SKYB,51,51,51,51,0
5/12/2022,SLIS,290,296,278,280,65239100
5/12/2022,SMAR,4700,4800,4700,4710,50100
5/12/2022,SMBR,494,494,472,472,1504600
5/12/2022,SMCB,1620,1620,1600,1600,10100
5/12/2022,SMDM,171,178,169,170,621800
5/12/2022,SMDR,2640,2820,2520,2670,16515500
5/12/2022,SMGR,6475,6500,6225,6275,17038500
5/12/2022,SMKL,434,458,420,422,1688200
5/12/2022,SMKL-W,32,38,30,32,6713400
5/12/2022,SMKM,240,242,228,240,5436300
5/12/2022,SMMA,11900,11900,11900,11900,0
5/12/2022,SMMT,1095,1185,1030,1110,24824600
5/12/2022,SMRA,685,710,675,680,34323800
5/12/2022,SMRU,50,50,50,50,0
5/12/2022,SMSM,1510,1535,1480,1530,2082200
5/12/2022,SNLK,715,725,700,705,2283900
5/12/2022,SOCI,189,190,182,185,8300700
5/12/2022,SOFA,35,36,34,35,319300
5/12/2022,SOHO,6425,6425,6300,6300,1000
5/12/2022,SONA,4000,4010,4000,4000,300
5/12/2022,SOSS,348,368,346,346,110100
5/12/2022,SOSS-W,46,49,46,49,600
5/12/2022,SOTS,258,266,258,266,900
5/12/2022,SOTS-W,50,50,50,50,0
5/12/2022,SPMA,635,640,595,595,4339300
5/12/2022,SPTO,605,605,575,585,150800
5/12/2022,SQMI,59,59,56,57,6065100
5/12/2022,SRAJ,189,189,183,183,114200
5/12/2022,SRIL,146,146,146,146,0
5/12/2022,SRSN,54,55,53,54,2435300
5/12/2022,SRTG,3310,3330,3080,3200,20071900
5/12/2022,SSIA,372,376,370,374,3061400
5/12/2022,SSMS,1085,1090,1035,1040,6890700
5/12/2022,SSTM,810,810,810,810,100
5/12/2022,STAA,925,925,895,910,10094300
5/12/2022,STAR,136,136,130,135,7100
5/12/2022,STTP,7250,7350,7000,7350,1200
5/12/2022,SUGI,50,50,50,50,0
5/12/2022,SULI,110,140,105,137,601719000
5/12/2022,SUPR,49850,49850,49850,49850,0
5/12/2022,SURE,1850,1850,1850,1850,600
5/12/2022,SWAT,82,97,82,86,29609700
5/12/2022,TALF,306,306,306,306,100
5/12/2022,TAMA,54,57,52,54,13787600
5/12/2022,TAMA-W,15,17,15,16,5325700
5/12/2022,TAMU,50,50,50,50,300
5/12/2022,TAPG,695,700,660,660,53730100
5/12/2022,TARA,50,50,50,50,10900
5/12/2022,TAXI,50,50,50,50,0
5/12/2022,TAYS,192,192,183,185,891800
5/12/2022,TBIG,3050,3060,2880,2940,75651500
5/12/2022,TBLA,790,795,765,770,3015900
5/12/2022,TBMS,1685,1750,1685,1690,6000
5/12/2022,TCID,4900,4900,4890,4900,8400
5/12/2022,TCPI,9525,9525,8850,8850,7040200
5/12/2022,TDPM,119,119,119,119,0
5/12/2022,TEBE,750,750,720,720,1973100
5/12/2022,TECH,4100,4130,3850,4130,3327500
5/12/2022,TELE,121,121,121,121,0
5/12/2022,TFAS,4390,4590,4000,4300,47200
5/12/2022,TFCO,775,785,775,785,2000
5/12/2022,TGKA,7650,7900,7600,7900,2100
5/12/2022,TGRA,62,65,61,62,3489300
5/12/2022,TIFA,530,530,505,530,12200
5/12/2022,TINS,1700,1740,1615,1630,40735600
5/12/2022,TIRA,426,426,402,408,8300
5/12/2022,TIRT,102,116,102,107,17418500
5/12/2022,TKIM,6700,6700,6425,6425,2516200
5/12/2022,TLDN,680,690,665,680,1527300
5/12/2022,TLKM,4340,4390,4250,4300,233518500
5/12/2022,TMAS,1910,1920,1760,1865,5903300
5/12/2022,TMPO,130,132,130,130,227000
5/12/2022,TNCA,710,735,670,670,2855800
5/12/2022,TOBA,1005,1025,935,940,15548800
5/12/2022,TOPS,50,50,50,50,22600
5/12/2022,TOTL,296,310,296,298,6658300
5/12/2022,TOTO,226,230,220,224,731800
5/12/2022,TOWR,1015,1020,975,975,43410000
5/12/2022,TOYS,150,155,143,143,22627400
5/12/2022,TOYS-W,18,18,17,17,5157000
5/12/2022,TPIA,9925,10000,9850,9875,3157100
5/12/2022,TPMA,380,380,368,368,1594200
5/12/2022,TRAM,50,50,50,50,0
5/12/2022,TRIL,50,50,50,50,0
5/12/2022,TRIM,302,304,286,286,3358500
5/12/2022,TRIN,404,414,392,392,5982700
5/12/2022,TRIN-W,82,85,75,75,774000
5/12/2022,TRIO,426,426,426,426,0
5/12/2022,TRIS,172,172,168,171,980300
5/12/2022,TRIS-W,6,6,6,6,0
5/12/2022,TRJA,200,218,196,204,20451000
5/12/2022,TRST,735,735,730,735,51400
5/12/2022,TRUE,84,87,80,81,7231800
5/12/2022,TRUE-W,18,19,17,18,6644300
5/12/2022,TRUK,175,180,170,171,18989400
5/12/2022,TRUS,366,378,366,374,2000
5/12/2022,TSPC,1460,1460,1450,1455,718800
5/12/2022,TUGU,1365,1380,1360,1365,173400
5/12/2022,TURI,1350,1350,1350,1350,0
5/12/2022,UANG,600,600,600,600,200
5/12/2022,UCID,1220,1270,1220,1230,103700
5/12/2022,UFOE,1420,1515,1405,1465,5905000
5/12/2022,ULTJ,1525,1525,1500,1500,2075100
5/12/2022,UNIC,12650,12700,12475,12675,4100
5/12/2022,UNIQ,74,74,69,69,83800
5/12/2022,UNIT,316,316,316,316,0
5/12/2022,UNSP,122,123,116,121,170300
5/12/2022,UNTR,29625,30200,28925,29300,6666300
5/12/2022,UNVR,4920,4940,4580,4690,118621900
5/12/2022,URBN,376,376,358,358,331900
5/12/2022,UVCR,222,222,206,208,2703300
5/12/2022,UVCR-W,39,41,37,39,395400
5/12/2022,VICI,496,496,490,492,1044600
5/12/2022,VICO,156,162,147,151,565300
5/12/2022,VINS,157,161,157,158,6000
5/12/2022,VIVA,50,50,50,50,20900
5/12/2022,VOKS,179,179,172,174,1800
5/12/2022,VRNA,102,105,100,101,431100
5/12/2022,WAPO,125,150,122,122,3964800
5/12/2022,WEGE,175,175,171,172,7806900
5/12/2022,WEHA,163,163,159,159,2722400
5/12/2022,WGSH,204,204,191,191,7329200
5/12/2022,WICO,380,380,380,380,1000
5/12/2022,WIFI,358,374,338,342,82111800
5/12/2022,WIFI-W,134,134,126,132,34100
5/12/2022,WIIM,525,540,480,480,23762800
5/12/2022,WIKA,925,925,895,905,15863100
5/12/2022,WINR,173,182,173,173,896663500
5/12/2022,WINR-W,25,28,18,19,2108095800
5/12/2022,WINS,148,150,145,145,3777100
5/12/2022,WIRG,865,865,830,830,17685300
5/12/2022,WIRG-W,550,590,400,400,7168100
5/12/2022,WMPP,129,131,120,122,26271800
5/12/2022,WMUU,140,141,134,135,12404600
5/12/2022,WOMF,264,264,254,256,769500
5/12/2022,WOOD,645,645,580,585,12256900
5/12/2022,WOWS,52,52,51,51,9436900
5/12/2022,WSBP,95,95,95,95,0
5/12/2022,WSKT,500,505,490,492,30926500
5/12/2022,WTON,208,208,200,200,10134600
5/12/2022,XAFA,1035,1279,1020,1050,23000
5/12/2022,XAQA,1019,1019,1019,1019,100
5/12/2022,XBES,1021,1021,1021,1021,100
5/12/2022,XBID,576,576,565,565,500
5/12/2022,XBIG,567,567,555,555,20900
5/12/2022,XBIN,536,536,536,536,100
5/12/2022,XBLQ,514,514,514,514,200
5/12/2022,XBNI,1117,1117,1092,1092,1300
5/12/2022,XBSK,433,433,421,421,1800
5/12/2022,XCEG,98,98,97,97,4000
5/12/2022,XCID,91,98,86,95,36100
5/12/2022,XCIS,96,96,96,96,100
5/12/2022,XCLQ,109,109,106,106,8600
5/12/2022,XDIF,513,513,513,513,0
5/12/2022,XDSG,1004,1004,1004,1004,100
5/12/2022,XFES,142,142,142,142,0
5/12/2022,XIFE,114,114,111,111,7100
5/12/2022,XIHD,580,580,550,554,46100
5/12/2022,XIIC,1003,1003,1003,1003,0
5/12/2022,XIID,580,580,560,570,28700
5/12/2022,XIIF,523,523,522,522,5100
5/12/2022,XIIT,595,595,575,581,107000
5/12/2022,XIJI,655,657,641,641,62900
5/12/2022,XILV,124,124,121,121,1700
5/12/2022,XIML,272,272,272,272,0
5/12/2022,XIPI,196,196,196,196,50500
5/12/2022,XISB,398,398,398,398,0
5/12/2022,XISC,721,722,704,704,10900
5/12/2022,XISI,351,351,340,340,9000
5/12/2022,XISR,431,431,420,420,26500
5/12/2022,XKIV,523,523,523,523,100
5/12/2022,XKMS,1166,1169,1139,1139,951500
5/12/2022,XMIG,192,192,192,192,1800
5/12/2022,XMJM,1001,1001,1001,1001,0
5/12/2022,XMTS,527,527,527,527,0
5/12/2022,XNVE,168,168,163,163,700500
5/12/2022,XPCR,944,944,944,944,100
5/12/2022,XPDV,561,561,550,550,6000
5/12/2022,XPES,444,444,429,429,2500
5/12/2022,XPFT,581,581,567,567,3100
5/12/2022,XPID,561,561,553,553,1200
5/12/2022,XPLC,526,526,526,526,100
5/12/2022,XPLQ,530,530,530,530,1000
5/12/2022,XPMI,1010,1010,1010,1010,0
5/12/2022,XPSG,421,421,421,421,3100
5/12/2022,XPTD,550,550,550,550,0
5/12/2022,XSBC,117,117,117,117,100
5/12/2022,XSMU,153,153,153,153,0
5/12/2022,XSPI,750,750,750,750,0
5/12/2022,XSRI,202,202,202,202,300
5/12/2022,XSSI,80,80,77,78,44700
5/12/2022,XSSK,698,698,698,698,100
5/12/2022,YELO,97,97,90,90,14697800
5/12/2022,YPAS,655,695,610,660,12100
5/12/2022,YULE,2110,2110,2000,2110,7800
5/12/2022,ZBRA,600,600,560,600,171500
5/12/2022,ZINC,84,86,81,83,830694600
5/12/2022,ZONE,1165,1180,1100,1100,388100
5/12/2022,ZYRX,520,520,484,494,1695700
5/12/2022,ZYRX-W,78,78,64,70,265600
