<date>,<ticker>,<open>,<high>,<low>,<close>,<volume>
6/6/2022,IHSG,7182.961,7194.536,7056.175,7096.582,1913223795
6/6/2022,AALI,11900,12075,11775,11800,1748000
6/6/2022,ABBA,195,197,185,187,6764200
6/6/2022,ABDA,5900,5950,5900,5950,500
6/6/2022,ABMM,2480,2740,2470,2660,14008500
6/6/2022,ACES,1000,1005,970,980,32436000
6/6/2022,ACST,166,168,164,164,3806200
6/6/2022,ADCP,78,80,77,79,11692400
6/6/2022,ADES,5675,6425,5575,6350,1035000
6/6/2022,ADHI,730,730,715,725,7230900
6/6/2022,ADMF,8275,8300,8225,8250,158200
6/6/2022,ADMG,183,183,179,180,662000
6/6/2022,ADMR,2160,2200,2060,2130,202803100
6/6/2022,ADRO,3520,3590,3440,3460,128510900
6/6/2022,AGAR,328,340,320,340,12200
6/6/2022,AGII,2280,2320,2230,2280,5098900
6/6/2022,AGRO,915,925,905,915,9494900
6/6/2022,AGRS,126,126,121,124,5031100
6/6/2022,AHAP,62,63,60,61,5207300
6/6/2022,AIMS,256,262,254,254,67200
6/6/2022,AISA,161,163,154,157,20198100
6/6/2022,AKKU,50,50,50,50,1200
6/6/2022,AKPI,1725,1725,1585,1700,274600
6/6/2022,AKRA,1070,1115,1060,1115,48171700
6/6/2022,AKSI,336,350,320,320,921700
6/6/2022,ALDO,960,965,940,940,993100
6/6/2022,ALDO-W,244,250,244,250,28000
6/6/2022,ALKA,296,318,296,298,51800
6/6/2022,ALMI,282,286,282,284,50500
6/6/2022,ALTO,204,254,200,252,911100
6/6/2022,AMAG,400,406,400,406,99700
6/6/2022,AMAN,515,515,510,515,174500
6/6/2022,AMAR,336,336,320,334,9700900
6/6/2022,AMFG,8100,8475,8000,8300,400800
6/6/2022,AMIN,139,143,132,133,755600
6/6/2022,AMOR,1600,1600,1500,1525,12100
6/6/2022,AMRT,1815,1845,1790,1820,34761700
6/6/2022,ANDI,50,50,50,50,216300
6/6/2022,ANJT,1000,1025,1000,1025,2805000
6/6/2022,ANTM,2460,2490,2400,2450,93793800
6/6/2022,APEX,406,412,402,402,263800
6/6/2022,APIC,1135,1140,1110,1125,16529100
6/6/2022,APII,260,286,238,238,84386200
6/6/2022,APLI,195,195,195,195,2300
6/6/2022,APLN,113,123,112,120,86854200
6/6/2022,ARCI,382,382,378,380,2555500
6/6/2022,ARGO,1370,1400,1370,1400,200
6/6/2022,ARII,230,230,222,228,30000
6/6/2022,ARKA,50,50,50,50,1515900
6/6/2022,ARMY,50,50,50,50,0
6/6/2022,ARNA,1070,1085,1050,1050,1263700
6/6/2022,ARTA,1770,1790,1770,1790,2100
6/6/2022,ARTI,50,50,50,50,0
6/6/2022,ARTO,8900,9075,8375,8500,19772300
6/6/2022,ASBI,298,298,286,298,506600
6/6/2022,ASDM,1035,1040,1020,1040,14000
6/6/2022,ASGR,975,1000,970,990,1143300
6/6/2022,ASHA,450,468,354,354,278763600
6/6/2022,ASII,7200,7250,7075,7225,53388400
6/6/2022,ASJT,133,135,130,134,151900
6/6/2022,ASLC,187,189,180,180,47634300
6/6/2022,ASMI,138,140,131,131,519900
6/6/2022,ASPI,77,81,77,80,2878900
6/6/2022,ASPI-W,12,14,12,14,3604000
6/6/2022,ASRI,173,187,171,184,168060700
6/6/2022,ASRM,1540,1590,1525,1570,7700
6/6/2022,ASSA,2280,2310,2230,2250,8973000
6/6/2022,ATAP,103,112,103,106,1147000
6/6/2022,ATIC,428,448,420,430,76600
6/6/2022,AUTO,1165,1200,1160,1195,4607400
6/6/2022,AVIA,770,785,765,775,51034200
6/6/2022,AYLS,230,230,218,224,6213600
6/6/2022,BABP,152,154,142,144,51145000
6/6/2022,BABP-W3,82,83,82,82,2900
6/6/2022,BABP-W4,128,131,116,116,18900
6/6/2022,BACA,166,167,157,158,17452400
6/6/2022,BACA-W2,72,72,72,72,100
6/6/2022,BAJA,194,195,191,192,494700
6/6/2022,BALI,800,810,800,810,593600
6/6/2022,BANK,2030,2040,1980,2030,24974200
6/6/2022,BANK-W,1930,1930,1325,1700,1200
6/6/2022,BAPA,90,90,88,89,3500800
6/6/2022,BAPI,50,50,50,50,2200
6/6/2022,BAPI-W,5,5,4,4,12730500
6/6/2022,BATA,484,525,484,484,10800
6/6/2022,BAUT,50,51,50,50,9904100
6/6/2022,BAUT-W,9,10,9,10,1838200
6/6/2022,BAYU,1175,1175,1170,1170,1300
6/6/2022,BBCA,7550,7575,7425,7450,81140300
6/6/2022,BBHI,4400,4450,4100,4100,8390900
6/6/2022,BBKP,208,208,202,204,50608300
6/6/2022,BBLD,412,444,412,430,119600
6/6/2022,BBMD,2030,2030,2030,2030,100
6/6/2022,BBNI,8900,8975,8700,8900,35484500
6/6/2022,BBRI,4470,4510,4400,4430,157277700
6/6/2022,BBRM,50,50,50,50,1167300
6/6/2022,BBSI,4990,4990,4950,4990,600
6/6/2022,BBSS,50,51,50,50,8153800
6/6/2022,BBTN,1675,1690,1660,1685,36928700
6/6/2022,BBYB,1285,1315,1235,1250,28768100
6/6/2022,BCAP,170,174,158,164,147358500
6/6/2022,BCIC,163,167,157,158,2661700
6/6/2022,BCIP,56,58,55,57,3311900
6/6/2022,BDMN,2560,2590,2530,2530,3225400
6/6/2022,BEBS,4430,4480,4270,4420,65238600
6/6/2022,BEEF,51,51,50,51,576000
6/6/2022,BEKS,50,50,50,50,308800
6/6/2022,BELL,362,390,362,372,81910200
6/6/2022,BESS,610,610,590,605,55800
6/6/2022,BESS-W,446,446,446,446,200
6/6/2022,BEST,122,127,121,124,78844100
6/6/2022,BFIN,1190,1230,1175,1230,63504600
6/6/2022,BGTG,147,147,143,144,7251000
6/6/2022,BHAT,995,995,980,985,1097300
6/6/2022,BHIT,55,56,54,55,97800600
6/6/2022,BIKA,163,173,161,164,602000
6/6/2022,BIKE,232,236,230,232,6048800
6/6/2022,BIKE-W,18,18,17,17,585200
6/6/2022,BIMA,252,258,242,244,2910300
6/6/2022,BINA,3900,3960,3830,3910,243500
6/6/2022,BINO,135,136,133,134,6933500
6/6/2022,BINO-W,21,21,20,21,952500
6/6/2022,BIPI,106,112,104,109,1162489600
6/6/2022,BIPI-W,10,10,9,9,12013900
6/6/2022,BIPP,52,53,51,52,319700
6/6/2022,BIRD,1720,1735,1605,1615,12479700
6/6/2022,BISI,1815,1875,1800,1820,1172400
6/6/2022,BJBR,1455,1465,1445,1450,16428900
6/6/2022,BJTM,775,780,765,765,3496200
6/6/2022,BKDP,85,85,81,82,964800
6/6/2022,BKSL,50,53,50,52,291368400
6/6/2022,BKSW,133,136,131,132,2681700
6/6/2022,BLTA,50,50,50,50,28700
6/6/2022,BLTZ,2750,2750,2750,2750,0
6/6/2022,BLUE,330,330,306,308,4295700
6/6/2022,BMAS,1530,1530,1430,1430,139100
6/6/2022,BMHS,655,655,615,620,19522500
6/6/2022,BMRI,8200,8350,8025,8150,74392500
6/6/2022,BMSR,685,685,685,685,565700
6/6/2022,BMTR,274,278,272,274,30897700
6/6/2022,BNBA,1760,1795,1720,1795,1291000
6/6/2022,BNBR,50,50,50,50,164900
6/6/2022,BNGA,1040,1050,1035,1040,5612400
6/6/2022,BNII,278,280,274,276,364600
6/6/2022,BNLI,1220,1230,1220,1220,61400
6/6/2022,BOBA,202,220,202,204,2039000
6/6/2022,BOGA,1340,1340,1310,1320,144794000
6/6/2022,BOLA,384,390,370,372,2652400
6/6/2022,BOLT,1020,1020,940,940,22100
6/6/2022,BOSS,64,64,59,61,31269600
6/6/2022,BPFI,655,655,625,655,56500
6/6/2022,BPII,7900,7900,7900,7900,0
6/6/2022,BPTR,202,206,199,200,390700
6/6/2022,BRAM,11950,11950,11850,11925,400
6/6/2022,BRIS,1500,1510,1470,1485,9910800
6/6/2022,BRMS,224,230,220,222,386615800
6/6/2022,BRNA,1085,1085,1085,1085,0
6/6/2022,BRPT,840,855,815,830,36865400
6/6/2022,BSDE,930,950,930,945,42386900
6/6/2022,BSIM,590,600,590,595,47000
6/6/2022,BSML,1400,1520,1260,1260,28097200
6/6/2022,BSSR,3880,4050,3860,4000,6578100
6/6/2022,BSWD,1750,1750,1750,1750,0
6/6/2022,BTEK,50,50,50,50,600
6/6/2022,BTEL,50,50,50,50,0
6/6/2022,BTON,326,326,304,308,349900
6/6/2022,BTPN,2520,2520,2490,2500,33700
6/6/2022,BTPS,3100,3120,2990,3020,4057700
6/6/2022,BUDI,244,250,226,230,16982500
6/6/2022,BUKA,300,302,284,284,330336800
6/6/2022,BUKK,1070,1075,1065,1070,2300
6/6/2022,BULL,170,171,164,168,323511400
6/6/2022,BULL-W2,28,29,23,24,3880000
6/6/2022,BUMI,57,57,56,56,295218200
6/6/2022,BUVA,60,60,60,60,0
6/6/2022,BVIC,144,147,142,142,11412700
6/6/2022,BWPT,75,75,73,74,7001300
6/6/2022,BYAN,54500,54500,54325,54375,20700
6/6/2022,CAKK,90,90,88,89,3088100
6/6/2022,CAMP,292,292,278,282,852200
6/6/2022,CANI,130,133,127,130,80300
6/6/2022,CARE,530,530,505,510,478439800
6/6/2022,CARS,50,50,50,50,80800
6/6/2022,CASA,580,580,560,570,1191800
6/6/2022,CASH,171,173,161,168,681900
6/6/2022,CASS,438,444,436,436,906300
6/6/2022,CBMF,54,57,53,54,19055200
6/6/2022,CCSI,740,760,720,740,69300
6/6/2022,CEKA,2570,2590,2400,2480,370400
6/6/2022,CENT,202,204,192,192,12920500
6/6/2022,CFIN,234,238,234,234,10695500
6/6/2022,CINT,238,238,230,236,24800
6/6/2022,CITA,2950,3050,2950,3040,3700
6/6/2022,CITY,153,159,153,156,47000
6/6/2022,CLAY,700,780,700,775,4900
6/6/2022,CLEO,462,484,460,480,22513400
6/6/2022,CLPI,1100,1105,1080,1100,287700
6/6/2022,CMNP,2110,2110,2070,2070,6100
6/6/2022,CMNP-W,1195,1195,1195,1195,0
6/6/2022,CMNT,895,895,850,880,28608900
6/6/2022,CMPP,352,356,334,338,3133500
6/6/2022,CMRY,3900,3990,3850,3940,771000
6/6/2022,CNKO,50,50,50,50,3400
6/6/2022,CNTB,250,250,250,250,0
6/6/2022,CNTX,216,216,210,210,1400
6/6/2022,COCO,208,208,202,206,472900
6/6/2022,COWL,50,50,50,50,0
6/6/2022,CPIN,5275,5375,5225,5350,9434600
6/6/2022,CPRI,50,50,50,50,0
6/6/2022,CPRO,74,74,68,69,296296900
6/6/2022,CSAP,670,670,620,655,1014000
6/6/2022,CSIS,83,86,81,84,11596000
6/6/2022,CSMI,3720,3720,3720,3720,100
6/6/2022,CSRA,875,895,860,870,946200
6/6/2022,CTBN,2450,2450,2430,2430,200
6/6/2022,CTRA,985,1000,970,975,21680100
6/6/2022,CTTH,50,50,50,50,400
6/6/2022,DADA,50,50,50,50,112200
6/6/2022,DADA-W,8,9,8,9,7744200
6/6/2022,DART,216,220,210,212,16700
6/6/2022,DAYA,232,232,212,216,215500
6/6/2022,DCII,36000,36000,35850,36000,6100
6/6/2022,DEAL,50,50,50,50,900
6/6/2022,DEFI,1455,1455,1455,1455,0
6/6/2022,DEPO,490,496,490,494,134900
6/6/2022,DEWA,53,54,52,54,79592100
6/6/2022,DFAM,590,600,540,540,21718900
6/6/2022,DGIK,118,119,113,114,17193900
6/6/2022,DGNS,306,324,292,296,10421000
6/6/2022,DIGI,89,109,83,109,259916100
6/6/2022,DILD,148,148,145,148,5747000
6/6/2022,DIVA,980,995,910,910,621500
6/6/2022,DKFT,136,138,132,134,12486700
6/6/2022,DLTA,4140,4140,4090,4090,147800
6/6/2022,DMAS,182,185,180,181,98437100
6/6/2022,DMMX,1875,1880,1740,1755,4267600
6/6/2022,DMND,810,815,810,815,17300
6/6/2022,DNAR,195,200,193,194,2137100
6/6/2022,DNET,3250,3250,3170,3170,27500
6/6/2022,DOID,438,452,432,450,180496700
6/6/2022,DPNS,416,424,410,416,137100
6/6/2022,DPUM,50,50,50,50,0
6/6/2022,DRMA,600,620,595,620,12394800
6/6/2022,DSFI,103,107,101,103,29024700
6/6/2022,DSNG,555,570,550,555,12806100
6/6/2022,DSSA,36300,38700,36300,38225,1800
6/6/2022,DUCK,176,176,176,176,0
6/6/2022,DUTI,3920,4700,3920,4600,17200
6/6/2022,DVLA,2570,2570,2550,2550,25000
6/6/2022,DWGL,216,224,212,212,119900
6/6/2022,DWGL-W,36,36,30,31,696900
6/6/2022,DYAN,72,75,71,72,905700
6/6/2022,EAST,95,96,93,95,7202200
6/6/2022,EAST-W,5,6,4,5,11851700
6/6/2022,ECII,610,645,595,595,167800
6/6/2022,EDGE,21475,21475,21475,21475,0
6/6/2022,EKAD,1420,1425,1415,1420,43900
6/6/2022,ELSA,324,328,318,322,81789600
6/6/2022,ELTY,50,50,50,50,400
6/6/2022,EMDE,152,153,152,153,3100
6/6/2022,EMTK,1860,1870,1755,1770,70922200
6/6/2022,ENAK,1275,1335,1275,1335,5928900
6/6/2022,ENRG,230,236,216,234,69208400
6/6/2022,ENVY,50,50,50,50,0
6/6/2022,ENZO,56,64,55,59,150449300
6/6/2022,ENZO-W,16,17,15,16,19733300
6/6/2022,EPAC,50,50,50,50,150500
6/6/2022,EPMT,2770,2790,2760,2760,29400
6/6/2022,ERAA,510,515,505,510,25414600
6/6/2022,ERTX,190,192,188,192,3300
6/6/2022,ESIP,108,112,106,106,14266900
6/6/2022,ESIP-W,14,15,13,14,2108700
6/6/2022,ESSA,1100,1100,1020,1040,108338700
6/6/2022,ESTA,750,750,700,710,2734100
6/6/2022,ESTI,99,100,99,99,435900
6/6/2022,ETWA,62,62,62,62,0
6/6/2022,EXCL,2630,2630,2550,2570,38358200
6/6/2022,FAPA,3610,3620,3590,3600,37800
6/6/2022,FAST,950,955,950,950,14900
6/6/2022,FASW,6525,6525,6525,6525,0
6/6/2022,FILM,1680,1710,1670,1700,12764800
6/6/2022,FIMP,47,47,45,47,127000
6/6/2022,FIRE,228,246,228,234,2410100
6/6/2022,FISH,7050,7200,7050,7075,3500
6/6/2022,FITT,260,260,256,258,392500
6/6/2022,FITT-W,222,238,218,218,4900
6/6/2022,FLMC,80,87,78,85,1045100
6/6/2022,FMII,350,366,350,364,500
6/6/2022,FOOD,104,106,103,105,348600
6/6/2022,FORU,280,290,272,278,1085800
6/6/2022,FORZ,50,50,50,50,0
6/6/2022,FPNI,374,378,366,370,1122700
6/6/2022,FREN,86,90,85,89,1712078000
6/6/2022,FREN-W2,20,21,20,20,85197300
6/6/2022,FUJI,665,670,625,670,7900
6/6/2022,GAMA,50,50,50,50,2200
6/6/2022,GDST,98,99,96,98,850000
6/6/2022,GDYR,1305,1305,1305,1305,100
6/6/2022,GEMA,350,350,350,350,300
6/6/2022,GEMS,6850,6975,6700,6975,155000
6/6/2022,GGRM,31300,31325,30850,31050,884300
6/6/2022,GGRP,670,725,630,710,2337600
6/6/2022,GHON,2280,2290,2250,2280,93400
6/6/2022,GIAA,222,222,222,222,0
6/6/2022,GJTL,660,665,655,665,3047600
6/6/2022,GLOB,153,157,152,156,103700
6/6/2022,GLVA,256,264,256,256,125000
6/6/2022,GMFI,76,77,76,76,732600
6/6/2022,GMTD,15600,15600,15600,15600,0
6/6/2022,GOLD,344,374,344,346,32200
6/6/2022,GOLL,50,50,50,50,0
6/6/2022,GOOD,545,545,535,545,5229800
6/6/2022,GOTO,352,358,330,330,3429231900
6/6/2022,GPRA,84,86,82,82,9907100
6/6/2022,GPSO,104,106,101,103,4555900
6/6/2022,GPSO-W,10,12,10,12,1604400
6/6/2022,GSMF,87,88,86,86,824900
6/6/2022,GTBO,75,75,75,75,0
6/6/2022,GTSI,59,60,58,59,2274000
6/6/2022,GWSA,150,153,149,152,741600
6/6/2022,GZCO,188,197,188,194,100628400
6/6/2022,HADE,50,50,50,50,700
6/6/2022,HAIS,300,324,288,298,54320400
6/6/2022,HDFA,166,210,162,179,1302200
6/6/2022,HDIT,164,198,164,185,1187300
6/6/2022,HDTX,120,120,120,120,0
6/6/2022,HEAL,1365,1395,1360,1375,13373100
6/6/2022,HELI,286,286,274,284,20600
6/6/2022,HERO,1585,1600,1540,1600,58100
6/6/2022,HEXA,6600,6650,6575,6600,507400
6/6/2022,HITS,1175,1175,1175,1175,0
6/6/2022,HKMU,50,50,50,50,28500
6/6/2022,HMSP,1105,1120,1090,1095,14871700
6/6/2022,HOKI,150,150,147,147,2975500
6/6/2022,HOME,50,50,50,50,0
6/6/2022,HOMI,1310,1320,1295,1320,1207400
6/6/2022,HOPE,162,164,153,164,34045700
6/6/2022,HOPE-W,16,16,15,15,7345800
6/6/2022,HOTL,50,50,50,50,600
6/6/2022,HRME,53,55,53,54,4346100
6/6/2022,HRTA,212,212,210,212,3041700
6/6/2022,HRUM,2410,2470,2310,2330,76268200
6/6/2022,IATA,186,188,173,181,87756300
6/6/2022,IBFN,97,97,97,97,0
6/6/2022,IBOS,118,120,117,119,1438300
6/6/2022,IBOS-W,10,11,10,11,2974800
6/6/2022,IBST,6550,6550,6550,6550,0
6/6/2022,ICBP,8575,8675,8550,8650,4912400
6/6/2022,ICON,85,87,80,81,4761900
6/6/2022,IDEA,60,61,59,60,4734600
6/6/2022,IDPR,180,185,179,182,276000
6/6/2022,IFII,147,150,147,150,246500
6/6/2022,IFSH,1545,1925,1545,1785,148500
6/6/2022,IGAR,464,478,452,452,628900
6/6/2022,IIKP,50,50,50,50,0
6/6/2022,IKAI,50,50,50,50,15900
6/6/2022,IKAN,78,80,78,78,2182000
6/6/2022,IKBI,218,222,216,222,16100
6/6/2022,IMAS,830,845,805,815,2188100
6/6/2022,IMJS,386,388,376,380,1417900
6/6/2022,IMPC,3890,3920,3770,3790,3725900
6/6/2022,INAF,1120,1130,1105,1110,91200
6/6/2022,INAI,318,328,304,320,23600
6/6/2022,INCF,51,53,51,52,6299300
6/6/2022,INCI,735,785,705,730,386900
6/6/2022,INCO,7675,7725,7400,7625,34928200
6/6/2022,INDF,6700,6925,6675,6925,27810700
6/6/2022,INDO,105,106,101,102,15689200
6/6/2022,INDO-W,19,19,17,18,6026900
6/6/2022,INDR,11475,11500,10725,10950,536500
6/6/2022,INDS,2170,2250,2150,2190,8100
6/6/2022,INDX,354,412,354,384,100498000
6/6/2022,INDY,3000,3030,2920,2990,27831200
6/6/2022,INKP,8275,8425,8100,8175,7948200
6/6/2022,INOV,206,206,195,195,2042400
6/6/2022,INPC,94,96,92,92,3265900
6/6/2022,INPP,406,408,382,404,7300
6/6/2022,INPS,1410,1410,1410,1410,4800
6/6/2022,INRU,650,650,635,635,803400
6/6/2022,INTA,74,74,74,74,0
6/6/2022,INTD,252,254,246,254,83500
6/6/2022,INTP,9825,9950,9775,9900,14423200
6/6/2022,IPAC,115,115,110,114,10100
6/6/2022,IPCC,630,650,630,635,2826000
6/6/2022,IPCM,310,312,304,310,1784900
6/6/2022,IPOL,162,164,162,164,841900
6/6/2022,IPPE,250,252,238,242,13208900
6/6/2022,IPTV,129,142,120,120,506303200
6/6/2022,IRRA,1400,1400,1350,1365,1936700
6/6/2022,ISAT,5800,5875,5425,5500,13133700
6/6/2022,ISSP,322,328,316,318,15087700
6/6/2022,ITIC,270,270,264,268,273800
6/6/2022,ITMA,540,540,525,540,168700
6/6/2022,ITMA-W,88,88,88,88,0
6/6/2022,ITMG,35100,35525,34850,35150,2317600
6/6/2022,JAST,128,130,125,126,8862200
6/6/2022,JAST-W,29,29,26,28,953500
6/6/2022,JAWA,147,162,147,158,2322000
6/6/2022,JAYA,151,151,147,147,7726000
6/6/2022,JAYA-W,38,38,36,36,598100
6/6/2022,JECC,4390,4390,4350,4350,1200
6/6/2022,JGLE,50,50,50,50,513700
6/6/2022,JIHD,304,318,288,296,1346300
6/6/2022,JKON,85,85,81,82,33258800
6/6/2022,JKSW,60,60,60,60,0
6/6/2022,JMAS,99,100,96,98,350500
6/6/2022,JPFA,1480,1510,1480,1495,37844700
6/6/2022,JRPT,496,496,488,492,1542200
6/6/2022,JSKY,64,65,62,64,7020500
6/6/2022,JSMR,3910,3940,3830,3900,3253200
6/6/2022,JSPT,815,815,815,815,200
6/6/2022,JTPE,1040,1040,1005,1010,94700
6/6/2022,KAEF,1510,1525,1490,1505,1098100
6/6/2022,KARW,141,146,137,137,7522900
6/6/2022,KAYU,50,50,50,50,2100
6/6/2022,KBAG,50,50,50,50,619000
6/6/2022,KBAG-W,8,9,7,9,12312900
6/6/2022,KBLI,330,330,310,322,1523100
6/6/2022,KBLM,272,272,256,260,5370900
6/6/2022,KBLV,270,274,250,250,6246200
6/6/2022,KBRI,50,50,50,50,0
6/6/2022,KDSI,1270,1270,1240,1245,909500
6/6/2022,KEEN,456,464,450,460,1342900
6/6/2022,KEJU,1250,1275,1240,1255,285200
6/6/2022,KIAS,50,50,50,50,1600
6/6/2022,KICI,198,204,193,195,804200
6/6/2022,KIJA,164,175,163,168,5531100
6/6/2022,KINO,3640,3820,3560,3680,2768200
6/6/2022,KIOS,324,338,314,324,2991600
6/6/2022,KJEN,117,121,108,108,935700
6/6/2022,KKGI,665,690,655,680,5880300
6/6/2022,KLBF,1600,1640,1595,1640,30976700
6/6/2022,KMDS,570,595,555,555,288800
6/6/2022,KMTR,304,304,292,294,18300
6/6/2022,KOBX,565,575,545,560,1701100
6/6/2022,KOIN,149,150,149,150,7100
6/6/2022,KONI,1875,1925,1865,1865,3700
6/6/2022,KOPI,555,700,540,540,79000
6/6/2022,KOTA,50,50,50,50,205200
6/6/2022,KOTA-W,37,37,32,36,10400
6/6/2022,KPAL,50,50,50,50,0
6/6/2022,KPAS,62,62,62,62,0
6/6/2022,KPIG,98,101,95,96,283432600
6/6/2022,KRAH,436,436,436,436,0
6/6/2022,KRAS,396,400,378,382,17230000
6/6/2022,KREN,50,50,50,50,94900
6/6/2022,KUAS,73,76,71,75,14065800
6/6/2022,KUAS-W,16,16,14,16,5508800
6/6/2022,LABA,190,190,175,181,30417700
6/6/2022,LABA-W,25,26,23,24,12374200
6/6/2022,LAND,195,206,189,191,88393800
6/6/2022,LAPD,50,50,50,50,0
6/6/2022,LCGP,114,114,114,114,0
6/6/2022,LCKM,310,310,310,310,1000
6/6/2022,LEAD,50,51,50,50,12088000
6/6/2022,LFLO,83,85,81,83,222400
6/6/2022,LIFE,5900,5900,5900,5900,0
6/6/2022,LINK,4580,4600,4530,4580,1453700
6/6/2022,LION,360,424,360,406,501000
6/6/2022,LMAS,50,50,50,50,56900
6/6/2022,LMPI,170,172,167,168,22800
6/6/2022,LMSH,670,700,645,685,4500
6/6/2022,LPCK,1330,1360,1300,1345,6139900
6/6/2022,LPGI,9300,9300,9275,9275,400
6/6/2022,LPIN,550,575,550,550,672600
6/6/2022,LPKR,126,128,123,124,38695000
6/6/2022,LPLI,278,278,260,270,402100
6/6/2022,LPPF,5200,5225,4840,5000,5541800
6/6/2022,LPPS,97,100,92,97,1305200
6/6/2022,LRNA,186,190,186,190,1400
6/6/2022,LSIP,1395,1400,1370,1390,18436500
6/6/2022,LTLS,1430,1545,1425,1500,6875700
6/6/2022,LUCK,234,234,222,226,754600
6/6/2022,LUCY,105,109,105,109,11256700
6/6/2022,LUCY-W,64,67,64,64,1054500
6/6/2022,MABA,50,50,50,50,0
6/6/2022,MAGP,50,50,50,50,10500
6/6/2022,MAIN,625,635,620,625,868400
6/6/2022,MAMI,50,50,50,50,0
6/6/2022,MAMI-W,6,6,6,6,0
6/6/2022,MAMIP,600,600,600,600,0
6/6/2022,MAPA,3110,3130,3020,3090,567000
6/6/2022,MAPB,1675,1675,1650,1670,1400
6/6/2022,MAPI,940,985,930,960,21960700
6/6/2022,MARI,196,196,181,181,21519600
6/6/2022,MARK,1195,1205,1165,1175,19990400
6/6/2022,MASA,3130,3420,3130,3240,1400
6/6/2022,MASB,3510,3510,3510,3510,400
6/6/2022,MASB-W,300,300,300,300,100
6/6/2022,MAYA,615,625,600,600,1011400
6/6/2022,MBAP,7925,8350,7825,8350,719900
6/6/2022,MBSS,1265,1265,1200,1200,2223200
6/6/2022,MBTO,111,114,111,111,66900
6/6/2022,MCAS,14450,14450,13550,13750,680400
6/6/2022,MCOL,7350,7500,7225,7225,1109200
6/6/2022,MCOR,93,94,92,94,3220600
6/6/2022,MDIA,50,50,50,50,25400
6/6/2022,MDKA,5175,5325,4990,5300,75974500
6/6/2022,MDKI,210,210,202,206,3060600
6/6/2022,MDLN,98,125,97,106,796575200
6/6/2022,MDRN,50,50,50,50,1600
6/6/2022,MEDC,600,615,585,615,105749400
6/6/2022,MEGA,5900,5950,5750,5800,29100
6/6/2022,MERK,4200,4300,4200,4240,317700
6/6/2022,META,112,115,111,113,713000
6/6/2022,MFIN,1435,1580,1435,1575,86700
6/6/2022,MFMI,795,820,780,795,9600
6/6/2022,MGLV,200,220,180,216,1571700
6/6/2022,MGLV-W,4,5,2,2,122437000
6/6/2022,MGNA,50,50,50,50,0
6/6/2022,MGRO,885,900,875,880,12647300
6/6/2022,MICE,424,436,418,436,479600
6/6/2022,MIDI,2200,2240,2150,2180,23500
6/6/2022,MIKA,2530,2690,2520,2690,13269500
6/6/2022,MINA,50,50,50,50,1000
6/6/2022,MIRA,50,50,50,50,400
6/6/2022,MITI,188,195,178,188,24535500
6/6/2022,MKNT,50,50,50,50,500
6/6/2022,MKPI,22200,22300,22200,22300,24500
6/6/2022,MLBI,10950,10975,10500,10500,64200
6/6/2022,MLIA,3190,3280,3060,3100,6522400
6/6/2022,MLPL,184,184,172,174,69191500
6/6/2022,MLPT,3120,3160,3110,3110,432400
6/6/2022,MMLP,484,498,480,488,10514300
6/6/2022,MNCN,975,985,960,965,10102600
6/6/2022,MOLI,288,302,286,302,221600
6/6/2022,MPMX,1220,1270,1175,1175,41739400
6/6/2022,MPOW,95,98,94,95,3750400
6/6/2022,MPPA,250,258,242,248,42230600
6/6/2022,MPRO,670,670,670,670,0
6/6/2022,MRAT,186,187,183,183,537700
6/6/2022,MREI,3560,4050,3520,3520,2700
6/6/2022,MSIN,5100,5125,4900,5075,607100
6/6/2022,MSKY,350,382,336,356,32504300
6/6/2022,MTDL,705,705,680,690,11697100
6/6/2022,MTEL,725,735,725,725,51838900
6/6/2022,MTFN,50,50,50,50,500
6/6/2022,MTLA,350,358,350,358,166200
6/6/2022,MTMH,2460,2470,2350,2350,9870100
6/6/2022,MTPS,57,59,54,55,3034300
6/6/2022,MTRA,244,244,244,244,0
6/6/2022,MTSM,214,220,214,220,3700
6/6/2022,MTWI,144,151,144,148,2780000
6/6/2022,MYOH,1700,1700,1675,1685,21100
6/6/2022,MYOR,1705,1740,1685,1690,3443900
6/6/2022,MYRX,50,50,50,50,0
6/6/2022,MYRXP,50,50,50,50,0
6/6/2022,MYTX,60,61,60,60,16400
6/6/2022,NANO,54,54,52,52,10445900
6/6/2022,NANO-W,9,10,9,9,1984900
6/6/2022,NASA,50,50,50,50,538300
6/6/2022,NASI,314,326,314,322,34613500
6/6/2022,NATO,620,620,590,610,284773900
6/6/2022,NELY,376,398,374,398,9452300
6/6/2022,NETV,328,364,326,356,30308400
6/6/2022,NFCX,8700,9000,8500,9000,5526600
6/6/2022,NICK,450,494,432,486,59800
6/6/2022,NICL,107,123,107,111,239922100
6/6/2022,NICL-W,13,13,11,11,52091900
6/6/2022,NIKL,910,910,870,890,545800
6/6/2022,NIPS,282,282,282,282,0
6/6/2022,NIRO,139,145,138,145,209900
6/6/2022,NISP,640,645,635,640,8870600
6/6/2022,NOBU,600,615,595,600,95800
6/6/2022,NPGF,74,79,71,71,78895600
6/6/2022,NRCA,300,300,296,298,320400
6/6/2022,NTBK,50,50,50,50,618400
6/6/2022,NTBK-W,8,9,8,9,4766800
6/6/2022,NUSA,50,50,50,50,0
6/6/2022,NZIA,164,164,151,151,716700
6/6/2022,OASA,580,655,565,630,6848200
6/6/2022,OBMD,108,155,108,146,64021800
6/6/2022,OBMD-W,24,38,23,29,70822800
6/6/2022,OCAP,159,159,159,159,0
6/6/2022,OILS,226,228,210,220,3726700
6/6/2022,OILS-W,60,61,55,61,183600
6/6/2022,OKAS,56,58,56,57,8715600
6/6/2022,OLIV,101,102,100,100,1869400
6/6/2022,OLIV-W,10,10,9,10,4554500
6/6/2022,OMRE,505,515,505,515,800
6/6/2022,OPMS,113,121,113,119,1013200
6/6/2022,PADI,50,50,50,50,700
6/6/2022,PALM,885,920,870,920,23935900
6/6/2022,PAMG,86,86,83,86,724000
6/6/2022,PANI,5575,5900,5550,5675,258300
6/6/2022,PANR,258,260,252,252,4621600
6/6/2022,PANS,1440,1490,1435,1470,356100
6/6/2022,PBID,1710,1720,1700,1710,676300
6/6/2022,PBRX,133,136,130,132,3815500
6/6/2022,PBSA,895,1080,895,935,204600
6/6/2022,PCAR,152,156,152,156,237100
6/6/2022,PDES,206,206,202,206,2164000
6/6/2022,PEGE,1200,1260,1190,1240,595000
6/6/2022,PEHA,1015,1015,1010,1010,13200
6/6/2022,PGAS,1790,1795,1765,1785,73754300
6/6/2022,PGJO,73,75,72,72,61900
6/6/2022,PGLI,242,242,240,240,2100
6/6/2022,PGUN,690,700,655,700,122200
6/6/2022,PICO,98,99,96,99,1300
6/6/2022,PJAA,615,615,585,610,814500
6/6/2022,PKPK,179,183,173,183,5738900
6/6/2022,PLAN,37,37,36,36,112900
6/6/2022,PLAN-W,10,10,9,10,718100
6/6/2022,PLAS,50,50,50,50,0
6/6/2022,PLIN,2170,2190,2120,2120,3100
6/6/2022,PMJS,182,206,180,206,4246600
6/6/2022,PMMP,408,422,404,414,39149100
6/6/2022,PNBN,1315,1470,1315,1460,31687100
6/6/2022,PNBS,68,69,64,64,23921400
6/6/2022,PNGO,1435,1450,1430,1430,20500
6/6/2022,PNIN,750,760,735,760,4791200
6/6/2022,PNLF,282,300,274,290,139884000
6/6/2022,PNSE,580,580,580,580,600
6/6/2022,POLA,110,111,106,109,2594300
6/6/2022,POLA-W,68,69,66,69,25000
6/6/2022,POLI,1230,1240,1230,1235,105300
6/6/2022,POLL,555,560,494,494,9428100
6/6/2022,POLU,550,570,550,565,5600
6/6/2022,POLY,69,70,67,68,5734400
6/6/2022,POOL,50,50,50,50,0
6/6/2022,PORT,600,600,595,595,3900
6/6/2022,POSA,50,50,50,50,0
6/6/2022,POWR,735,740,725,740,4671500
6/6/2022,PPGL,170,174,159,161,13091400
6/6/2022,PPGL-W,17,17,15,15,6969700
6/6/2022,PPRE,164,164,160,162,6706900
6/6/2022,PPRO,50,51,50,51,8318900
6/6/2022,PRAS,212,220,212,212,226600
6/6/2022,PRDA,6150,6200,6100,6175,113800
6/6/2022,PRIM,270,274,264,270,727000
6/6/2022,PSAB,124,126,123,125,3335300
6/6/2022,PSDN,151,160,146,155,493800
6/6/2022,PSGO,210,222,208,210,16881100
6/6/2022,PSKT,70,71,66,66,43502000
6/6/2022,PSSI,805,860,805,850,15273300
6/6/2022,PTBA,4310,4310,4310,4310,5083700
6/6/2022,PTDU,145,151,137,137,110953900
6/6/2022,PTIS,182,194,182,184,98200
6/6/2022,PTPP,920,935,905,925,13733800
6/6/2022,PTPW,915,920,900,915,404700
6/6/2022,PTRO,2860,2910,2850,2900,859000
6/6/2022,PTSN,210,212,198,208,1525900
6/6/2022,PTSP,4040,4040,4040,4040,0
6/6/2022,PUDP,300,300,280,298,42600
6/6/2022,PURA,50,50,50,50,83300
6/6/2022,PURA-W,12,12,11,12,1444300
6/6/2022,PURE,54,54,53,54,1905600
6/6/2022,PURI,456,570,442,466,104500
6/6/2022,PWON,515,515,505,515,36282200
6/6/2022,PYFA,1070,1070,1055,1055,900
6/6/2022,PZZA,620,625,605,610,473300
6/6/2022,R-ABFII,28600,28600,28600,28600,0
6/6/2022,R-LQ45X,1140,1141,1127,1129,18700
6/6/2022,RAJA,396,412,364,366,132232300
6/6/2022,RALS,635,640,610,610,15617100
6/6/2022,RANC,1470,1470,1410,1460,28600
6/6/2022,RBMS,58,58,57,58,5452800
6/6/2022,RDTX,6850,6850,6850,6850,0
6/6/2022,REAL,50,50,50,50,335800
6/6/2022,RELI,490,535,462,535,701800
6/6/2022,RICY,75,75,73,73,3296600
6/6/2022,RIGS,555,600,520,545,945000
6/6/2022,RIMO,50,50,50,50,0
6/6/2022,RISE,605,615,565,570,3320900
6/6/2022,RMBA,306,306,306,306,0
6/6/2022,RMKE,600,660,585,655,52186900
6/6/2022,ROCK,490,555,490,545,2800
6/6/2022,RODA,98,104,94,98,17344200
6/6/2022,RONY,800,800,800,800,0
6/6/2022,ROTI,1290,1295,1280,1290,234200
6/6/2022,RSGK,1290,1300,1270,1295,25600
6/6/2022,RUIS,210,220,199,202,1773700
6/6/2022,RUNS,230,238,226,226,395700
6/6/2022,SAFE,218,230,214,224,989100
6/6/2022,SAME,402,408,396,400,34062500
6/6/2022,SAMF,560,615,520,520,38246100
6/6/2022,SAPX,1320,1360,1260,1315,8100
6/6/2022,SATU,106,108,106,108,3498200
6/6/2022,SBAT,50,50,50,50,6100
6/6/2022,SBAT-W,7,8,7,7,661300
6/6/2022,SBAT-W2,11,11,9,9,758200
6/6/2022,SBMA,149,154,149,151,6957600
6/6/2022,SBMA-W,51,52,49,50,20400
6/6/2022,SCCO,10000,10000,9975,9975,22200
6/6/2022,SCMA,222,222,210,212,150194000
6/6/2022,SCNP,224,226,220,226,206200
6/6/2022,SCPI,29000,29000,29000,29000,0
6/6/2022,SDMU,92,102,92,94,43187300
6/6/2022,SDPC,136,138,135,136,523600
6/6/2022,SDRA,580,595,580,590,361600
6/6/2022,SEMA,244,250,232,246,4362600
6/6/2022,SEMA-W,34,37,33,35,566200
6/6/2022,SFAN,1570,1570,1560,1565,353500
6/6/2022,SGER,2580,2680,2490,2620,14558000
6/6/2022,SGER-W,2000,2000,2000,2000,0
6/6/2022,SGRO,2330,2350,2290,2340,1245600
6/6/2022,SHID,2290,2290,2280,2290,205600
6/6/2022,SHIP,990,1005,985,995,4424200
6/6/2022,SICO,128,134,127,129,7763800
6/6/2022,SICO-W,54,56,49,51,4233500
6/6/2022,SIDO,990,995,980,990,22751900
6/6/2022,SILO,1115,1135,1100,1115,821300
6/6/2022,SIMA,50,50,50,50,0
6/6/2022,SIMP,510,515,498,505,6529400
6/6/2022,SINI,268,268,252,266,11300
6/6/2022,SINI-W,130,130,130,130,200
6/6/2022,SIPD,1540,1540,1480,1500,177500
6/6/2022,SKBM,398,470,392,406,26700
6/6/2022,SKLT,2120,2220,2050,2150,12300
6/6/2022,SKRN,1260,1270,1255,1255,594400
6/6/2022,SKYB,51,51,51,51,0
6/6/2022,SLIS,370,378,346,364,157957300
6/6/2022,SMAR,5100,5500,5100,5200,191300
6/6/2022,SMBR,525,530,500,505,6173900
6/6/2022,SMCB,1675,1675,1665,1665,178700
6/6/2022,SMDM,191,210,187,200,1169600
6/6/2022,SMDR,3810,3950,3750,3920,17770600
6/6/2022,SMGR,7100,7200,6925,7200,11340200
6/6/2022,SMKL,404,416,400,402,1107100
6/6/2022,SMKL-W,20,21,18,19,1998200
6/6/2022,SMKM,232,236,224,230,1191500
6/6/2022,SMMA,12100,12100,12100,12100,0
6/6/2022,SMMT,1090,1140,1040,1130,6558800
6/6/2022,SMRA,670,685,670,670,64631300
6/6/2022,SMRU,50,50,50,50,0
6/6/2022,SMSM,1470,1515,1440,1465,1293200
6/6/2022,SNLK,1010,1040,975,995,9031500
6/6/2022,SOCI,200,202,197,200,13939800
6/6/2022,SOFA,33,34,32,33,600800
6/6/2022,SOHO,6050,6200,5800,5975,14400
6/6/2022,SONA,4050,4050,4050,4050,0
6/6/2022,SOSS,400,408,394,398,2371000
6/6/2022,SOSS-W,47,47,41,44,91800
6/6/2022,SOTS,346,346,290,290,1800
6/6/2022,SOTS-W,50,54,45,53,55500
6/6/2022,SPMA,745,765,735,740,1375800
6/6/2022,SPTO,580,585,575,575,801200
6/6/2022,SQMI,63,74,63,72,144845800
6/6/2022,SRAJ,192,192,186,188,167400
6/6/2022,SRIL,146,146,146,146,0
6/6/2022,SRSN,54,54,53,53,2890100
6/6/2022,SRTG,3190,3210,3050,3070,25422600
6/6/2022,SSIA,390,394,386,390,3211600
6/6/2022,SSMS,1210,1250,1210,1240,13082000
6/6/2022,SSTM,760,765,760,765,500
6/6/2022,STAA,1080,1095,1065,1095,13585900
6/6/2022,STAR,136,136,136,136,300
6/6/2022,STTP,8350,8350,8350,8350,300
6/6/2022,SUGI,50,50,50,50,0
6/6/2022,SULI,82,83,77,81,34246600
6/6/2022,SUPR,41000,41000,41000,41000,200
6/6/2022,SURE,1870,1910,1870,1910,25600
6/6/2022,SWAT,89,92,88,90,8787700
6/6/2022,TALF,356,372,350,372,12400
6/6/2022,TAMA,54,59,53,53,21746400
6/6/2022,TAMA-W,15,16,13,14,4819400
6/6/2022,TAMU,50,50,50,50,1100
6/6/2022,TAPG,710,715,690,690,39820300
6/6/2022,TARA,50,50,50,50,10400
6/6/2022,TAXI,50,50,50,50,3200
6/6/2022,TAYS,198,200,195,196,298400
6/6/2022,TBIG,2790,2800,2750,2800,16915800
6/6/2022,TBLA,795,800,790,795,2140000
6/6/2022,TBMS,1800,1800,1755,1795,5900
6/6/2022,TCID,5050,5200,5000,5000,23400
6/6/2022,TCPI,11325,11625,11200,11300,6026900
6/6/2022,TDPM,119,119,119,119,0
6/6/2022,TEBE,975,1005,940,985,1115100
6/6/2022,TECH,5100,5200,4910,5175,2228200
6/6/2022,TELE,121,121,121,121,0
6/6/2022,TFAS,4700,4700,4650,4660,2800
6/6/2022,TFCO,675,755,675,755,11500
6/6/2022,TGKA,7250,7250,7200,7200,300
6/6/2022,TGRA,66,66,62,64,3194300
6/6/2022,TIFA,515,515,515,515,28100
6/6/2022,TINS,1945,1945,1895,1925,36035800
6/6/2022,TIRA,424,424,424,424,100
6/6/2022,TIRT,93,93,87,89,1228300
6/6/2022,TKIM,7150,7225,7025,7100,2746000
6/6/2022,TLDN,690,700,680,685,1153900
6/6/2022,TLKM,4310,4340,4270,4340,79319400
6/6/2022,TMAS,3030,3110,2860,3070,4705000
6/6/2022,TMPO,129,132,129,131,12000
6/6/2022,TNCA,675,685,650,655,826500
6/6/2022,TOBA,1020,1030,995,1000,6215100
6/6/2022,TOPS,50,50,50,50,1100
6/6/2022,TOTL,326,326,320,322,3650100
6/6/2022,TOTO,264,270,258,264,803600
6/6/2022,TOWR,975,985,970,985,21670600
6/6/2022,TOYS,140,141,135,137,8213400
6/6/2022,TOYS-W,16,16,14,14,3617500
6/6/2022,TPIA,10150,10200,10025,10075,2484500
6/6/2022,TPMA,486,515,482,492,15986100
6/6/2022,TRAM,50,50,50,50,0
6/6/2022,TRIL,50,50,50,50,0
6/6/2022,TRIM,286,288,274,284,1857800
6/6/2022,TRIN,486,505,464,496,12881300
6/6/2022,TRIN-W,120,127,115,117,2628100
6/6/2022,TRIO,426,426,426,426,0
6/6/2022,TRIS,180,230,176,206,22866000
6/6/2022,TRIS-W,6,6,6,6,0
6/6/2022,TRJA,220,228,218,222,8025500
6/6/2022,TRST,730,740,725,725,92100
6/6/2022,TRUE,71,71,71,71,55364600
6/6/2022,TRUE-W,17,17,16,17,10767000
6/6/2022,TRUK,142,152,142,147,5656700
6/6/2022,TRUS,404,410,378,378,11200
6/6/2022,TSPC,1450,1460,1450,1450,1502600
6/6/2022,TUGU,1330,1340,1330,1330,341600
6/6/2022,TURI,1560,1560,1560,1560,0
6/6/2022,UANG,710,715,710,710,3800
6/6/2022,UCID,1235,1235,1210,1220,1639400
6/6/2022,UFOE,1945,2080,1945,2020,5480300
6/6/2022,ULTJ,1505,1510,1500,1505,430300
6/6/2022,UNIC,14100,14100,13600,14000,6200
6/6/2022,UNIQ,71,71,65,67,3641800
6/6/2022,UNIT,316,316,316,316,0
6/6/2022,UNSP,116,119,114,115,691300
6/6/2022,UNTR,32600,32700,31825,32175,5678300
6/6/2022,UNVR,4720,4780,4700,4770,16170500
6/6/2022,URBN,322,326,314,324,281500
6/6/2022,UVCR,130,136,127,128,3221800
6/6/2022,UVCR-W,32,33,31,32,221100
6/6/2022,VICI,480,480,476,480,2187000
6/6/2022,VICO,155,155,151,151,10100
6/6/2022,VINS,160,160,158,159,7200
6/6/2022,VIVA,50,50,50,50,3100
6/6/2022,VOKS,180,180,169,170,57100
6/6/2022,VRNA,109,110,108,110,371600
6/6/2022,WAPO,120,122,115,120,164400
6/6/2022,WEGE,178,179,174,176,8085900
6/6/2022,WEHA,170,172,167,167,6789800
6/6/2022,WGSH,206,210,200,206,5912000
6/6/2022,WICO,378,378,370,370,3600
6/6/2022,WIFI,310,314,304,308,18090400
6/6/2022,WIFI-W,101,120,101,120,18700
6/6/2022,WIIM,525,535,520,525,5176700
6/6/2022,WIKA,950,960,920,945,19468600
6/6/2022,WINR,127,134,119,119,2270993400
6/6/2022,WINR-W,9,10,8,9,75332700
6/6/2022,WINS,186,206,185,204,85821900
6/6/2022,WIRG,855,865,805,810,59836200
6/6/2022,WIRG-W,530,535,496,500,2895100
6/6/2022,WMPP,124,129,120,124,33263200
6/6/2022,WMUU,144,147,142,145,23253100
6/6/2022,WOMF,252,272,250,260,2384600
6/6/2022,WOOD,690,705,660,660,19265400
6/6/2022,WOWS,50,51,50,50,25301100
6/6/2022,WSBP,95,95,95,95,0
6/6/2022,WSKT,565,575,555,570,48268800
6/6/2022,WTON,212,214,208,210,7485100
6/6/2022,XAFA,1345,1550,1251,1251,2200
6/6/2022,XAQA,1057,1057,1057,1057,0
6/6/2022,XBES,1235,1235,1235,1235,800
6/6/2022,XBID,587,587,587,587,100
6/6/2022,XBIG,592,592,572,572,9200
6/6/2022,XBIN,565,565,565,565,0
6/6/2022,XBLQ,537,537,531,531,700
6/6/2022,XBNI,1133,1133,1122,1122,45100
6/6/2022,XBSK,443,443,436,436,11400
6/6/2022,XCEG,99,99,98,98,600
6/6/2022,XCID,83,92,82,84,10100
6/6/2022,XCIS,98,104,92,97,6900
6/6/2022,XCLQ,112,112,109,110,6000
6/6/2022,XDIF,515,515,515,515,0
6/6/2022,XDSG,1034,1034,1034,1034,100
6/6/2022,XFES,139,139,139,139,0
6/6/2022,XIFE,115,115,110,112,101300
6/6/2022,XIHD,595,595,586,586,24400
6/6/2022,XIIC,1004,1004,1004,1004,0
6/6/2022,XIID,590,590,580,583,20700
6/6/2022,XIIF,550,550,533,543,1100
6/6/2022,XIIT,651,651,600,601,67800
6/6/2022,XIJI,678,678,670,670,12000
6/6/2022,XILV,126,126,125,125,80300
6/6/2022,XIML,269,276,269,276,9200
6/6/2022,XIPI,201,201,197,199,2900
6/6/2022,XISB,398,398,398,398,0
6/6/2022,XISC,766,766,753,759,9900
6/6/2022,XISI,350,350,347,347,500
6/6/2022,XISR,442,442,434,436,30800
6/6/2022,XKIV,573,573,573,573,100
6/6/2022,XKMS,1196,1196,1178,1181,8700
6/6/2022,XMIG,201,201,201,201,0
6/6/2022,XMJM,1001,1001,1001,1001,0
6/6/2022,XMTS,515,515,515,515,100
6/6/2022,XNVE,176,176,174,174,57100
6/6/2022,XPCR,997,997,997,997,100
6/6/2022,XPDV,584,584,584,584,100
6/6/2022,XPES,456,456,456,456,100
6/6/2022,XPFT,583,583,583,583,500
6/6/2022,XPID,575,575,575,575,1000
6/6/2022,XPLC,531,531,531,531,0
6/6/2022,XPLQ,542,542,542,542,0
6/6/2022,XPMI,1010,1010,1010,1010,0
6/6/2022,XPSG,423,423,423,423,1000
6/6/2022,XPTD,560,560,560,560,1000
6/6/2022,XSBC,117,117,117,117,3700
6/6/2022,XSMU,155,155,155,155,49600
6/6/2022,XSPI,750,750,750,750,0
6/6/2022,XSRI,202,202,202,202,0
6/6/2022,XSSI,75,85,74,83,395000
6/6/2022,XSSK,723,723,723,723,100
6/6/2022,YELO,90,115,90,115,525344300
6/6/2022,YPAS,675,675,640,665,2300
6/6/2022,YULE,2100,2100,1985,2090,2700
6/6/2022,ZBRA,585,585,580,585,224700
6/6/2022,ZINC,82,82,80,82,270419800
6/6/2022,ZONE,1355,1405,1335,1380,1706100
6/6/2022,ZYRX,476,482,476,478,226300
6/6/2022,ZYRX-W,61,64,60,63,241400
,,,,,,
,,,,,,
,,,,,,
,,,,,,
,,,,,,
,,,,,,
,,,,,,
,,,,,,
,,,,,,
,,,,,,
,,,,,,
,,,,,,
,,,,,,
,,,,,,
,,,,,,
,,,,,,
,,,,,,
