<date>,<ticker>,<open>,<high>,<low>,<close>,<volume>
3/2/2022,IHSG,6956.618,6973.358,6861.959,6868.402,370650162
3/2/2022,AALI,11825,12375,11800,12300,6080700
3/2/2022,ABBA,316,348,304,328,164111200
3/2/2022,ABDA,6600,6600,6600,6600,200
3/2/2022,ABMM,1890,1900,1775,1835,4576400
3/2/2022,ACES,1110,1110,1060,1060,36883600
3/2/2022,ACST,192,192,187,187,4641900
3/2/2022,ADCP,93,97,93,93,53220000
3/2/2022,ADES,3860,3900,3840,3870,74200
3/2/2022,ADHI,765,770,735,735,16724200
3/2/2022,ADMF,7925,8000,7875,7925,112700
3/2/2022,ADMG,190,193,184,186,949800
3/2/2022,ADMR,1300,1600,1260,1595,352063400
3/2/2022,ADRO,2690,2740,2550,2610,208447200
3/2/2022,AGAR,374,374,372,372,1300
3/2/2022,AGII,1490,1570,1490,1550,20490400
3/2/2022,AGRO,1450,1455,1350,1350,66072700
3/2/2022,AGRS,150,151,146,146,13000000
3/2/2022,AHAP,67,67,65,67,328900
3/2/2022,AIMS,358,410,334,344,3501700
3/2/2022,AISA,189,192,183,183,9074300
3/2/2022,AKKU,50,50,50,50,1300
3/2/2022,AKPI,1005,1005,935,995,58200
3/2/2022,AKRA,750,765,740,750,54995300
3/2/2022,AKSI,560,575,550,550,20400
3/2/2022,ALDO,1085,1160,1060,1160,12434100
3/2/2022,ALDO-W,246,252,220,250,169200
3/2/2022,ALKA,290,290,288,288,3400
3/2/2022,ALMI,282,300,282,290,3300
3/2/2022,ALTO,248,248,232,232,129100
3/2/2022,AMAG,368,380,364,370,111800
3/2/2022,AMAN,525,525,520,525,989500
3/2/2022,AMAR,348,354,342,342,23613100
3/2/2022,AMFG,5100,5200,4980,5000,99000
3/2/2022,AMIN,169,171,167,168,74200
3/2/2022,AMOR,1670,1700,1650,1655,15700
3/2/2022,AMRT,1085,1090,1075,1090,10903600
3/2/2022,ANDI,50,50,50,50,24500
3/2/2022,ANJT,1050,1165,1045,1075,2440900
3/2/2022,ANTM,2300,2340,2280,2290,152871500
3/2/2022,APEX,700,750,690,690,155600
3/2/2022,APIC,1165,1180,1155,1155,13323100
3/2/2022,APII,193,198,185,186,274800
3/2/2022,APLI,200,206,200,202,2100
3/2/2022,APLN,116,117,115,115,7154100
3/2/2022,ARCI,505,505,492,500,6756000
3/2/2022,ARGO,1540,1540,1540,1540,100
3/2/2022,ARII,248,248,246,246,131400
3/2/2022,ARKA,50,50,50,50,713400
3/2/2022,ARMY,50,50,50,50,0
3/2/2022,ARNA,880,880,850,870,1221000
3/2/2022,ARTA,1740,1755,1720,1720,7300
3/2/2022,ARTI,50,50,50,50,0
3/2/2022,ARTO,16400,16500,15450,15750,32623200
3/2/2022,ASBI,290,298,286,294,800
3/2/2022,ASDM,945,980,945,980,500
3/2/2022,ASGR,830,840,820,835,339400
3/2/2022,ASII,5650,5700,5500,5525,80565600
3/2/2022,ASJT,129,131,128,130,97800
3/2/2022,ASLC,268,270,260,260,16496800
3/2/2022,ASMI,206,206,192,196,233900
3/2/2022,ASPI,64,67,63,63,2022700
3/2/2022,ASPI-W,20,20,18,19,774600
3/2/2022,ASRI,152,153,149,149,10285800
3/2/2022,ASRM,1590,1590,1490,1580,12700
3/2/2022,ASSA,2540,2610,2490,2550,9191400
3/2/2022,ATAP,139,144,136,137,4090600
3/2/2022,ATIC,560,560,530,540,77900
3/2/2022,AUTO,1060,1070,1055,1060,1719500
3/2/2022,AVIA,815,815,800,805,34303900
3/2/2022,AYLS,268,302,254,300,83653000
3/2/2022,BABP,195,197,185,187,122495600
3/2/2022,BABP-W3,93,124,93,124,7600
3/2/2022,BABP-W4,141,169,141,169,2800
3/2/2022,BACA,214,216,204,206,14172800
3/2/2022,BACA-W2,95,95,95,95,100
3/2/2022,BAJA,272,272,246,258,2898600
3/2/2022,BALI,810,820,805,810,557300
3/2/2022,BANK,2270,2290,2250,2260,24253300
3/2/2022,BANK-W,2140,2140,1910,1910,4200
3/2/2022,BAPA,116,129,116,120,38537700
3/2/2022,BAPI,50,50,50,50,32900
3/2/2022,BAPI-W,7,8,6,7,8982800
3/2/2022,BATA,458,472,436,456,3300
3/2/2022,BAUT,125,141,125,125,737713000
3/2/2022,BAUT-W,19,20,18,18,46454100
3/2/2022,BAYU,1175,1175,1165,1165,1600
3/2/2022,BBCA,8225,8225,7975,7975,100301000
3/2/2022,BBHI,5600,5675,5450,5575,5512700
3/2/2022,BBKP,266,266,256,258,97955100
3/2/2022,BBLD,368,376,368,376,20300
3/2/2022,BBMD,2020,2020,2020,2020,0
3/2/2022,BBNI,7850,7900,7750,7775,39898000
3/2/2022,BBRI,4680,4690,4550,4560,186635200
3/2/2022,BBRM,54,54,51,51,5182100
3/2/2022,BBSI,5350,5350,5250,5350,12400
3/2/2022,BBSS,54,54,52,53,3315800
3/2/2022,BBTN,1740,1750,1715,1715,35395500
3/2/2022,BBYB,2320,2330,2200,2200,54888300
3/2/2022,BCAP,268,276,252,254,203881100
3/2/2022,BCIC,168,168,159,160,1843700
3/2/2022,BCIP,72,77,70,71,29760300
3/2/2022,BDMN,2410,2440,2380,2380,1081500
3/2/2022,BEBS,4580,4690,4260,4260,45218500
3/2/2022,BEEF,55,56,53,54,4136100
3/2/2022,BEKS,50,50,50,50,4179000
3/2/2022,BELL,80,81,77,78,419200
3/2/2022,BESS,600,600,560,565,228100
3/2/2022,BESS-W,450,540,412,470,26600
3/2/2022,BEST,107,107,105,105,9984200
3/2/2022,BFIN,1300,1305,1285,1285,24081800
3/2/2022,BGTG,208,212,198,204,90806400
3/2/2022,BHAT,1005,1005,990,995,1492000
3/2/2022,BHIT,58,59,56,56,244260200
3/2/2022,BIKA,218,224,216,218,16100
3/2/2022,BIMA,220,266,220,256,29257000
3/2/2022,BINA,3660,3660,3570,3570,1868800
3/2/2022,BINO,149,150,140,144,13536400
3/2/2022,BINO-W,32,32,28,30,9858200
3/2/2022,BIPI,51,52,50,51,1120864600
3/2/2022,BIPI-W,12,13,11,11,4361900
3/2/2022,BIPP,50,51,50,51,1769100
3/2/2022,BIRD,1390,1390,1345,1350,1348600
3/2/2022,BISI,1000,1040,990,990,1851200
3/2/2022,BJBR,1405,1415,1400,1415,12033700
3/2/2022,BJTM,775,775,765,770,8496600
3/2/2022,BKDP,95,95,92,93,4098800
3/2/2022,BKSL,53,53,50,52,308815100
3/2/2022,BKSW,156,157,150,151,3260500
3/2/2022,BLTA,50,50,50,50,26300
3/2/2022,BLTZ,2960,2960,2800,2940,1500
3/2/2022,BLUE,362,362,352,358,94700
3/2/2022,BMAS,1440,1445,1350,1350,90000
3/2/2022,BMHS,715,720,705,715,21492100
3/2/2022,BMRI,7650,7725,7550,7625,55412000
3/2/2022,BMSR,290,298,270,280,5665400
3/2/2022,BMTR,252,254,248,248,33745900
3/2/2022,BNBA,2870,2870,2700,2730,1956100
3/2/2022,BNBR,50,50,50,50,6100
3/2/2022,BNGA,1060,1065,1035,1050,13134100
3/2/2022,BNII,312,312,304,304,1836300
3/2/2022,BNLI,1385,1385,1370,1370,71000
3/2/2022,BOBA,222,222,210,214,2404400
3/2/2022,BOGA,1415,1415,1405,1405,90892600
3/2/2022,BOLA,440,500,440,478,33941200
3/2/2022,BOLT,925,1000,905,985,34800
3/2/2022,BOSS,82,85,76,76,77237300
3/2/2022,BPFI,650,655,630,640,309000
3/2/2022,BPII,7500,7500,7500,7500,0
3/2/2022,BPTR,358,400,322,324,16616500
3/2/2022,BRAM,11150,11150,10375,11125,2200
3/2/2022,BRIS,1795,1825,1740,1775,60775900
3/2/2022,BRMS,191,198,185,188,865761700
3/2/2022,BRNA,920,920,920,920,0
3/2/2022,BRPT,905,935,900,905,54866700
3/2/2022,BSDE,915,920,900,910,25710300
3/2/2022,BSIM,665,675,655,655,57000
3/2/2022,BSML,448,450,448,448,626900
3/2/2022,BSSR,2960,2980,2830,2880,2205700
3/2/2022,BSWD,1750,1750,1750,1750,0
3/2/2022,BTEK,50,50,50,50,1700
3/2/2022,BTEL,50,50,50,50,0
3/2/2022,BTON,374,380,372,380,704800
3/2/2022,BTPN,2630,2630,2600,2610,42000
3/2/2022,BTPS,3530,3580,3430,3430,2683900
3/2/2022,BUDI,169,169,167,167,1297700
3/2/2022,BUKA,358,360,334,340,294353500
3/2/2022,BUKK,1115,1125,1115,1125,5900
3/2/2022,BULL,112,118,110,114,75186100
3/2/2022,BULL-W2,37,68,37,51,130907500
3/2/2022,BUMI,50,56,50,52,15191745200
3/2/2022,BUVA,60,60,60,60,0
3/2/2022,BVIC,158,158,151,151,15402600
3/2/2022,BWPT,89,95,89,91,437515300
3/2/2022,BYAN,37925,39000,37925,38950,56700
3/2/2022,CAKK,86,90,85,86,7217400
3/2/2022,CAMP,268,272,268,270,314000
3/2/2022,CANI,150,157,138,138,2550800
3/2/2022,CARE,555,560,530,535,321046000
3/2/2022,CARS,50,50,50,50,3200
3/2/2022,CASA,555,555,545,545,1774200
3/2/2022,CASH,300,312,278,294,3601500
3/2/2022,CASS,354,364,354,360,22200
3/2/2022,CBMF,62,65,60,61,10448100
3/2/2022,CCSI,875,875,785,830,489600
3/2/2022,CEKA,1905,1920,1885,1900,37100
3/2/2022,CENT,193,196,184,186,18222600
3/2/2022,CFIN,252,252,246,248,2221700
3/2/2022,CINT,218,222,218,222,145300
3/2/2022,CITA,2790,2790,2750,2790,4800
3/2/2022,CITY,148,148,141,142,28900
3/2/2022,CLAY,950,950,890,890,8600
3/2/2022,CLEO,442,444,436,436,4492500
3/2/2022,CLPI,1010,1010,1005,1005,7500
3/2/2022,CMNP,2150,2150,2020,2140,101800
3/2/2022,CMNP-W,1075,1150,850,955,29800
3/2/2022,CMNT,1105,1105,1070,1075,46482900
3/2/2022,CMPP,498,500,464,472,14780300
3/2/2022,CMRY,3700,3700,3510,3580,930500
3/2/2022,CNKO,50,50,50,50,2000
3/2/2022,CNTB,250,250,250,250,0
3/2/2022,CNTX,274,280,260,274,69000
3/2/2022,COCO,268,268,256,262,960500
3/2/2022,COCO-W,125,200,100,200,500
3/2/2022,COWL,50,50,50,50,0
3/2/2022,CPIN,5725,5900,5700,5700,14308300
3/2/2022,CPRI,50,50,50,50,0
3/2/2022,CPRI-W,12,12,12,12,0
3/2/2022,CPRO,96,97,93,93,149574400
3/2/2022,CSAP,494,500,480,482,1232200
3/2/2022,CSIS,88,94,88,88,12947900
3/2/2022,CSMI,2520,2520,2520,2520,600
3/2/2022,CSRA,780,820,775,795,6314700
3/2/2022,CTBN,2610,2760,2610,2670,2200
3/2/2022,CTRA,910,925,900,910,26071200
3/2/2022,CTTH,50,50,50,50,419400
3/2/2022,DADA,50,50,50,50,200
3/2/2022,DADA-W,8,9,7,8,7219200
3/2/2022,DART,228,230,226,226,601700
3/2/2022,DAYA,276,284,266,270,120700
3/2/2022,DCII,44700,44700,44700,44700,200
3/2/2022,DEAL,50,50,50,50,1700
3/2/2022,DEFI,1455,1455,1455,1455,0
3/2/2022,DEPO,500,505,500,505,8443200
3/2/2022,DEWA,50,50,50,50,106400
3/2/2022,DFAM,416,438,412,426,936000
3/2/2022,DGIK,163,164,155,159,17336900
3/2/2022,DGNS,600,610,585,605,2402100
3/2/2022,DIGI,77,84,77,80,42331100
3/2/2022,DILD,144,144,142,143,2017500
3/2/2022,DIVA,1230,1250,1210,1215,149500
3/2/2022,DKFT,121,134,120,123,79384200
3/2/2022,DLTA,3770,3770,3700,3710,81700
3/2/2022,DMAS,191,192,190,190,16625000
3/2/2022,DMMX,1880,1890,1775,1775,3005300
3/2/2022,DMND,805,815,800,815,13800
3/2/2022,DNAR,268,270,260,260,2689700
3/2/2022,DNET,3220,3220,3200,3210,2000
3/2/2022,DOID,430,442,404,420,284143900
3/2/2022,DPNS,392,408,378,386,128300
3/2/2022,DPUM,50,50,50,50,0
3/2/2022,DRMA,615,665,605,645,34290500
3/2/2022,DSFI,101,111,99,104,148767400
3/2/2022,DSNG,675,745,665,740,46480300
3/2/2022,DSSA,46500,47200,46500,47200,700
3/2/2022,DUCK,176,176,176,176,0
3/2/2022,DUTI,3600,3600,3600,3600,0
3/2/2022,DVLA,2900,2920,2850,2920,25000
3/2/2022,DWGL,181,184,172,181,12200
3/2/2022,DWGL-W,19,22,19,21,1772900
3/2/2022,DYAN,70,72,70,70,1765800
3/2/2022,EAST,89,91,88,88,1376300
3/2/2022,EAST-W,8,9,7,8,4527200
3/2/2022,ECII,970,970,970,970,0
3/2/2022,EDGE,21150,21150,20775,21000,3800
3/2/2022,EKAD,1420,1430,1415,1425,102900
3/2/2022,ELSA,330,338,320,328,285584100
3/2/2022,ELTY,50,50,50,50,500
3/2/2022,EMDE,156,157,153,157,13100
3/2/2022,EMTK,2210,2240,2150,2190,58918300
3/2/2022,ENAK,765,800,730,785,2916200
3/2/2022,ENRG,177,183,172,178,337013000
3/2/2022,ENVY,50,50,50,50,0
3/2/2022,ENZO,50,50,50,50,129600
3/2/2022,ENZO-W,14,14,13,14,483000
3/2/2022,EPAC,50,50,50,50,112100
3/2/2022,EPMT,2730,2740,2720,2730,8500
3/2/2022,ERAA,555,570,545,550,61720100
3/2/2022,ERTX,198,199,193,193,34000
3/2/2022,ESIP,165,168,152,155,63310500
3/2/2022,ESSA,665,790,665,745,193497300
3/2/2022,ESTA,266,330,250,292,2200900
3/2/2022,ESTI,106,108,106,107,1977700
3/2/2022,ETWA,62,62,62,62,0
3/2/2022,EXCL,2870,2890,2770,2770,26674200
3/2/2022,FAPA,3380,3400,3370,3400,145700
3/2/2022,FAST,980,980,975,975,3100
3/2/2022,FASW,7375,7375,7375,7375,100
3/2/2022,FILM,1085,1090,1040,1065,4699500
3/2/2022,FIMP,57,58,57,58,780300
3/2/2022,FIMP-W,12,12,11,11,970200
3/2/2022,FIRE,354,390,354,366,6153500
3/2/2022,FISH,7500,8550,7500,7925,30300
3/2/2022,FITT,412,412,392,392,3036300
3/2/2022,FITT-W,398,398,398,398,0
3/2/2022,FLMC,81,90,81,90,508000
3/2/2022,FMII,378,378,378,378,100
3/2/2022,FOOD,118,126,118,125,120000
3/2/2022,FORU,468,486,436,480,13322900
3/2/2022,FORZ,50,50,50,50,0
3/2/2022,FPNI,458,460,446,448,11227500
3/2/2022,FREN,81,82,79,80,203473800
3/2/2022,FREN-W2,22,23,21,22,150734300
3/2/2022,FUJI,805,815,780,815,5900
3/2/2022,GAMA,50,50,50,50,22400
3/2/2022,GDST,102,102,95,96,6379500
3/2/2022,GDYR,1390,1400,1365,1365,30400
3/2/2022,GEMA,338,338,332,332,64800
3/2/2022,GEMS,5775,6050,5375,5375,185900
3/2/2022,GGRM,31400,32175,31375,32000,1283800
3/2/2022,GGRP,695,700,670,690,98500
3/2/2022,GHON,2000,2090,1995,2000,12400
3/2/2022,GIAA,222,222,222,222,0
3/2/2022,GJTL,645,645,630,630,1413900
3/2/2022,GLOB,238,248,234,234,102400
3/2/2022,GLVA,260,270,256,262,165900
3/2/2022,GMFI,68,70,68,68,371100
3/2/2022,GMTD,15600,15600,15600,15600,0
3/2/2022,GOLD,368,370,356,358,18700
3/2/2022,GOLL,50,50,50,50,0
3/2/2022,GOOD,515,620,515,570,22380800
3/2/2022,GPRA,80,85,80,81,6838100
3/2/2022,GPSO,119,119,109,112,1113600
3/2/2022,GPSO-W,20,20,18,20,510300
3/2/2022,GSMF,109,116,109,110,5310900
3/2/2022,GTBO,75,75,75,75,0
3/2/2022,GTSI,64,64,59,59,40325700
3/2/2022,GWSA,156,157,153,155,166700
3/2/2022,GZCO,165,176,157,158,493854200
3/2/2022,HADE,50,50,50,50,400
3/2/2022,HAIS,230,248,214,218,25959800
3/2/2022,HDFA,204,206,190,190,529800
3/2/2022,HDIT,214,214,206,212,108500
3/2/2022,HDTX,120,120,120,120,0
3/2/2022,HEAL,1075,1095,1065,1070,22568300
3/2/2022,HELI,276,280,274,278,3400
3/2/2022,HERO,1620,1620,1530,1585,16400
3/2/2022,HEXA,5050,5100,5025,5075,102000
3/2/2022,HITS,410,420,402,408,7300
3/2/2022,HKMU,50,50,50,50,2662300
3/2/2022,HMSP,965,975,960,970,14842300
3/2/2022,HOKI,161,162,156,159,7583000
3/2/2022,HOME,50,50,50,50,0
3/2/2022,HOMI,1420,1425,1395,1400,658500
3/2/2022,HOPE,73,73,70,71,1953900
3/2/2022,HOPE-W,15,15,14,14,1577300
3/2/2022,HOTL,50,50,50,50,10500
3/2/2022,HRME,52,53,50,53,3704300
3/2/2022,HRTA,212,214,210,212,3348800
3/2/2022,HRUM,12150,12200,11300,11600,11046000
3/2/2022,IATA,183,186,167,167,228400900
3/2/2022,IBFN,97,97,97,97,0
3/2/2022,IBST,7475,8600,7000,7725,2400
3/2/2022,ICBP,8100,8225,7900,7925,28428600
3/2/2022,ICON,87,87,84,84,1072700
3/2/2022,IDEA,72,72,69,71,555000
3/2/2022,IDPR,171,179,166,169,730200
3/2/2022,IFII,154,157,153,154,135300
3/2/2022,IFSH,1480,1520,1480,1485,5200
3/2/2022,IGAR,414,416,410,410,100500
3/2/2022,IIKP,50,50,50,50,0
3/2/2022,IKAI,50,50,50,50,2900
3/2/2022,IKAN,79,87,78,79,22762700
3/2/2022,IKBI,240,240,234,234,700
3/2/2022,IMAS,790,790,760,775,1075600
3/2/2022,IMJS,418,420,402,418,5517300
3/2/2022,IMPC,2830,2900,2810,2850,5617000
3/2/2022,INAF,1990,1990,1960,1965,235200
3/2/2022,INAI,296,304,296,304,15500
3/2/2022,INCF,74,76,70,72,23265600
3/2/2022,INCI,565,565,550,555,23200
3/2/2022,INCO,5325,5400,5250,5250,37484400
3/2/2022,INDF,6175,6250,6100,6200,14053900
3/2/2022,INDO,92,93,90,90,2858000
3/2/2022,INDO-W,14,14,13,13,19080600
3/2/2022,INDR,4760,4810,4750,4790,215000
3/2/2022,INDS,2180,2180,2140,2140,2400
3/2/2022,INDX,187,208,179,208,96759300
3/2/2022,INDY,2650,2920,2620,2700,151971100
3/2/2022,INKP,7875,7975,7675,7750,8647800
3/2/2022,INOV,232,232,226,230,5504300
3/2/2022,INPC,110,110,106,107,4837300
3/2/2022,INPP,545,545,525,525,9600
3/2/2022,INPS,1260,1260,1180,1190,1400
3/2/2022,INRU,630,630,610,625,64600
3/2/2022,INTA,59,60,58,60,105100
3/2/2022,INTD,220,222,220,220,16000
3/2/2022,INTP,10525,10575,10200,10200,11001000
3/2/2022,IPAC,113,124,110,124,11900
3/2/2022,IPCC,498,500,490,490,1269800
3/2/2022,IPCM,276,276,272,274,1364400
3/2/2022,IPOL,165,166,162,163,697800
3/2/2022,IPPE,580,660,525,600,352899300
3/2/2022,IPTV,124,126,116,116,131359400
3/2/2022,IRRA,1750,1780,1735,1760,8011800
3/2/2022,ISAT,5525,5525,5400,5400,5625800
3/2/2022,ISSP,402,418,402,414,27042300
3/2/2022,ITIC,300,300,292,298,909100
3/2/2022,ITMA,545,550,525,535,336800
3/2/2022,ITMA-W,90,93,89,92,29200
3/2/2022,ITMG,28525,29225,27925,28125,7478400
3/2/2022,JAST,167,170,161,163,11331800
3/2/2022,JAWA,220,242,210,212,34001300
3/2/2022,JAYA,163,163,155,156,3603300
3/2/2022,JAYA-W,39,45,32,36,2110500
3/2/2022,JECC,5200,5200,5200,5200,0
3/2/2022,JGLE,50,50,50,50,0
3/2/2022,JIHD,372,372,348,350,567400
3/2/2022,JKON,79,80,77,78,9294400
3/2/2022,JKSW,60,60,60,60,0
3/2/2022,JMAS,137,142,133,133,362300
3/2/2022,JPFA,1575,1625,1575,1600,30330000
3/2/2022,JRPT,500,500,490,498,1596200
3/2/2022,JSKY,95,95,90,91,8683600
3/2/2022,JSMR,3350,3390,3300,3380,4435700
3/2/2022,JSPT,760,760,760,760,0
3/2/2022,JTPE,910,920,910,920,73900
3/2/2022,KAEF,2120,2120,2070,2070,1233600
3/2/2022,KARW,187,195,181,182,8168400
3/2/2022,KAYU,50,50,50,50,0
3/2/2022,KBAG,50,50,50,50,910700
3/2/2022,KBAG-W,9,9,8,8,25635700
3/2/2022,KBLI,284,284,278,280,665700
3/2/2022,KBLM,210,210,202,208,20600
3/2/2022,KBLV,372,382,364,364,3630300
3/2/2022,KBRI,50,50,50,50,0
3/2/2022,KDSI,1010,1020,990,990,2900
3/2/2022,KEEN,484,486,470,476,1984100
3/2/2022,KEJU,1140,1145,1135,1145,41800
3/2/2022,KIAS,50,50,50,50,5300
3/2/2022,KICI,272,276,262,262,1214800
3/2/2022,KIJA,167,170,167,168,2149800
3/2/2022,KINO,3250,3300,3210,3210,937000
3/2/2022,KIOS,480,482,460,460,5429100
3/2/2022,KJEN,615,615,600,600,29900
3/2/2022,KKGI,402,420,398,406,2703500
3/2/2022,KLBF,1590,1630,1575,1600,63136800
3/2/2022,KMDS,444,448,444,444,2500
3/2/2022,KMTR,288,288,280,288,93700
3/2/2022,KOBX,284,284,274,276,1914900
3/2/2022,KOIN,155,155,153,155,1900
3/2/2022,KONI,2200,2210,2070,2070,27700
3/2/2022,KOPI,615,615,595,615,27400
3/2/2022,KOTA,50,50,50,50,953100
3/2/2022,KOTA-W,39,39,39,39,20500
3/2/2022,KPAL,50,50,50,50,0
3/2/2022,KPAS,62,62,62,62,0
3/2/2022,KPIG,110,111,102,102,261999100
3/2/2022,KRAH,436,436,436,436,0
3/2/2022,KRAS,362,366,356,358,7070200
3/2/2022,KREN,76,76,73,73,3293600
3/2/2022,KUAS,75,76,73,73,4432400
3/2/2022,KUAS-W,19,19,17,18,2090200
3/2/2022,LABA,125,126,121,121,1793300
3/2/2022,LABA-W,23,23,22,23,2980400
3/2/2022,LAND,63,67,63,65,3575600
3/2/2022,LAPD,50,50,50,50,0
3/2/2022,LCGP,114,114,114,114,0
3/2/2022,LCKM,286,288,284,284,700
3/2/2022,LEAD,52,53,51,51,20564200
3/2/2022,LFLO,104,111,100,101,3288200
3/2/2022,LFLO-W,8,10,7,8,69849300
3/2/2022,LIFE,6100,6100,6100,6100,0
3/2/2022,LINK,4350,4370,4310,4350,4583700
3/2/2022,LION,322,322,316,322,11900
3/2/2022,LMAS,58,58,54,54,36805100
3/2/2022,LMPI,192,193,192,192,251100
3/2/2022,LMSH,710,710,710,710,300
3/2/2022,LPCK,1260,1285,1260,1285,805800
3/2/2022,LPGI,8800,8800,8250,8250,1000
3/2/2022,LPIN,438,456,422,424,1580200
3/2/2022,LPKR,133,134,131,131,15410700
3/2/2022,LPLI,248,248,244,246,227500
3/2/2022,LPPF,4750,4750,4650,4700,3017400
3/2/2022,LPPS,101,101,98,99,250800
3/2/2022,LRNA,181,181,177,177,2100
3/2/2022,LSIP,1475,1540,1475,1515,69590200
3/2/2022,LTLS,700,700,690,690,20200
3/2/2022,LUCK,364,368,352,352,8691500
3/2/2022,LUCY,66,69,66,69,190400
3/2/2022,LUCY-W,21,24,21,21,8692000
3/2/2022,MABA,50,50,50,50,0
3/2/2022,MAGP,50,50,50,50,0
3/2/2022,MAIN,680,680,655,670,2508700
3/2/2022,MAMI,50,50,50,50,0
3/2/2022,MAMI-W,6,6,6,6,0
3/2/2022,MAMIP,600,600,600,600,0
3/2/2022,MAPA,2560,2560,2500,2500,117100
3/2/2022,MAPB,1585,1585,1585,1585,0
3/2/2022,MAPI,820,820,795,805,12976500
3/2/2022,MARI,338,352,316,326,38963000
3/2/2022,MARK,1125,1125,1050,1090,6667000
3/2/2022,MASA,4760,4760,4430,4680,16800
3/2/2022,MASB,3510,3520,3510,3510,37700
3/2/2022,MASB-W,362,362,318,350,68400
3/2/2022,MAYA,615,620,575,575,3235800
3/2/2022,MBAP,3920,3960,3900,3920,176100
3/2/2022,MBSS,900,1070,870,1000,9166900
3/2/2022,MBTO,118,118,114,117,31700
3/2/2022,MCAS,11875,12150,11825,11875,679400
3/2/2022,MCOL,3600,3700,3570,3600,2039200
3/2/2022,MCOR,100,100,98,99,7142100
3/2/2022,MDIA,50,50,50,50,1090000
3/2/2022,MDKA,3850,3980,3820,3900,94286900
3/2/2022,MDKI,202,204,200,202,332200
3/2/2022,MDLN,84,85,80,80,49761800
3/2/2022,MDRN,50,50,50,50,1700
3/2/2022,MEDC,640,660,620,655,303915800
3/2/2022,MEGA,10650,10700,10500,10600,61200
3/2/2022,MERK,3900,3950,3870,3870,27800
3/2/2022,META,108,108,106,107,546000
3/2/2022,MFIN,1110,1110,1075,1110,23900
3/2/2022,MFMI,885,900,880,895,2300
3/2/2022,MGLV,200,206,182,202,6000
3/2/2022,MGLV-W,15,16,14,15,1304200
3/2/2022,MGNA,50,50,50,50,0
3/2/2022,MGRO,925,940,900,910,4570600
3/2/2022,MICE,362,362,354,360,35800
3/2/2022,MIDI,2030,2060,2030,2030,400
3/2/2022,MIKA,2170,2220,2140,2170,15727400
3/2/2022,MINA,50,50,50,50,31100
3/2/2022,MIRA,50,50,50,50,2100
3/2/2022,MITI,236,236,224,226,6307300
3/2/2022,MKNT,50,50,50,50,0
3/2/2022,MKPI,24925,24925,24925,24925,0
3/2/2022,MLBI,8100,8175,8025,8100,164400
3/2/2022,MLIA,2230,2250,2120,2230,7415600
3/2/2022,MLPL,220,220,204,204,66421400
3/2/2022,MLPT,3930,3930,3680,3680,147900
3/2/2022,MMLP,500,510,492,510,8204800
3/2/2022,MNCN,880,885,855,860,22637600
3/2/2022,MOLI,384,398,380,384,27000
3/2/2022,MPMX,995,1025,985,1015,11102300
3/2/2022,MPOW,95,97,94,94,1222100
3/2/2022,MPPA,284,290,266,272,63629500
3/2/2022,MPRO,850,850,805,805,1000
3/2/2022,MRAT,220,224,216,218,539300
3/2/2022,MREI,3550,4500,3550,4470,8800
3/2/2022,MSIN,5625,5900,5500,5550,2639600
3/2/2022,MSKY,408,408,408,408,250700
3/2/2022,MTDL,650,655,640,650,7863800
3/2/2022,MTEL,790,790,770,780,22994700
3/2/2022,MTFN,50,50,50,50,100
3/2/2022,MTLA,338,340,338,340,9800
3/2/2022,MTPS,91,93,89,90,374700
3/2/2022,MTRA,244,244,244,244,0
3/2/2022,MTSM,290,302,286,300,21700
3/2/2022,MTWI,158,161,147,149,6872500
3/2/2022,MYOH,1775,1800,1775,1785,43100
3/2/2022,MYOR,1725,1735,1630,1640,18845400
3/2/2022,MYRX,50,50,50,50,0
3/2/2022,MYRXP,50,50,50,50,0
3/2/2022,MYTX,77,80,75,75,1173700
3/2/2022,NASA,50,50,50,50,62600
3/2/2022,NASI,314,326,294,310,7278000
3/2/2022,NATO,705,710,690,700,231444600
3/2/2022,NELY,296,296,282,286,1513000
3/2/2022,NETV,482,494,458,482,36251500
3/2/2022,NFCX,7000,7000,6675,6675,37800
3/2/2022,NICK,715,715,665,680,82200
3/2/2022,NICL,75,77,71,72,54551200
3/2/2022,NICL-W,10,11,9,9,23727700
3/2/2022,NIKL,950,975,935,940,469600
3/2/2022,NIPS,282,282,282,282,0
3/2/2022,NIRO,148,148,141,141,2400
3/2/2022,NISP,655,655,645,645,1231800
3/2/2022,NOBU,730,760,705,705,1620300
3/2/2022,NPGF,78,85,78,82,7464600
3/2/2022,NRCA,278,278,276,278,135700
3/2/2022,NTBK,78,81,78,78,80567900
3/2/2022,NTBK-W,17,17,16,17,17811200
3/2/2022,NUSA,50,50,50,50,0
3/2/2022,NZIA,135,171,135,171,7252100
3/2/2022,OASA,585,595,555,580,1526700
3/2/2022,OBMD,115,121,112,116,5274800
3/2/2022,OBMD-W,20,20,18,19,2147500
3/2/2022,OCAP,159,159,159,159,0
3/2/2022,OILS,254,264,248,250,7678400
3/2/2022,OILS-W,86,109,80,80,15885200
3/2/2022,OKAS,58,61,56,56,11424200
3/2/2022,OMRE,810,810,810,810,0
3/2/2022,OPMS,123,124,118,120,2093700
3/2/2022,PADI,50,50,50,50,400
3/2/2022,PALM,705,875,705,875,68443000
3/2/2022,PAMG,88,89,86,87,975600
3/2/2022,PANI,5625,5625,5250,5250,103900
3/2/2022,PANR,248,250,242,244,2689600
3/2/2022,PANS,1280,1280,1245,1255,175000
3/2/2022,PBID,1640,1650,1630,1640,478400
3/2/2022,PBRX,132,135,128,129,3785400
3/2/2022,PBSA,750,785,735,735,8300
3/2/2022,PCAR,220,220,206,206,893500
3/2/2022,PDES,270,272,268,270,717000
3/2/2022,PEGE,815,900,810,825,165500
3/2/2022,PEHA,1120,1120,1095,1110,54700
3/2/2022,PGAS,1495,1505,1465,1475,120576200
3/2/2022,PGJO,76,76,73,76,7300
3/2/2022,PGLI,348,370,344,354,78100
3/2/2022,PGUN,730,745,680,705,1835300
3/2/2022,PICO,82,83,79,79,71500
3/2/2022,PJAA,500,500,496,496,168800
3/2/2022,PKPK,202,204,193,195,23421600
3/2/2022,PLAN,32,32,31,32,1087700
3/2/2022,PLAN-W,10,10,8,9,513000
3/2/2022,PLAS,50,50,50,50,0
3/2/2022,PLIN,2180,2180,2060,2060,900
3/2/2022,PMJS,135,135,131,133,136500
3/2/2022,PMMP,462,468,456,460,9292300
3/2/2022,PNBN,805,810,790,805,5472600
3/2/2022,PNBS,68,69,66,66,17798600
3/2/2022,PNGO,1500,1500,1450,1465,15100
3/2/2022,PNIN,715,715,695,705,877200
3/2/2022,PNLF,170,171,168,169,31679100
3/2/2022,PNSE,675,675,675,675,100
3/2/2022,POLA,103,106,98,98,1175800
3/2/2022,POLA-W,58,58,52,52,30600
3/2/2022,POLI,1315,1315,1225,1290,9000
3/2/2022,POLL,675,725,675,710,12187800
3/2/2022,POLU,550,620,540,585,107700
3/2/2022,POLY,90,107,90,94,273263600
3/2/2022,POOL,50,50,50,50,0
3/2/2022,PORT,575,575,555,570,11600
3/2/2022,POSA,50,50,50,50,0
3/2/2022,POWR,625,630,620,625,5099700
3/2/2022,PPGL,121,128,120,122,1094400
3/2/2022,PPGL-W,12,13,12,12,3769900
3/2/2022,PPRE,161,162,155,156,6766000
3/2/2022,PPRO,54,54,53,54,10334500
3/2/2022,PRAS,272,296,250,250,42676400
3/2/2022,PRDA,7850,7950,7725,7850,477300
3/2/2022,PRIM,364,372,354,356,1457200
3/2/2022,PSAB,138,144,137,141,12987900
3/2/2022,PSDN,175,175,163,163,304100
3/2/2022,PSGO,193,195,187,189,11829200
3/2/2022,PSKT,103,108,98,103,172663000
3/2/2022,PSSI,416,432,416,430,5456900
3/2/2022,PTBA,3260,3290,3220,3250,48840200
3/2/2022,PTDU,135,138,121,121,7851200
3/2/2022,PTIS,292,300,292,300,5300
3/2/2022,PTPP,950,960,930,940,24341900
3/2/2022,PTPW,770,775,765,770,193800
3/2/2022,PTRO,2760,2840,2740,2750,5245000
3/2/2022,PTSN,220,222,218,220,1134800
3/2/2022,PTSP,5600,5600,5600,5600,2000
3/2/2022,PUDP,330,330,322,322,1800
3/2/2022,PURA,50,50,50,50,3096900
3/2/2022,PURA-W,14,14,12,14,1685200
3/2/2022,PURE,76,76,73,75,5529100
3/2/2022,PURI,386,386,372,372,400
3/2/2022,PWON,446,460,444,460,30195600
3/2/2022,PYFA,995,1010,980,1010,134700
3/2/2022,PZZA,660,685,655,665,88800
3/2/2022,R-ABFII,28600,28600,28600,28600,0
3/2/2022,R-LQ45X,1068,1068,1050,1050,25700
3/2/2022,RAJA,202,212,199,204,54844400
3/2/2022,RALS,635,640,630,630,910500
3/2/2022,RANC,1440,1440,1340,1340,138100
3/2/2022,RBMS,70,71,66,66,27462700
3/2/2022,RDTX,7000,7000,7000,7000,0
3/2/2022,REAL,53,53,50,52,69655300
3/2/2022,RELI,456,474,454,470,1900
3/2/2022,RICY,77,77,76,77,801300
3/2/2022,RIGS,324,338,324,336,78800
3/2/2022,RIMO,50,50,50,50,0
3/2/2022,RISE,316,318,312,314,234900
3/2/2022,RMBA,306,306,306,306,0
3/2/2022,RMKE,392,426,386,426,61488400
3/2/2022,ROCK,630,630,630,630,100
3/2/2022,RODA,86,86,84,86,974900
3/2/2022,RONY,800,800,800,800,0
3/2/2022,ROTI,1315,1320,1310,1310,3555400
3/2/2022,RSGK,1500,1530,1500,1530,18900
3/2/2022,RUIS,206,214,206,212,310200
3/2/2022,RUNS,193,193,189,189,362400
3/2/2022,SAFE,212,212,190,202,1026400
3/2/2022,SAME,344,352,340,348,16509700
3/2/2022,SAMF,620,650,605,625,1239000
3/2/2022,SAPX,1275,1280,1275,1280,102700
3/2/2022,SATU,97,98,96,98,2786600
3/2/2022,SBAT,50,50,50,50,2200
3/2/2022,SBAT-W,7,8,7,8,6075500
3/2/2022,SBAT-W2,13,14,13,13,249300
3/2/2022,SBMA,356,356,334,334,840600
3/2/2022,SBMA-W,103,103,90,90,284200
3/2/2022,SCCO,10125,10200,10125,10200,1100
3/2/2022,SCMA,264,266,252,256,145758900
3/2/2022,SCNP,200,200,196,196,296500
3/2/2022,SCPI,29000,29000,29000,29000,0
3/2/2022,SDMU,55,55,50,53,10580500
3/2/2022,SDPC,131,131,122,122,2252500
3/2/2022,SDRA,570,570,555,560,45900
3/2/2022,SEMA,286,288,272,278,15293200
3/2/2022,SEMA-W,67,69,64,66,5269100
3/2/2022,SFAN,1515,1515,1510,1515,255800
3/2/2022,SGER,1470,1555,1415,1545,18318500
3/2/2022,SGER-W,1220,1220,1220,1220,0
3/2/2022,SGRO,2210,2250,2180,2210,408500
3/2/2022,SHID,2680,2680,2680,2680,0
3/2/2022,SHIP,1060,1075,1000,1015,673000
3/2/2022,SIDO,970,980,965,965,9735000
3/2/2022,SILO,7600,7750,7500,7500,430600
3/2/2022,SIMA,50,50,50,50,0
3/2/2022,SIMP,505,545,505,530,37213700
3/2/2022,SINI,244,244,230,242,1300
3/2/2022,SINI-W,154,154,131,131,1700
3/2/2022,SIPD,1615,1615,1610,1610,3600
3/2/2022,SKBM,354,354,354,354,2100
3/2/2022,SKLT,3120,3120,2910,2910,4300
3/2/2022,SKRN,810,835,805,805,2744400
3/2/2022,SKYB,51,51,51,51,0
3/2/2022,SLIS,865,870,805,805,11792000
3/2/2022,SMAR,4570,4680,4530,4530,96800
3/2/2022,SMBR,555,555,540,540,1353600
3/2/2022,SMCB,1765,1780,1755,1760,1268500
3/2/2022,SMDM,164,166,160,164,166600
3/2/2022,SMDR,1335,1355,1295,1325,11999300
3/2/2022,SMGR,7100,7100,6675,6725,28411900
3/2/2022,SMKL,410,418,394,400,223000
3/2/2022,SMKL-W,57,59,55,56,382700
3/2/2022,SMMA,12050,12050,12050,12050,0
3/2/2022,SMMT,510,625,492,615,263955500
3/2/2022,SMRA,700,700,685,690,28027300
3/2/2022,SMRU,50,50,50,50,0
3/2/2022,SMSM,1315,1330,1310,1315,354800
3/2/2022,SNLK,515,550,515,515,3667600
3/2/2022,SOCI,208,210,199,199,10877200
3/2/2022,SOFA,38,39,37,38,729100
3/2/2022,SOHO,6525,6775,6525,6525,1400
3/2/2022,SONA,4050,4050,4050,4050,100
3/2/2022,SOSS,396,396,386,394,2700
3/2/2022,SOSS-W,40,79,39,47,3334800
3/2/2022,SOTS,264,290,246,262,6800
3/2/2022,SOTS-W,54,70,50,53,280000
3/2/2022,SPMA,715,725,700,715,943300
3/2/2022,SPTO,570,570,535,545,1453400
3/2/2022,SQMI,78,84,77,77,95797400
3/2/2022,SRAJ,280,284,276,278,600900
3/2/2022,SRIL,146,146,146,146,0
3/2/2022,SRSN,60,61,59,60,13757400
3/2/2022,SRTG,2740,2910,2720,2880,28912100
3/2/2022,SSIA,336,340,336,338,1055700
3/2/2022,SSMS,1150,1180,1135,1150,13336600
3/2/2022,SSTM,800,800,800,800,5700
3/2/2022,STAR,145,146,140,146,9300
3/2/2022,STTP,8000,8000,7900,7900,500
3/2/2022,SUGI,50,50,50,50,0
3/2/2022,SULI,50,50,50,50,500
3/2/2022,SUPR,70975,70975,70975,70975,0
3/2/2022,SURE,1900,1900,1900,1900,0
3/2/2022,SWAT,124,133,124,125,8831100
3/2/2022,TALF,302,304,298,298,4900
3/2/2022,TAMA,58,62,58,61,15664000
3/2/2022,TAMA-W,18,19,15,15,10249100
3/2/2022,TAMU,50,50,50,50,500
3/2/2022,TAPG,765,860,760,820,155362700
3/2/2022,TARA,50,50,50,50,4600
3/2/2022,TAXI,50,50,50,50,0
3/2/2022,TAYS,189,189,186,186,1170400
3/2/2022,TBIG,2920,2970,2890,2920,30498500
3/2/2022,TBLA,820,850,820,835,6230100
3/2/2022,TBMS,1760,1760,1660,1760,1100
3/2/2022,TCID,5125,5200,5000,5200,10000
3/2/2022,TCPI,9125,9125,8650,8850,5450400
3/2/2022,TDPM,119,119,119,119,0
3/2/2022,TEBE,685,730,685,720,943000
3/2/2022,TECH,3470,3570,3410,3530,1565900
3/2/2022,TELE,121,121,121,121,0
3/2/2022,TFAS,4330,4330,4110,4190,58300
3/2/2022,TFCO,670,670,670,670,0
3/2/2022,TGKA,7050,7075,7050,7075,400
3/2/2022,TGRA,76,77,73,75,6660400
3/2/2022,TIFA,575,575,560,575,6100
3/2/2022,TINS,1615,1670,1590,1590,82305900
3/2/2022,TIRA,422,422,422,422,14500
3/2/2022,TIRT,103,106,101,101,4540100
3/2/2022,TKIM,7275,7325,7025,7050,3698100
3/2/2022,TLKM,4400,4400,4270,4290,152165300
3/2/2022,TMAS,1760,1760,1665,1680,2304700
3/2/2022,TMPO,133,150,130,131,2390200
3/2/2022,TNCA,1320,1335,1230,1260,6404700
3/2/2022,TOBA,1360,1415,1300,1340,24483300
3/2/2022,TOPS,50,50,50,50,1048000
3/2/2022,TOTL,302,304,298,300,943000
3/2/2022,TOTO,206,206,204,204,74100
3/2/2022,TOWR,1020,1030,1010,1015,62663000
3/2/2022,TOYS,197,200,196,196,13541100
3/2/2022,TOYS-W,20,21,19,20,5615400
3/2/2022,TPIA,9250,9325,9075,9075,3021400
3/2/2022,TPMA,370,372,360,362,1292600
3/2/2022,TRAM,50,50,50,50,0
3/2/2022,TRIL,50,50,50,50,0
3/2/2022,TRIM,382,390,366,372,99094300
3/2/2022,TRIN,525,535,484,484,21475700
3/2/2022,TRIN-W,130,143,103,103,11927500
3/2/2022,TRIO,426,426,426,426,0
3/2/2022,TRIS,180,184,173,178,125100
3/2/2022,TRIS-W,6,6,6,6,0
3/2/2022,TRJA,414,420,408,410,6529900
3/2/2022,TRST,550,600,545,550,131800
3/2/2022,TRUE,100,101,99,99,4167500
3/2/2022,TRUE-W,19,19,18,19,10538500
3/2/2022,TRUK,220,232,216,216,63701800
3/2/2022,TRUS,422,430,422,424,12400
3/2/2022,TSPC,1480,1480,1450,1480,1059000
3/2/2022,TUGU,1560,1560,1545,1555,373300
3/2/2022,TURI,1325,1325,1280,1300,633100
3/2/2022,UANG,785,785,785,785,100
3/2/2022,UCID,1490,1500,1470,1470,77900
3/2/2022,UFOE,1275,1320,1250,1295,2269400
3/2/2022,ULTJ,1525,1540,1510,1530,476200
3/2/2022,UNIC,12250,12250,12250,12250,1200
3/2/2022,UNIQ,86,86,83,84,717400
3/2/2022,UNIT,316,316,316,316,0
3/2/2022,UNSP,115,125,115,119,993200
3/2/2022,UNTR,25200,26250,25175,25525,10213100
3/2/2022,UNVR,3680,3810,3650,3660,37310800
3/2/2022,URBN,500,500,494,500,64300
3/2/2022,UVCR,230,236,208,208,12557700
3/2/2022,UVCR-W,56,60,51,53,4506100
3/2/2022,VICI,498,500,496,500,3043400
3/2/2022,VICO,153,153,149,149,86200
3/2/2022,VINS,162,162,158,158,64700
3/2/2022,VIVA,50,50,50,50,337600
3/2/2022,VOKS,179,180,178,179,27700
3/2/2022,VRNA,116,121,114,120,1746200
3/2/2022,WAPO,134,136,129,131,24000
3/2/2022,WEGE,176,177,170,171,8858700
3/2/2022,WEHA,175,178,168,169,2971700
3/2/2022,WGSH,195,195,183,183,6237600
3/2/2022,WICO,410,410,410,410,0
3/2/2022,WIFI,500,525,498,525,1142100
3/2/2022,WIFI-W,152,176,107,176,31800
3/2/2022,WIIM,444,448,436,440,1744100
3/2/2022,WIKA,1010,1020,995,1000,28589100
3/2/2022,WINS,172,180,166,171,13398600
3/2/2022,WMPP,132,137,130,132,19570000
3/2/2022,WMUU,143,145,138,139,12805300
3/2/2022,WOMF,234,238,232,232,396100
3/2/2022,WOOD,720,730,705,720,15112200
3/2/2022,WOWS,50,50,50,50,734700
3/2/2022,WSBP,95,95,95,95,0
3/2/2022,WSKT,565,570,555,560,55518100
3/2/2022,WTON,216,218,212,212,4618900
3/2/2022,XAFA,1059,1059,1059,1059,0
3/2/2022,XAQA,948,948,948,948,0
3/2/2022,XBES,1024,1036,1017,1017,3900
3/2/2022,XBID,547,547,547,547,0
3/2/2022,XBIG,552,552,552,552,1100
3/2/2022,XBIN,514,514,514,514,0
3/2/2022,XBLQ,479,479,479,479,0
3/2/2022,XBNI,1106,1106,1097,1097,9400
3/2/2022,XBSK,410,410,410,410,0
3/2/2022,XCID,86,86,83,86,96000
3/2/2022,XCIS,105,105,105,105,0
3/2/2022,XCLQ,103,104,103,104,6200
3/2/2022,XDIF,478,478,478,478,100
3/2/2022,XDSG,1034,1034,1034,1034,0
3/2/2022,XFES,139,139,139,139,0
3/2/2022,XIFE,105,105,105,105,0
3/2/2022,XIHD,539,539,531,531,30500
3/2/2022,XIIC,976,976,976,976,2500
3/2/2022,XIID,555,555,546,546,7100
3/2/2022,XIIF,540,540,525,535,3100
3/2/2022,XIIT,568,568,560,565,22400
3/2/2022,XIJI,625,625,619,619,28000
3/2/2022,XILV,119,119,119,119,500
3/2/2022,XIML,281,281,281,281,0
3/2/2022,XIPI,195,195,193,193,71500
3/2/2022,XISB,398,398,398,398,0
3/2/2022,XISC,700,700,690,700,1843100
3/2/2022,XISI,338,338,334,334,6600
3/2/2022,XISR,409,409,402,402,11800
3/2/2022,XKIV,478,478,478,478,0
3/2/2022,XKMS,1150,1150,1147,1147,200
3/2/2022,XMIG,192,192,192,192,0
3/2/2022,XMJM,1001,1001,1001,1001,0
3/2/2022,XMTS,450,450,450,450,0
3/2/2022,XNVE,149,151,149,149,37700
3/2/2022,XPCR,906,906,906,906,0
3/2/2022,XPDV,517,517,517,517,1000
3/2/2022,XPES,404,404,404,404,1800
3/2/2022,XPFT,560,560,560,560,300
3/2/2022,XPID,546,546,538,538,200
3/2/2022,XPLC,470,470,470,470,0
3/2/2022,XPLQ,476,476,476,476,0
3/2/2022,XPMI,1010,1010,1010,1010,0
3/2/2022,XPSG,400,400,400,400,0
3/2/2022,XPTD,500,500,500,500,0
3/2/2022,XSBC,108,108,107,107,21900
3/2/2022,XSMU,150,150,144,144,700
3/2/2022,XSPI,750,750,750,750,0
3/2/2022,XSRI,193,193,193,193,200
3/2/2022,XSSI,113,133,101,133,573100
3/2/2022,XSSK,675,675,675,675,0
3/2/2022,YELO,130,132,123,124,45241300
3/2/2022,YPAS,480,540,480,540,6700
3/2/2022,YULE,2000,2010,2000,2010,32500
3/2/2022,ZBRA,695,695,675,690,277400
3/2/2022,ZINC,92,93,90,93,579248100
3/2/2022,ZONE,530,545,525,545,241000
3/2/2022,ZYRX,615,620,595,595,3871400
3/2/2022,ZYRX-W,102,108,99,103,1002800
