<date>,<ticker>,<open>,<high>,<low>,<close>,<volume>
4/11/2022,IHSG,7212.003,7355.3,7194.608,7203.794,451225661
4/11/2022,AALI,12800,12800,12550,12675,1658100
4/11/2022,ABBA,274,274,256,256,28066400
4/11/2022,ABDA,6275,6275,5975,5975,1600
4/11/2022,ABMM,2050,2280,2050,2240,8772400
4/11/2022,ACES,1085,1100,1050,1065,26486600
4/11/2022,ACST,190,192,184,185,4840700
4/11/2022,ADCP,88,88,83,83,59166400
4/11/2022,ADES,3700,3730,3680,3710,97700
4/11/2022,ADHI,715,715,690,700,7540300
4/11/2022,ADMF,8250,8300,7925,7975,1093900
4/11/2022,ADMG,186,188,182,182,668800
4/11/2022,ADMR,2820,2840,2600,2600,217783300
4/11/2022,ADRO,3160,3210,3100,3140,131718000
4/11/2022,AGAR,370,370,346,352,24700
4/11/2022,AGII,1890,2140,1880,1970,37494700
4/11/2022,AGRO,1115,1125,1060,1060,25856300
4/11/2022,AGRS,139,140,133,133,26637300
4/11/2022,AHAP,67,67,65,65,4304900
4/11/2022,AIMS,278,280,272,280,66800
4/11/2022,AISA,180,182,175,177,6095600
4/11/2022,AKKU,50,50,50,50,25745200
4/11/2022,AKPI,970,995,950,965,29800
4/11/2022,AKRA,920,955,920,920,45709700
4/11/2022,AKSI,458,470,456,456,42900
4/11/2022,ALDO,1010,1025,1000,1000,4308800
4/11/2022,ALDO-W,199,199,190,199,14100
4/11/2022,ALKA,288,292,282,282,55300
4/11/2022,ALMI,282,300,272,300,1500
4/11/2022,ALTO,212,214,210,210,28100
4/11/2022,AMAG,388,390,384,386,139700
4/11/2022,AMAN,520,525,520,520,247200
4/11/2022,AMAR,404,408,380,386,28550200
4/11/2022,AMFG,5950,6050,5700,6000,192700
4/11/2022,AMIN,162,162,151,155,892800
4/11/2022,AMOR,1550,1550,1515,1515,23200
4/11/2022,AMRT,1695,1700,1630,1675,72463300
4/11/2022,ANDI,50,50,50,50,1156700
4/11/2022,ANJT,1005,1010,980,1000,1236300
4/11/2022,ANTM,2800,2810,2630,2630,163864600
4/11/2022,APEX,565,575,530,530,1455400
4/11/2022,APIC,1095,1115,1090,1100,15594300
4/11/2022,APII,185,185,183,184,101300
4/11/2022,APLI,206,206,195,204,100700
4/11/2022,APLN,117,117,113,113,12317200
4/11/2022,ARCI,480,480,472,472,5130000
4/11/2022,ARGO,1225,1225,1225,1225,0
4/11/2022,ARII,242,248,242,246,32100
4/11/2022,ARKA,50,50,50,50,4182000
4/11/2022,ARMY,50,50,50,50,0
4/11/2022,ARNA,920,940,920,925,4630500
4/11/2022,ARTA,1860,1860,1820,1830,5800
4/11/2022,ARTI,50,50,50,50,0
4/11/2022,ARTO,13850,13850,13050,13050,8726400
4/11/2022,ASBI,290,298,286,296,15800
4/11/2022,ASDM,990,1000,985,985,4700
4/11/2022,ASGR,980,1010,980,1000,2162700
4/11/2022,ASII,6975,7000,6750,6850,51481700
4/11/2022,ASJT,131,131,128,128,81700
4/11/2022,ASLC,232,232,212,212,45706400
4/11/2022,ASMI,174,174,171,173,41800
4/11/2022,ASPI,74,75,71,73,396500
4/11/2022,ASPI-W,14,15,13,14,1434200
4/11/2022,ASRI,168,170,158,159,53638900
4/11/2022,ASRM,1635,1635,1630,1630,400
4/11/2022,ASSA,2380,2430,2260,2280,11072100
4/11/2022,ATAP,140,140,126,127,2098100
4/11/2022,ATIC,500,500,480,496,408800
4/11/2022,AUTO,1165,1200,1165,1170,9947500
4/11/2022,AVIA,785,785,760,765,25499900
4/11/2022,AYLS,328,330,306,306,15823000
4/11/2022,BABP,177,180,171,172,109824900
4/11/2022,BABP-W3,110,110,110,110,1300
4/11/2022,BABP-W4,147,147,140,144,45700
4/11/2022,BACA,198,199,191,193,22107900
4/11/2022,BACA-W2,99,99,99,99,0
4/11/2022,BAJA,270,272,252,254,4786500
4/11/2022,BALI,800,800,785,790,130200
4/11/2022,BANK,2280,2300,2130,2150,31677000
4/11/2022,BANK-W,1970,1970,1970,1970,0
4/11/2022,BAPA,110,123,109,111,92505500
4/11/2022,BAPI,50,50,50,50,29800
4/11/2022,BAPI-W,7,7,6,6,12257800
4/11/2022,BATA,466,466,450,460,3400
4/11/2022,BAUT,75,78,70,71,102508900
4/11/2022,BAUT-W,14,14,13,13,61685200
4/11/2022,BAYU,1155,1165,1115,1160,800
4/11/2022,BBCA,7825,7875,7725,7725,62776200
4/11/2022,BBHI,6000,6000,5700,5700,9784000
4/11/2022,BBKP,232,236,226,226,111213000
4/11/2022,BBLD,394,394,394,394,203200
4/11/2022,BBMD,2100,2250,2100,2110,17800
4/11/2022,BBNI,8500,8500,8350,8400,35747700
4/11/2022,BBRI,4600,4620,4570,4570,109861100
4/11/2022,BBRM,50,50,50,50,1051000
4/11/2022,BBSI,5575,5575,5400,5500,26100
4/11/2022,BBSS,52,53,51,51,5567300
4/11/2022,BBTN,1645,1655,1620,1620,22455700
4/11/2022,BBYB,1860,1915,1810,1840,60942400
4/11/2022,BCAP,296,320,292,300,608014800
4/11/2022,BCIC,151,153,144,147,2179600
4/11/2022,BCIP,67,68,66,66,2461500
4/11/2022,BDMN,2360,2360,2310,2310,1951700
4/11/2022,BEBS,4500,4720,4400,4500,46013600
4/11/2022,BEEF,58,58,55,56,1884200
4/11/2022,BEKS,50,50,50,50,1917400
4/11/2022,BELL,70,71,66,68,30687000
4/11/2022,BESS,500,520,464,498,480200
4/11/2022,BESS-W,436,436,344,382,17700
4/11/2022,BEST,106,108,105,105,13946500
4/11/2022,BFIN,1340,1340,1285,1310,44263000
4/11/2022,BGTG,194,194,182,182,56812800
4/11/2022,BHAT,995,1005,995,1005,1281300
4/11/2022,BHIT,57,63,57,60,1107043100
4/11/2022,BIKA,270,270,270,270,114400
4/11/2022,BIKE,176,182,175,177,25871500
4/11/2022,BIKE-W,23,25,22,22,17836900
4/11/2022,BIMA,216,216,202,206,1837200
4/11/2022,BINA,3450,3500,3370,3380,373100
4/11/2022,BINO,136,137,134,135,3920300
4/11/2022,BINO-W,25,26,24,25,2181500
4/11/2022,BIPI,117,122,112,114,918170400
4/11/2022,BIPI-W,21,24,20,22,115259100
4/11/2022,BIPP,53,53,52,52,53800
4/11/2022,BIRD,1355,1360,1325,1340,1428000
4/11/2022,BISI,1470,1500,1440,1440,2042000
4/11/2022,BJBR,1450,1450,1420,1420,24314700
4/11/2022,BJTM,780,800,760,760,7751500
4/11/2022,BKDP,91,92,89,90,3426900
4/11/2022,BKSL,52,53,52,53,48637700
4/11/2022,BKSW,148,149,142,144,3481900
4/11/2022,BLTA,50,50,50,50,16000
4/11/2022,BLTZ,2750,2750,2700,2700,200
4/11/2022,BLUE,280,280,272,272,435400
4/11/2022,BMAS,1385,1425,1360,1360,58800
4/11/2022,BMHS,720,730,695,725,22498200
4/11/2022,BMRI,7700,7750,7650,7675,53983200
4/11/2022,BMSR,250,258,244,246,449500
4/11/2022,BMTR,258,262,252,258,27147500
4/11/2022,BNBA,2830,3020,2780,2830,7441700
4/11/2022,BNBR,50,50,50,50,59536000
4/11/2022,BNGA,1145,1150,1110,1110,29463200
4/11/2022,BNII,296,300,292,292,1521800
4/11/2022,BNLI,1300,1300,1270,1285,106600
4/11/2022,BOBA,204,206,202,206,559700
4/11/2022,BOGA,1395,1415,1390,1400,115415200
4/11/2022,BOLA,424,424,406,406,8351200
4/11/2022,BOLT,1065,1095,990,995,2500
4/11/2022,BOSS,93,96,92,92,50895000
4/11/2022,BPFI,685,700,675,690,79600
4/11/2022,BPII,7300,7600,7300,7600,61000
4/11/2022,BPTR,264,270,260,262,986300
4/11/2022,BRAM,11600,11700,11150,11600,5300
4/11/2022,BRIS,1525,1535,1500,1515,17119500
4/11/2022,BRMS,244,248,228,228,1176522100
4/11/2022,BRNA,905,930,900,930,1100
4/11/2022,BRPT,890,890,865,870,25369700
4/11/2022,BSDE,975,975,940,940,51491800
4/11/2022,BSIM,620,620,610,615,84500
4/11/2022,BSML,960,1185,955,1160,45420200
4/11/2022,BSSR,4350,4540,4320,4350,3012400
4/11/2022,BSWD,1750,1750,1750,1750,0
4/11/2022,BTEK,50,50,50,50,600
4/11/2022,BTEL,50,50,50,50,0
4/11/2022,BTON,348,356,340,356,43300
4/11/2022,BTPN,2590,2600,2500,2580,165600
4/11/2022,BTPS,3230,3230,3100,3130,2532300
4/11/2022,BUDI,228,232,216,226,15753300
4/11/2022,BUKA,348,358,326,328,431157300
4/11/2022,BUKK,1115,1115,1105,1105,400
4/11/2022,BULL,169,183,163,163,294092300
4/11/2022,BULL-W2,47,62,47,50,35718800
4/11/2022,BUMI,66,70,65,66,2755676400
4/11/2022,BUVA,60,60,60,60,0
4/11/2022,BVIC,182,182,168,169,80766500
4/11/2022,BWPT,82,82,79,80,29170300
4/11/2022,BYAN,43850,44400,43800,43975,28400
4/11/2022,CAKK,91,91,90,90,3392000
4/11/2022,CAMP,274,278,268,272,458100
4/11/2022,CANI,142,148,137,140,2386100
4/11/2022,CARE,585,595,575,585,326336700
4/11/2022,CARS,50,50,50,50,28400
4/11/2022,CASA,580,590,580,585,1828700
4/11/2022,CASH,196,197,185,185,3837100
4/11/2022,CASS,340,364,338,346,167900
4/11/2022,CBMF,63,63,59,60,14467000
4/11/2022,CCSI,785,800,760,760,412800
4/11/2022,CEKA,1870,1870,1860,1860,20800
4/11/2022,CENT,228,232,220,220,29839300
4/11/2022,CFIN,244,246,242,244,1005000
4/11/2022,CINT,242,250,240,242,49700
4/11/2022,CITA,3050,3050,3000,3000,400
4/11/2022,CITY,149,151,144,150,38800
4/11/2022,CLAY,770,770,730,750,4600
4/11/2022,CLEO,428,434,426,428,8289500
4/11/2022,CLPI,1065,1065,1045,1050,90500
4/11/2022,CMNP,2230,2230,2170,2190,11900
4/11/2022,CMNP-W,1200,1200,1200,1200,400
4/11/2022,CMNT,1175,1200,1170,1180,44232200
4/11/2022,CMPP,735,745,685,685,20299200
4/11/2022,CMRY,3550,3600,3540,3580,718100
4/11/2022,CNKO,50,50,50,50,20700
4/11/2022,CNTB,250,250,250,250,0
4/11/2022,CNTX,212,252,208,214,49600
4/11/2022,COCO,248,252,244,244,672800
4/11/2022,COWL,50,50,50,50,0
4/11/2022,CPIN,5525,5550,5275,5400,16411800
4/11/2022,CPRI,50,50,50,50,0
4/11/2022,CPRO,84,84,79,79,389779600
4/11/2022,CSAP,488,496,486,494,75000
4/11/2022,CSIS,85,87,83,87,6524400
4/11/2022,CSMI,2700,3360,2700,3360,12300
4/11/2022,CSRA,690,730,690,730,2839000
4/11/2022,CTBN,2630,2630,2630,2630,100
4/11/2022,CTRA,1000,1010,955,955,54265800
4/11/2022,CTTH,50,50,50,50,17500
4/11/2022,DADA,50,50,50,50,15600
4/11/2022,DADA-W,10,11,10,11,8408400
4/11/2022,DART,230,240,230,232,577700
4/11/2022,DAYA,294,300,272,272,2050200
4/11/2022,DCII,42400,42400,41900,42125,1900
4/11/2022,DEAL,50,50,50,50,11700
4/11/2022,DEFI,1455,1455,1455,1455,0
4/11/2022,DEPO,492,525,492,505,2525400
4/11/2022,DEWA,65,79,65,71,2809710500
4/11/2022,DFAM,680,680,680,680,569800
4/11/2022,DGIK,195,212,193,204,217909600
4/11/2022,DGNS,476,480,454,460,6329500
4/11/2022,DIGI,70,70,66,68,7313900
4/11/2022,DILD,148,148,144,148,2435000
4/11/2022,DIVA,1165,1165,1140,1150,223800
4/11/2022,DKFT,147,148,136,138,23408800
4/11/2022,DLTA,3870,3870,3830,3830,104400
4/11/2022,DMAS,180,181,175,175,94531900
4/11/2022,DMMX,1945,1970,1810,1810,7954600
4/11/2022,DMND,805,810,800,800,9100
4/11/2022,DNAR,244,246,228,228,7506800
4/11/2022,DNET,3190,3190,3170,3190,4700
4/11/2022,DOID,580,610,560,585,294821600
4/11/2022,DPNS,390,390,382,390,232500
4/11/2022,DPUM,50,50,50,50,0
4/11/2022,DRMA,555,570,530,530,12413900
4/11/2022,DSFI,104,108,97,99,12833400
4/11/2022,DSNG,640,655,635,645,22569700
4/11/2022,DSSA,38150,38150,38150,38150,0
4/11/2022,DUCK,176,176,176,176,0
4/11/2022,DUTI,4800,4800,4800,4800,100
4/11/2022,DVLA,2750,2770,2740,2750,13900
4/11/2022,DWGL,163,181,161,162,459400
4/11/2022,DWGL-W,19,28,18,21,14535800
4/11/2022,DYAN,78,78,75,75,4300100
4/11/2022,EAST,94,95,91,92,2081500
4/11/2022,EAST-W,10,10,8,10,25139100
4/11/2022,ECII,740,750,740,750,5100
4/11/2022,EDGE,21150,21150,21150,21150,500
4/11/2022,EKAD,1450,1470,1445,1450,98000
4/11/2022,ELSA,302,304,290,290,48677700
4/11/2022,ELTY,50,50,50,50,49700
4/11/2022,EMDE,151,156,151,156,10600
4/11/2022,EMTK,2840,2890,2710,2710,19763200
4/11/2022,ENAK,845,860,830,860,902000
4/11/2022,ENRG,187,195,175,176,223437300
4/11/2022,ENVY,50,50,50,50,0
4/11/2022,ENZO,53,60,52,55,51497100
4/11/2022,ENZO-W,17,20,16,18,55370600
4/11/2022,EPAC,50,51,50,50,7282700
4/11/2022,EPMT,2800,2830,2760,2760,75800
4/11/2022,ERAA,545,550,530,530,84512600
4/11/2022,ERTX,188,190,185,188,5000
4/11/2022,ESIP,125,129,120,120,53231200
4/11/2022,ESIP-W,29,29,25,25,13586300
4/11/2022,ESSA,1520,1540,1410,1410,91620000
4/11/2022,ESTA,468,472,436,436,275200
4/11/2022,ESTI,131,131,122,122,1718200
4/11/2022,ETWA,62,62,62,62,0
4/11/2022,EXCL,2690,2690,2550,2580,32565300
4/11/2022,FAPA,3580,3590,3570,3580,127600
4/11/2022,FAST,960,960,955,960,2800
4/11/2022,FASW,6500,6500,6500,6500,500
4/11/2022,FILM,1125,1125,1055,1090,6897300
4/11/2022,FIMP,51,52,50,51,306100
4/11/2022,FIRE,282,288,272,272,3017000
4/11/2022,FISH,6950,6950,6950,6950,0
4/11/2022,FITT,290,292,290,292,364700
4/11/2022,FITT-W,104,286,104,286,200
4/11/2022,FLMC,76,78,75,77,181200
4/11/2022,FMII,350,364,346,352,14700
4/11/2022,FOOD,119,125,119,121,10276600
4/11/2022,FORU,398,398,372,372,2481000
4/11/2022,FORZ,50,50,50,50,0
4/11/2022,FPNI,414,414,402,406,5426700
4/11/2022,FREN,82,83,81,83,618979600
4/11/2022,FREN-W2,21,21,19,20,135105600
4/11/2022,FUJI,525,630,525,600,120400
4/11/2022,GAMA,50,50,50,50,18800
4/11/2022,GDST,95,95,93,93,656800
4/11/2022,GDYR,1350,1350,1350,1350,3400
4/11/2022,GEMA,348,348,336,336,10200
4/11/2022,GEMS,5500,5725,5450,5575,669700
4/11/2022,GGRM,30800,30975,30675,30750,709500
4/11/2022,GGRP,760,780,735,745,514900
4/11/2022,GHON,2310,2310,2230,2250,7300
4/11/2022,GIAA,222,222,222,222,0
4/11/2022,GJTL,625,630,620,625,2641600
4/11/2022,GLOB,210,210,196,196,189600
4/11/2022,GLVA,260,262,250,260,25300
4/11/2022,GMFI,70,71,69,70,548700
4/11/2022,GMTD,15600,15600,15600,15600,0
4/11/2022,GOLD,352,376,352,366,35700
4/11/2022,GOLL,50,50,50,50,0
4/11/2022,GOOD,550,550,525,540,7295600
4/11/2022,GOTO,400,416,372,382,9410897000
4/11/2022,GPRA,79,80,79,80,921500
4/11/2022,GPSO,99,101,97,98,496000
4/11/2022,GPSO-W,15,16,13,14,9789000
4/11/2022,GSMF,97,99,96,97,1540900
4/11/2022,GTBO,75,75,75,75,0
4/11/2022,GTSI,59,59,58,59,2898800
4/11/2022,GWSA,150,150,145,147,111500
4/11/2022,GZCO,153,162,151,155,141137100
4/11/2022,HADE,50,50,50,50,5100
4/11/2022,HAIS,199,202,188,190,13774400
4/11/2022,HDFA,177,182,173,179,52500
4/11/2022,HDIT,198,200,195,196,51900
4/11/2022,HDTX,120,120,120,120,0
4/11/2022,HEAL,1300,1375,1300,1345,60129300
4/11/2022,HELI,282,282,272,282,6600
4/11/2022,HERO,1710,1740,1690,1720,21900
4/11/2022,HEXA,6100,6200,6025,6050,202500
4/11/2022,HITS,880,985,820,880,10126500
4/11/2022,HKMU,50,50,50,50,779500
4/11/2022,HMSP,910,910,900,900,25946100
4/11/2022,HOKI,158,159,155,157,4307800
4/11/2022,HOME,50,50,50,50,0
4/11/2022,HOMI,1355,1365,1345,1345,853000
4/11/2022,HOPE,89,94,88,94,17216200
4/11/2022,HOPE-W,15,16,14,15,10383600
4/11/2022,HOTL,50,50,50,50,6300
4/11/2022,HRME,54,55,53,54,2903700
4/11/2022,HRTA,212,214,210,210,6189100
4/11/2022,HRUM,12900,13350,12675,12700,16146400
4/11/2022,IATA,240,292,236,286,1066929100
4/11/2022,IBFN,97,97,97,97,0
4/11/2022,IBST,6700,7625,6700,7450,3900
4/11/2022,ICBP,7450,7525,7375,7525,4994400
4/11/2022,ICON,77,77,75,75,1406700
4/11/2022,IDEA,64,65,60,62,4847900
4/11/2022,IDPR,165,167,163,163,1115700
4/11/2022,IFII,156,158,155,156,61400
4/11/2022,IFSH,1135,1135,1085,1125,2300
4/11/2022,IGAR,438,444,432,434,264900
4/11/2022,IIKP,50,50,50,50,0
4/11/2022,IKAI,50,50,50,50,10100
4/11/2022,IKAN,86,87,82,82,8949600
4/11/2022,IKBI,222,230,222,230,3600
4/11/2022,IMAS,750,755,730,735,968600
4/11/2022,IMJS,394,402,378,380,10777500
4/11/2022,IMPC,3480,3550,3460,3550,4224000
4/11/2022,INAF,1415,1425,1410,1420,257100
4/11/2022,INAI,300,300,300,300,1600
4/11/2022,INCF,54,55,53,53,9338100
4/11/2022,INCI,550,560,545,560,132700
4/11/2022,INCO,7575,7675,7175,7300,34202800
4/11/2022,INDF,6125,6150,6025,6075,6762800
4/11/2022,INDO,138,141,131,131,33962000
4/11/2022,INDO-W,26,27,23,23,71785900
4/11/2022,INDR,5150,5300,5100,5250,137900
4/11/2022,INDS,2220,2220,2220,2220,0
4/11/2022,INDX,370,388,344,354,7373500
4/11/2022,INDY,2700,2850,2650,2720,63933000
4/11/2022,INKP,7925,7975,7750,7775,8692100
4/11/2022,INOV,240,244,224,224,15295200
4/11/2022,INPC,99,100,97,98,5375100
4/11/2022,INPP,468,468,458,460,10800
4/11/2022,INPS,1065,1105,1065,1105,400
4/11/2022,INRU,700,700,700,700,30000
4/11/2022,INTA,75,75,69,70,31959300
4/11/2022,INTD,256,256,242,256,37000
4/11/2022,INTP,10400,10450,10125,10125,2974600
4/11/2022,IPAC,114,118,110,118,215200
4/11/2022,IPCC,570,575,550,555,3880300
4/11/2022,IPCM,304,306,300,302,4246300
4/11/2022,IPOL,164,164,161,161,34300
4/11/2022,IPPE,358,360,328,328,64139200
4/11/2022,IPTV,128,133,125,128,89903500
4/11/2022,IRRA,1590,1600,1505,1535,6061000
4/11/2022,ISAT,5350,5400,5200,5225,4354400
4/11/2022,ISSP,374,376,354,358,26303200
4/11/2022,ITIC,296,296,276,292,2179300
4/11/2022,ITMA,595,605,590,600,626900
4/11/2022,ITMA-W,97,97,84,86,94300
4/11/2022,ITMG,27650,28350,27225,27475,7191100
4/11/2022,JAST,139,142,137,137,10026800
4/11/2022,JAWA,179,179,170,170,1624300
4/11/2022,JAYA,169,170,158,158,17928700
4/11/2022,JAYA-W,36,36,32,32,13093700
4/11/2022,JECC,4620,4650,4300,4650,5600
4/11/2022,JGLE,50,50,50,50,400
4/11/2022,JIHD,314,318,314,318,5500
4/11/2022,JKON,84,85,81,81,21053300
4/11/2022,JKSW,60,60,60,60,0
4/11/2022,JMAS,131,131,121,123,216300
4/11/2022,JPFA,1655,1660,1635,1640,20844500
4/11/2022,JRPT,494,498,484,492,2771900
4/11/2022,JSKY,85,85,81,81,28519900
4/11/2022,JSMR,3710,3710,3560,3570,12486200
4/11/2022,JSPT,735,735,735,735,100
4/11/2022,JTPE,1005,1035,1000,1035,151700
4/11/2022,KAEF,1625,1625,1540,1540,3245900
4/11/2022,KARW,141,141,132,132,2618500
4/11/2022,KAYU,50,50,50,50,649300
4/11/2022,KBAG,50,50,50,50,304700
4/11/2022,KBAG-W,10,10,9,9,7576800
4/11/2022,KBLI,274,300,270,300,2605200
4/11/2022,KBLM,220,220,208,210,481200
4/11/2022,KBLV,274,276,262,268,2273600
4/11/2022,KBRI,50,50,50,50,0
4/11/2022,KDSI,1020,1020,1000,1020,13900
4/11/2022,KEEN,468,470,444,452,1688700
4/11/2022,KEJU,1165,1175,1135,1165,497000
4/11/2022,KIAS,50,50,50,50,249500
4/11/2022,KICI,288,290,282,284,1082200
4/11/2022,KIJA,172,173,170,172,2001700
4/11/2022,KINO,3610,3780,3580,3760,3246400
4/11/2022,KIOS,440,444,428,428,7858500
4/11/2022,KJEN,270,270,252,270,1088800
4/11/2022,KKGI,496,515,478,490,6119600
4/11/2022,KLBF,1580,1590,1550,1585,51859100
4/11/2022,KMDS,416,422,408,422,1900
4/11/2022,KMTR,298,298,288,296,10100
4/11/2022,KOBX,370,376,342,344,9656400
4/11/2022,KOIN,153,155,153,155,1200
4/11/2022,KONI,2520,2620,2350,2350,100400
4/11/2022,KOPI,585,585,550,550,26800
4/11/2022,KOTA,50,50,50,50,3369200
4/11/2022,KOTA-W,39,41,38,41,80600
4/11/2022,KPAL,50,50,50,50,0
4/11/2022,KPAS,62,62,62,62,0
4/11/2022,KPIG,104,108,101,104,258673500
4/11/2022,KRAH,436,436,436,436,0
4/11/2022,KRAS,384,394,372,372,22649700
4/11/2022,KREN,57,57,52,52,29880400
4/11/2022,KUAS,73,73,70,70,8986200
4/11/2022,KUAS-W,17,18,16,17,3243900
4/11/2022,LABA,119,120,117,117,1882100
4/11/2022,LABA-W,22,23,21,21,3357700
4/11/2022,LAND,89,102,88,91,158022400
4/11/2022,LAPD,50,50,50,50,0
4/11/2022,LCGP,114,114,114,114,0
4/11/2022,LCKM,294,294,294,294,300
4/11/2022,LEAD,55,56,54,54,16653700
4/11/2022,LFLO,102,104,100,100,432000
4/11/2022,LIFE,5375,5375,5375,5375,0
4/11/2022,LINK,4410,4420,4320,4400,1427700
4/11/2022,LION,340,340,324,326,179200
4/11/2022,LMAS,51,52,50,50,16085100
4/11/2022,LMPI,187,244,183,185,124387400
4/11/2022,LMSH,700,745,695,730,1400
4/11/2022,LPCK,1155,1250,1145,1230,5625100
4/11/2022,LPGI,10525,10525,10500,10500,300
4/11/2022,LPIN,438,444,432,434,415400
4/11/2022,LPKR,129,132,129,130,55237400
4/11/2022,LPLI,262,286,262,274,215300
4/11/2022,LPPF,5975,6100,5925,6100,2747100
4/11/2022,LPPS,104,105,103,105,45200
4/11/2022,LRNA,198,204,198,204,69500
4/11/2022,LSIP,1480,1495,1450,1470,39704500
4/11/2022,LTLS,785,795,780,790,650500
4/11/2022,LUCK,276,278,260,274,5588500
4/11/2022,LUCY,115,119,109,109,2089600
4/11/2022,LUCY-W,61,62,58,58,2761500
4/11/2022,MABA,50,50,50,50,0
4/11/2022,MAGP,50,50,50,50,0
4/11/2022,MAIN,680,680,660,665,1829000
4/11/2022,MAMI,50,50,50,50,0
4/11/2022,MAMI-W,6,6,6,6,0
4/11/2022,MAMIP,600,600,600,600,0
4/11/2022,MAPA,2670,2780,2650,2740,1643900
4/11/2022,MAPB,1565,1650,1550,1600,41600
4/11/2022,MAPI,850,880,840,875,24020900
4/11/2022,MARI,304,306,282,282,51472500
4/11/2022,MARK,1135,1150,1110,1140,11838700
4/11/2022,MASA,3970,3990,3880,3970,9900
4/11/2022,MASB,3520,3520,3520,3520,1200
4/11/2022,MASB-W,320,326,290,318,72900
4/11/2022,MAYA,610,615,600,605,381500
4/11/2022,MBAP,4580,4900,4560,4770,538500
4/11/2022,MBSS,1345,1345,1240,1260,2690500
4/11/2022,MBTO,123,123,121,121,124900
4/11/2022,MCAS,12350,12375,11950,12375,304700
4/11/2022,MCOL,4540,4670,4480,4490,2601400
4/11/2022,MCOR,99,100,94,98,20424200
4/11/2022,MDIA,53,57,51,56,83915200
4/11/2022,MDKA,5500,5650,5150,5200,86698400
4/11/2022,MDKI,200,202,198,200,2806800
4/11/2022,MDLN,84,85,83,83,18480400
4/11/2022,MDRN,50,50,50,50,1000
4/11/2022,MEDC,560,565,530,530,93315100
4/11/2022,MEGA,6275,6275,6150,6175,53900
4/11/2022,MERK,4000,4000,3930,3930,15800
4/11/2022,META,125,125,115,115,1543500
4/11/2022,MFIN,1320,1330,1300,1300,138300
4/11/2022,MFMI,895,900,830,880,20700
4/11/2022,MGLV,186,195,179,188,28700
4/11/2022,MGLV-W,12,13,11,12,5219600
4/11/2022,MGNA,50,50,50,50,0
4/11/2022,MGRO,875,910,870,895,10830800
4/11/2022,MICE,368,370,360,366,40900
4/11/2022,MIDI,2170,2170,2060,2060,1100
4/11/2022,MIKA,2400,2440,2380,2420,17731800
4/11/2022,MINA,50,50,50,50,21300
4/11/2022,MIRA,50,50,50,50,2900
4/11/2022,MITI,185,187,171,171,3574100
4/11/2022,MKNT,50,50,50,50,5000
4/11/2022,MKPI,22725,22725,22700,22700,200
4/11/2022,MLBI,9100,9100,8725,9025,78300
4/11/2022,MLIA,2310,2440,2260,2360,9309100
4/11/2022,MLPL,236,236,220,222,80396400
4/11/2022,MLPT,3400,3440,3170,3440,177000
4/11/2022,MMLP,620,635,595,615,22511200
4/11/2022,MNCN,960,970,950,955,18655100
4/11/2022,MOLI,316,316,294,316,578800
4/11/2022,MPMX,1085,1120,1085,1090,24698500
4/11/2022,MPOW,103,104,99,100,1527700
4/11/2022,MPPA,410,416,380,380,294381900
4/11/2022,MPRO,695,700,695,695,700
4/11/2022,MRAT,198,200,190,190,926300
4/11/2022,MREI,3550,3920,3520,3530,1000
4/11/2022,MSIN,5600,5700,5300,5300,1092900
4/11/2022,MSKY,460,510,452,492,36047000
4/11/2022,MTDL,695,705,685,695,21184200
4/11/2022,MTEL,760,765,750,750,53647800
4/11/2022,MTFN,50,50,50,50,5100
4/11/2022,MTLA,350,350,338,342,82100
4/11/2022,MTPS,84,85,82,83,1204700
4/11/2022,MTRA,244,244,244,244,0
4/11/2022,MTSM,250,250,240,244,8500
4/11/2022,MTWI,136,138,133,133,1062400
4/11/2022,MYOH,1835,1835,1810,1820,14200
4/11/2022,MYOR,1740,1740,1650,1670,14707800
4/11/2022,MYRX,50,50,50,50,0
4/11/2022,MYRXP,50,50,50,50,0
4/11/2022,MYTX,71,71,70,71,158100
4/11/2022,NANO,90,91,83,83,51715600
4/11/2022,NANO-W,12,12,11,11,34063200
4/11/2022,NASA,50,50,50,50,13600
4/11/2022,NASI,328,338,316,338,22621000
4/11/2022,NATO,680,685,665,680,276447900
4/11/2022,NELY,286,300,286,300,2981300
4/11/2022,NETV,392,402,380,380,27665300
4/11/2022,NFCX,5100,5125,4920,4990,49100
4/11/2022,NICK,535,550,515,550,257000
4/11/2022,NICL,74,75,73,74,21711000
4/11/2022,NICL-W,10,11,9,10,12181700
4/11/2022,NIKL,955,955,925,925,957200
4/11/2022,NIPS,282,282,282,282,0
4/11/2022,NIRO,137,137,132,136,2900
4/11/2022,NISP,660,670,650,655,13997900
4/11/2022,NOBU,655,680,645,655,634800
4/11/2022,NPGF,94,108,93,105,95107900
4/11/2022,NRCA,286,288,282,284,458200
4/11/2022,NTBK,60,63,59,60,29928300
4/11/2022,NTBK-W,12,12,11,11,17670400
4/11/2022,NUSA,50,50,50,50,0
4/11/2022,NZIA,132,141,130,132,93000
4/11/2022,OASA,675,700,650,655,692300
4/11/2022,OBMD,101,112,99,106,9145200
4/11/2022,OBMD-W,18,21,17,19,15525200
4/11/2022,OCAP,159,159,159,159,0
4/11/2022,OILS,226,226,210,210,7347500
4/11/2022,OILS-W,65,65,62,63,248000
4/11/2022,OKAS,63,65,61,61,6351600
4/11/2022,OMRE,650,650,650,650,1000
4/11/2022,OPMS,115,117,113,116,1162700
4/11/2022,PADI,50,50,50,50,16100
4/11/2022,PALM,1175,1210,1095,1095,28643100
4/11/2022,PAMG,89,89,85,85,483800
4/11/2022,PANI,4280,4280,4100,4120,102200
4/11/2022,PANR,310,314,290,290,9902200
4/11/2022,PANS,1355,1370,1340,1355,132300
4/11/2022,PBID,1740,1755,1735,1750,642000
4/11/2022,PBRX,137,138,133,134,1104600
4/11/2022,PBSA,745,800,725,800,8200
4/11/2022,PCAR,175,175,171,174,49400
4/11/2022,PDES,286,286,280,284,124600
4/11/2022,PEGE,880,880,845,860,72300
4/11/2022,PEHA,1040,1045,1035,1040,215300
4/11/2022,PGAS,1395,1400,1350,1355,75647100
4/11/2022,PGJO,73,73,68,72,34000
4/11/2022,PGLI,354,360,340,348,59500
4/11/2022,PGUN,770,770,740,745,52100
4/11/2022,PICO,100,103,95,96,12700
4/11/2022,PJAA,550,555,545,545,566300
4/11/2022,PKPK,178,179,173,174,3328600
4/11/2022,PLAN,36,37,34,34,1005400
4/11/2022,PLAN-W,9,10,9,10,122300
4/11/2022,PLAS,50,50,50,50,0
4/11/2022,PLIN,2060,2060,2050,2050,400
4/11/2022,PMJS,140,147,138,138,281400
4/11/2022,PMMP,450,450,438,442,13264400
4/11/2022,PNBN,775,780,760,770,10251600
4/11/2022,PNBS,62,63,61,61,23913600
4/11/2022,PNGO,1595,1635,1535,1570,44600
4/11/2022,PNIN,695,700,675,675,1714500
4/11/2022,PNLF,177,181,175,178,68748600
4/11/2022,PNSE,680,680,680,680,0
4/11/2022,POLA,122,123,114,114,5161900
4/11/2022,POLA-W,70,70,61,61,386000
4/11/2022,POLI,1015,1015,945,945,19700
4/11/2022,POLL,555,585,545,550,13556800
4/11/2022,POLU,565,565,560,565,2700
4/11/2022,POLY,80,83,78,79,6630900
4/11/2022,POOL,50,50,50,50,0
4/11/2022,PORT,590,590,590,590,100
4/11/2022,POSA,50,50,50,50,0
4/11/2022,POWR,640,650,640,650,2969100
4/11/2022,PPGL,130,131,125,126,936400
4/11/2022,PPGL-W,11,12,10,11,2875000
4/11/2022,PPRE,175,176,171,171,6081800
4/11/2022,PPRO,52,52,50,51,29536400
4/11/2022,PRAS,230,238,222,224,332800
4/11/2022,PRDA,7250,7300,7100,7150,767900
4/11/2022,PRIM,326,326,316,318,1159900
4/11/2022,PSAB,133,133,127,128,9600500
4/11/2022,PSDN,150,152,150,152,10400
4/11/2022,PSGO,192,202,190,196,19079300
4/11/2022,PSKT,86,88,84,87,48097200
4/11/2022,PSSI,498,540,496,540,4838400
4/11/2022,PTBA,3600,3670,3550,3550,44012000
4/11/2022,PTDU,71,77,71,71,47753900
4/11/2022,PTIS,202,206,188,200,183200
4/11/2022,PTPP,960,965,930,930,21354800
4/11/2022,PTPW,830,835,825,830,429000
4/11/2022,PTRO,2930,3020,2820,2880,3534500
4/11/2022,PTSN,220,220,216,216,881700
4/11/2022,PTSP,6000,6000,6000,6000,0
4/11/2022,PUDP,302,310,298,308,54300
4/11/2022,PURA,50,50,50,50,686400
4/11/2022,PURA-W,12,13,12,12,1955900
4/11/2022,PURE,68,68,64,64,16916600
4/11/2022,PURI,392,392,360,372,4800
4/11/2022,PWON,496,510,490,510,90726200
4/11/2022,PYFA,990,1000,985,995,197200
4/11/2022,PZZA,605,605,590,600,1630300
4/11/2022,R-ABFII,28600,28600,28600,28600,0
4/11/2022,R-LQ45X,1124,1131,1116,1124,358400
4/11/2022,RAJA,189,192,186,186,8426000
4/11/2022,RALS,760,770,750,755,8297400
4/11/2022,RANC,1580,1630,1580,1585,47900
4/11/2022,RBMS,66,66,62,64,13430200
4/11/2022,RDTX,7975,7975,7975,7975,10000
4/11/2022,REAL,50,50,50,50,1751300
4/11/2022,RELI,414,434,406,434,1500
4/11/2022,RICY,72,73,71,71,432500
4/11/2022,RIGS,342,356,340,340,258400
4/11/2022,RIMO,50,50,50,50,0
4/11/2022,RISE,328,330,322,322,244600
4/11/2022,RMBA,306,306,306,306,0
4/11/2022,RMKE,436,448,434,438,16528400
4/11/2022,ROCK,530,545,530,545,600
4/11/2022,RODA,79,80,78,80,524100
4/11/2022,RONY,800,800,800,800,0
4/11/2022,ROTI,1280,1295,1275,1290,448800
4/11/2022,RSGK,1370,1390,1310,1340,46400
4/11/2022,RUIS,195,197,193,195,166300
4/11/2022,RUNS,199,212,198,210,826500
4/11/2022,SAFE,226,240,226,234,23400
4/11/2022,SAME,420,424,396,406,57867800
4/11/2022,SAMF,590,595,575,575,273300
4/11/2022,SAPX,1305,1330,1265,1330,9200
4/11/2022,SATU,110,110,108,110,5543900
4/11/2022,SBAT,50,50,50,50,77800
4/11/2022,SBAT-W,8,8,7,8,4302200
4/11/2022,SBAT-W2,12,13,12,12,533100
4/11/2022,SBMA,169,171,160,160,13587900
4/11/2022,SBMA-W,69,71,65,68,146500
4/11/2022,SCCO,9800,9850,9775,9775,7500
4/11/2022,SCMA,290,294,272,272,212119700
4/11/2022,SCNP,220,224,218,220,443500
4/11/2022,SCPI,29000,29000,29000,29000,0
4/11/2022,SDMU,125,154,114,117,406093700
4/11/2022,SDPC,122,122,119,120,83600
4/11/2022,SDRA,575,575,560,565,104400
4/11/2022,SEMA,306,316,302,312,38369400
4/11/2022,SEMA-W,64,68,63,63,6277200
4/11/2022,SFAN,1535,1545,1535,1540,354000
4/11/2022,SGER,2120,2150,1980,2010,10631000
4/11/2022,SGER-W,2090,2090,2090,2090,0
4/11/2022,SGRO,2350,2450,2340,2430,713400
4/11/2022,SHID,2470,2470,2370,2370,1365800
4/11/2022,SHIP,1000,1045,950,1010,1610900
4/11/2022,SICO,252,260,238,238,12259700
4/11/2022,SICO-W,110,111,52,53,14215800
4/11/2022,SIDO,940,940,900,905,32633400
4/11/2022,SILO,1190,1255,1110,1145,13431500
4/11/2022,SIMA,50,50,50,50,0
4/11/2022,SIMP,500,510,498,500,6547700
4/11/2022,SINI,252,252,252,252,6000
4/11/2022,SINI-W,153,153,128,128,300
4/11/2022,SIPD,1710,1720,1675,1675,27600
4/11/2022,SKBM,418,418,390,390,120100
4/11/2022,SKLT,2130,2130,2110,2120,3900
4/11/2022,SKRN,1050,1145,995,1010,2713400
4/11/2022,SKYB,51,51,51,51,0
4/11/2022,SLIS,358,378,338,340,45388900
4/11/2022,SMAR,4770,4800,4730,4730,99900
4/11/2022,SMBR,530,535,515,520,1554400
4/11/2022,SMCB,1745,1745,1725,1730,853500
4/11/2022,SMDM,160,160,153,159,316300
4/11/2022,SMDR,1745,1940,1720,1925,17231300
4/11/2022,SMGR,6550,6575,6325,6350,15423700
4/11/2022,SMKL,414,414,408,410,323800
4/11/2022,SMKL-W,40,41,37,38,844700
4/11/2022,SMKM,250,258,242,242,940900
4/11/2022,SMMA,12025,12025,12025,12025,0
4/11/2022,SMMT,1075,1075,1075,1075,0
4/11/2022,SMRA,720,725,685,690,66789500
4/11/2022,SMRU,50,50,50,50,0
4/11/2022,SMSM,1400,1495,1400,1490,4549300
4/11/2022,SNLK,610,620,600,600,1169800
4/11/2022,SOCI,216,224,212,214,48846800
4/11/2022,SOFA,36,37,36,36,1959500
4/11/2022,SOHO,6475,6475,6450,6450,4600
4/11/2022,SONA,3350,3350,3350,3350,0
4/11/2022,SOSS,408,444,394,394,44500
4/11/2022,SOSS-W,50,54,46,46,45800
4/11/2022,SOTS,232,294,232,238,25000
4/11/2022,SOTS-W,44,62,42,48,56900
4/11/2022,SPMA,695,695,665,665,5007000
4/11/2022,SPTO,580,595,575,580,926100
4/11/2022,SQMI,74,74,69,70,23098800
4/11/2022,SRAJ,218,222,214,218,529800
4/11/2022,SRIL,146,146,146,146,0
4/11/2022,SRSN,57,59,56,57,22987800
4/11/2022,SRTG,3520,3970,3500,3800,60359100
4/11/2022,SSIA,386,388,380,384,1178600
4/11/2022,SSMS,1150,1170,1100,1105,4921300
4/11/2022,SSTM,770,770,770,770,100
4/11/2022,STAA,915,925,895,905,15621600
4/11/2022,STAR,139,142,139,140,38300
4/11/2022,STTP,7175,7175,7175,7175,0
4/11/2022,SUGI,50,50,50,50,0
4/11/2022,SULI,50,50,50,50,116300
4/11/2022,SUPR,38075,38075,38075,38075,800
4/11/2022,SURE,1830,1830,1750,1750,1400
4/11/2022,SWAT,103,103,95,96,14299500
4/11/2022,TALF,332,332,332,332,100
4/11/2022,TAMA,57,62,57,59,58141400
4/11/2022,TAMA-W,15,20,15,18,26963700
4/11/2022,TAMU,50,50,50,50,32200
4/11/2022,TAPG,680,690,655,660,32048300
4/11/2022,TARA,50,50,50,50,148400
4/11/2022,TAXI,50,50,50,50,7100
4/11/2022,TAYS,210,220,202,208,577700
4/11/2022,TBIG,2980,3000,2900,2900,30038300
4/11/2022,TBLA,825,825,810,815,1372000
4/11/2022,TBMS,1700,1705,1700,1700,1800
4/11/2022,TCID,4850,4860,4850,4860,26200
4/11/2022,TCPI,10700,10825,9950,10075,7403000
4/11/2022,TDPM,119,119,119,119,0
4/11/2022,TEBE,700,730,700,705,273400
4/11/2022,TECH,4080,4080,3800,3800,1525800
4/11/2022,TELE,121,121,121,121,0
4/11/2022,TFAS,4630,4630,4500,4630,27500
4/11/2022,TFCO,765,765,765,765,0
4/11/2022,TGKA,7100,7125,6975,6975,3500
4/11/2022,TGRA,73,76,72,73,8852400
4/11/2022,TIFA,555,575,540,565,74800
4/11/2022,TINS,1950,1960,1860,1860,58514500
4/11/2022,TIRA,434,440,420,434,14100
4/11/2022,TIRT,105,107,99,100,8571900
4/11/2022,TKIM,7100,7100,6900,6900,3289400
4/11/2022,TLKM,4610,4610,4550,4590,90521500
4/11/2022,TMAS,1600,1795,1600,1765,8970900
4/11/2022,TMPO,134,134,132,132,50200
4/11/2022,TNCA,760,795,715,750,6210200
4/11/2022,TOBA,1305,1360,1205,1205,50973800
4/11/2022,TOPS,50,50,50,50,15100
4/11/2022,TOTL,296,298,294,294,1367900
4/11/2022,TOTO,214,214,210,212,507400
4/11/2022,TOWR,1040,1045,1010,1010,52253800
4/11/2022,TOYS,172,172,160,160,22252700
4/11/2022,TOYS-W,18,18,16,17,2995900
4/11/2022,TPIA,10775,11075,10750,11050,6648200
4/11/2022,TPMA,358,364,354,356,957100
4/11/2022,TRAM,50,50,50,50,0
4/11/2022,TRIL,50,50,50,50,0
4/11/2022,TRIM,314,316,300,300,9657200
4/11/2022,TRIN,420,420,398,412,6367800
4/11/2022,TRIN-W,93,95,85,89,1449400
4/11/2022,TRIO,426,426,426,426,0
4/11/2022,TRIS,180,181,168,170,397500
4/11/2022,TRIS-W,6,6,6,6,0
4/11/2022,TRJA,328,342,312,342,59605000
4/11/2022,TRST,715,720,690,720,106400
4/11/2022,TRUE,107,110,103,109,24499600
4/11/2022,TRUE-W,19,20,19,19,14957300
4/11/2022,TRUK,184,186,177,178,8267100
4/11/2022,TRUS,430,474,428,468,108000
4/11/2022,TSPC,1475,1475,1445,1470,400800
4/11/2022,TUGU,1475,1475,1440,1455,351000
4/11/2022,TURI,1325,1325,1325,1325,0
4/11/2022,UANG,640,640,640,640,30200
4/11/2022,UCID,1360,1385,1355,1360,52900
4/11/2022,UFOE,1675,1770,1565,1565,2792100
4/11/2022,ULTJ,1480,1485,1475,1485,3483200
4/11/2022,UNIC,12800,12800,12125,12425,3500
4/11/2022,UNIQ,79,79,76,78,833800
4/11/2022,UNIT,316,316,316,316,0
4/11/2022,UNSP,125,126,123,124,168600
4/11/2022,UNTR,28700,29125,28225,28450,4165800
4/11/2022,UNVR,3570,3570,3450,3460,27777500
4/11/2022,URBN,474,476,460,472,350200
4/11/2022,UVCR,218,224,206,206,7846400
4/11/2022,UVCR-W,49,50,48,48,838100
4/11/2022,VICI,535,555,530,555,5440400
4/11/2022,VICO,198,200,186,192,726600
4/11/2022,VINS,161,163,158,158,476800
4/11/2022,VIVA,50,51,50,50,34722000
4/11/2022,VOKS,176,178,176,176,16800
4/11/2022,VRNA,114,117,112,112,261800
4/11/2022,WAPO,122,130,122,127,192200
4/11/2022,WEGE,182,183,178,179,6961100
4/11/2022,WEHA,210,210,196,196,11650500
4/11/2022,WGSH,202,208,185,191,7193400
4/11/2022,WICO,390,398,384,396,900
4/11/2022,WIFI,488,488,470,474,1747700
4/11/2022,WIFI-W,157,160,157,160,10600
4/11/2022,WIIM,462,468,454,454,2792200
4/11/2022,WIKA,965,970,920,930,33740100
4/11/2022,WINS,164,174,164,166,11676400
4/11/2022,WIRG,685,685,650,685,198679500
4/11/2022,WIRG-W,545,680,545,680,33617100
4/11/2022,WMPP,139,141,135,137,4878500
4/11/2022,WMUU,161,161,152,153,35767900
4/11/2022,WOMF,278,286,260,270,5826300
4/11/2022,WOOD,705,715,690,700,12571200
4/11/2022,WOWS,59,60,57,57,98695500
4/11/2022,WSBP,95,95,95,95,0
4/11/2022,WSKT,545,545,515,520,46212800
4/11/2022,WTON,216,216,212,212,6574400
4/11/2022,XAFA,1061,1061,1061,1061,0
4/11/2022,XAQA,1036,1036,1036,1036,100
4/11/2022,XBES,1032,1032,1032,1032,100
4/11/2022,XBID,584,584,584,584,100
4/11/2022,XBIG,592,592,586,586,1000
4/11/2022,XBIN,559,559,559,559,100
4/11/2022,XBLQ,518,518,518,518,0
4/11/2022,XBNI,1154,1154,1141,1141,2200
4/11/2022,XBSK,431,431,423,423,200
4/11/2022,XCID,83,83,82,83,8900
4/11/2022,XCIS,105,105,105,105,0
4/11/2022,XCLQ,109,110,108,110,16300
4/11/2022,XDIF,503,503,503,503,0
4/11/2022,XDSG,1058,1058,1058,1058,0
4/11/2022,XFES,143,143,142,142,3000
4/11/2022,XIFE,115,115,112,112,500
4/11/2022,XIHD,566,566,562,562,41400
4/11/2022,XIIC,1024,1024,1024,1024,0
4/11/2022,XIID,586,586,573,573,5200
4/11/2022,XIIF,553,553,550,550,800
4/11/2022,XIIT,595,603,595,600,26500
4/11/2022,XIJI,654,660,650,650,33800
4/11/2022,XILV,126,126,123,123,3400
4/11/2022,XIML,284,284,284,284,400
4/11/2022,XIPI,202,204,200,204,3300
4/11/2022,XISB,398,398,398,398,0
4/11/2022,XISC,718,725,718,725,1400
4/11/2022,XISI,338,338,338,338,100
4/11/2022,XISR,426,429,425,425,12700
4/11/2022,XKIV,522,522,522,522,100
4/11/2022,XKMS,1189,1189,1186,1186,200
4/11/2022,XMIG,196,196,196,196,0
4/11/2022,XMJM,1001,1001,1001,1001,0
4/11/2022,XMTS,493,493,493,493,0
4/11/2022,XNVE,163,164,161,161,10500
4/11/2022,XPCR,971,971,971,971,0
4/11/2022,XPDV,550,550,546,550,5000
4/11/2022,XPES,430,430,430,430,0
4/11/2022,XPFT,581,581,581,581,0
4/11/2022,XPID,568,568,568,568,0
4/11/2022,XPLC,514,514,514,514,0
4/11/2022,XPLQ,533,533,533,533,0
4/11/2022,XPMI,1010,1010,1010,1010,0
4/11/2022,XPSG,418,418,418,418,0
4/11/2022,XPTD,550,550,550,550,0
4/11/2022,XSBC,105,105,105,105,1500
4/11/2022,XSMU,151,155,151,155,600
4/11/2022,XSPI,750,750,750,750,0
4/11/2022,XSRI,204,204,204,204,200
4/11/2022,XSSI,90,91,84,85,1436300
4/11/2022,XSSK,712,712,712,712,0
4/11/2022,YELO,119,122,112,112,174570400
4/11/2022,YPAS,900,945,885,915,20300
4/11/2022,YULE,2010,2020,2000,2010,6700
4/11/2022,ZBRA,620,620,605,615,282400
4/11/2022,ZINC,92,93,88,89,497430100
4/11/2022,ZONE,665,715,665,715,548400
4/11/2022,ZYRX,550,555,515,525,6708400
4/11/2022,ZYRX-W,90,92,87,87,443000
