<date>,<ticker>,<open>,<high>,<low>,<close>,<volume>
5/30/2022,IHSG,7026.44,7069.251,6974.616,7037.565,889473209
5/30/2022,AALI,12275,12350,12200,12350,917200
5/30/2022,ABBA,196,198,191,194,5385400
5/30/2022,ABDA,6250,6425,5900,5900,600
5/30/2022,ABMM,2950,2970,2780,2890,7731900
5/30/2022,ACES,990,1010,980,1000,36036800
5/30/2022,ACST,159,164,159,162,5918400
5/30/2022,ADCP,80,81,76,79,39591100
5/30/2022,ADES,6200,7400,6100,6175,1354600
5/30/2022,ADHI,715,735,700,730,12505000
5/30/2022,ADMF,8075,8125,8075,8100,142300
5/30/2022,ADMG,182,185,180,184,976000
5/30/2022,ADMR,2390,2470,2320,2370,183336600
5/30/2022,ADRO,3170,3180,3030,3060,146193800
5/30/2022,AGAR,338,350,338,340,5700
5/30/2022,AGII,2060,2170,2040,2050,6458700
5/30/2022,AGRO,925,930,900,915,5874800
5/30/2022,AGRS,124,126,123,124,3437900
5/30/2022,AHAP,63,64,62,62,2051900
5/30/2022,AIMS,250,272,246,268,177100
5/30/2022,AISA,148,153,148,151,3217000
5/30/2022,AKKU,50,50,50,50,400
5/30/2022,AKPI,1220,1450,1220,1450,711900
5/30/2022,AKRA,1015,1035,1010,1035,13847200
5/30/2022,AKSI,374,384,348,348,575700
5/30/2022,ALDO,950,995,935,980,4889100
5/30/2022,ALDO-W,252,260,208,240,54300
5/30/2022,ALKA,308,314,298,304,51900
5/30/2022,ALMI,276,294,274,280,13100
5/30/2022,ALTO,204,204,197,204,16300
5/30/2022,AMAG,396,398,390,392,32800
5/30/2022,AMAN,520,520,515,515,424200
5/30/2022,AMAR,354,362,342,350,14863000
5/30/2022,AMFG,7000,7000,6875,6900,256200
5/30/2022,AMIN,145,147,136,139,198500
5/30/2022,AMOR,1540,1555,1510,1550,42000
5/30/2022,AMRT,1710,1760,1680,1690,149120400
5/30/2022,ANDI,50,50,50,50,5000
5/30/2022,ANJT,975,980,965,970,1890600
5/30/2022,ANTM,2500,2570,2470,2560,125203300
5/30/2022,APEX,496,520,452,470,2910300
5/30/2022,APIC,1160,1185,1155,1165,18373800
5/30/2022,APII,208,208,195,202,2352200
5/30/2022,APLI,195,206,195,196,12800
5/30/2022,APLN,112,112,109,111,5297100
5/30/2022,ARCI,384,388,378,382,2137600
5/30/2022,ARGO,1415,1575,1415,1575,800
5/30/2022,ARII,240,248,228,240,618900
5/30/2022,ARKA,50,50,50,50,1000000
5/30/2022,ARMY,50,50,50,50,0
5/30/2022,ARNA,1020,1030,1010,1020,1234800
5/30/2022,ARTA,1790,1810,1790,1810,2100
5/30/2022,ARTI,50,50,50,50,0
5/30/2022,ARTO,9000,9175,8500,9125,39814200
5/30/2022,ASBI,286,290,280,290,10500
5/30/2022,ASDM,1015,1020,1000,1000,9300
5/30/2022,ASGR,900,905,895,905,1110700
5/30/2022,ASHA,151,182,151,182,393081900
5/30/2022,ASII,7275,7275,7125,7250,37147800
5/30/2022,ASJT,128,128,124,128,78500
5/30/2022,ASLC,202,204,196,198,47469700
5/30/2022,ASMI,146,146,141,145,9200
5/30/2022,ASPI,71,74,71,73,253400
5/30/2022,ASPI-W,12,13,12,13,692500
5/30/2022,ASRI,168,168,163,166,19263600
5/30/2022,ASRM,1635,1635,1585,1625,1400
5/30/2022,ASSA,2300,2350,2210,2220,14153600
5/30/2022,ATAP,104,122,104,122,21483000
5/30/2022,ATIC,428,440,404,428,109500
5/30/2022,AUTO,1105,1185,1105,1170,8558400
5/30/2022,AVIA,740,740,720,730,30378800
5/30/2022,AYLS,242,254,236,242,8158900
5/30/2022,BABP,142,159,142,151,139706400
5/30/2022,BABP-W3,105,109,89,90,73800
5/30/2022,BABP-W4,132,132,121,128,1100
5/30/2022,BACA,170,175,170,174,10463800
5/30/2022,BACA-W2,72,72,72,72,0
5/30/2022,BAJA,193,196,191,191,1338300
5/30/2022,BALI,760,770,755,755,409700
5/30/2022,BANK,1955,1995,1940,1985,23647700
5/30/2022,BANK-W,1930,1930,1930,1930,0
5/30/2022,BAPA,88,93,88,91,5062700
5/30/2022,BAPI,50,50,50,50,45900
5/30/2022,BAPI-W,4,6,4,5,12137700
5/30/2022,BATA,500,500,492,496,5300
5/30/2022,BAUT,50,51,50,50,13460900
5/30/2022,BAUT-W,10,11,10,10,7768700
5/30/2022,BAYU,1100,1200,1100,1200,500
5/30/2022,BBCA,7575,7600,7475,7575,105411400
5/30/2022,BBHI,4800,4860,4650,4650,4027000
5/30/2022,BBKP,208,214,208,210,128547300
5/30/2022,BBLD,408,420,394,400,102500
5/30/2022,BBMD,2100,2100,2020,2020,600
5/30/2022,BBNI,9200,9275,9025,9200,33288900
5/30/2022,BBRI,4540,4540,4390,4430,193724500
5/30/2022,BBRM,50,50,50,50,9500
5/30/2022,BBSI,5000,5075,4870,5050,16100
5/30/2022,BBSS,50,50,50,50,139600
5/30/2022,BBTN,1695,1695,1655,1675,46538900
5/30/2022,BBYB,1405,1425,1340,1345,27135200
5/30/2022,BCAP,206,206,198,198,98620200
5/30/2022,BCIC,175,185,175,178,6713200
5/30/2022,BCIP,54,56,52,54,17657100
5/30/2022,BDMN,2450,2480,2410,2420,2556000
5/30/2022,BEBS,4490,4750,4310,4670,85213900
5/30/2022,BEEF,51,51,50,51,262200
5/30/2022,BEKS,50,50,50,50,2516200
5/30/2022,BELL,378,378,378,378,0
5/30/2022,BESS,585,585,560,585,57600
5/30/2022,BESS-W,382,448,382,448,200
5/30/2022,BEST,119,122,116,118,56992700
5/30/2022,BFIN,1145,1155,1110,1115,14470000
5/30/2022,BGTG,140,149,140,148,21692600
5/30/2022,BHAT,1015,1020,1005,1005,1184200
5/30/2022,BHIT,55,56,54,56,207111000
5/30/2022,BIKA,212,212,204,210,119900
5/30/2022,BIKE,226,232,220,220,6349600
5/30/2022,BIKE-W,17,18,17,17,1317200
5/30/2022,BIMA,254,264,252,258,16851000
5/30/2022,BINA,3900,3990,3870,3950,1040400
5/30/2022,BINO,134,134,131,131,2905400
5/30/2022,BINO-W,21,21,20,21,1850000
5/30/2022,BIPI,91,100,90,100,1415801500
5/30/2022,BIPI-W,8,11,8,10,40590700
5/30/2022,BIPP,52,53,51,52,1376700
5/30/2022,BIRD,1460,1805,1440,1780,46287900
5/30/2022,BISI,1925,1955,1885,1920,1027500
5/30/2022,BJBR,1460,1460,1440,1445,1990700
5/30/2022,BJTM,760,765,755,760,4204800
5/30/2022,BKDP,83,83,80,81,424300
5/30/2022,BKSL,50,51,50,51,32145200
5/30/2022,BKSW,135,140,135,138,2622100
5/30/2022,BLTA,50,50,50,50,28500
5/30/2022,BLTZ,2690,2700,2690,2700,1600
5/30/2022,BLUE,280,282,276,280,600900
5/30/2022,BMAS,1500,1740,1500,1650,1466600
5/30/2022,BMHS,600,690,595,690,30661300
5/30/2022,BMRI,8200,8200,8000,8200,58808600
5/30/2022,BMSR,274,290,274,284,693000
5/30/2022,BMTR,268,268,262,264,30805600
5/30/2022,BNBA,1725,1755,1635,1750,476300
5/30/2022,BNBR,50,50,50,50,36600
5/30/2022,BNGA,1005,1025,1005,1025,5088800
5/30/2022,BNII,274,276,272,274,570900
5/30/2022,BNLI,1225,1250,1220,1245,173400
5/30/2022,BOBA,202,204,200,204,277600
5/30/2022,BOGA,1340,1340,1320,1335,154370600
5/30/2022,BOLA,350,364,348,360,1996200
5/30/2022,BOLT,1035,1090,1005,1020,255200
5/30/2022,BOSS,69,71,68,69,9965700
5/30/2022,BPFI,620,625,600,610,239100
5/30/2022,BPII,7900,7900,7900,7900,0
5/30/2022,BPTR,202,210,198,202,486500
5/30/2022,BRAM,12300,12300,12300,12300,100
5/30/2022,BRIS,1475,1475,1430,1435,9199100
5/30/2022,BRMS,226,226,214,216,303501200
5/30/2022,BRNA,1000,1000,1000,1000,100
5/30/2022,BRPT,845,845,825,825,17285000
5/30/2022,BSDE,925,940,920,930,15892900
5/30/2022,BSIM,580,600,580,590,45700
5/30/2022,BSML,1230,1255,1145,1145,10258400
5/30/2022,BSSR,3650,3700,3470,3510,4406200
5/30/2022,BSWD,1750,1750,1750,1750,0
5/30/2022,BTEK,50,50,50,50,15400
5/30/2022,BTEL,50,50,50,50,0
5/30/2022,BTON,390,392,366,366,31400
5/30/2022,BTPN,2510,2530,2510,2510,11700
5/30/2022,BTPS,2950,3060,2950,3060,3460500
5/30/2022,BUDI,268,272,252,254,17601900
5/30/2022,BUKA,294,306,284,302,224438600
5/30/2022,BUKK,1070,1075,1065,1070,17600
5/30/2022,BULL,155,162,155,161,246354200
5/30/2022,BULL-W2,24,24,18,21,5274400
5/30/2022,BUMI,56,56,55,55,516462600
5/30/2022,BUVA,60,60,60,60,0
5/30/2022,BVIC,155,159,150,154,15406900
5/30/2022,BWPT,75,76,74,75,11445900
5/30/2022,BYAN,54400,55000,51800,52900,70200
5/30/2022,CAKK,86,89,86,88,2158800
5/30/2022,CAMP,272,276,270,274,597100
5/30/2022,CANI,134,138,133,133,359100
5/30/2022,CARE,530,530,505,515,405865400
5/30/2022,CARS,50,50,50,50,1600
5/30/2022,CASA,585,590,575,580,1185900
5/30/2022,CASH,162,171,157,167,699000
5/30/2022,CASS,416,448,414,438,1890600
5/30/2022,CBMF,54,56,53,54,13638700
5/30/2022,CCSI,745,745,705,725,151300
5/30/2022,CEKA,2500,2660,2500,2650,174600
5/30/2022,CENT,210,214,196,204,9555900
5/30/2022,CFIN,230,242,228,236,12146200
5/30/2022,CINT,232,236,230,230,6100
5/30/2022,CITA,3030,3090,3020,3090,2100
5/30/2022,CITY,175,177,164,164,1178400
5/30/2022,CLAY,705,715,705,715,200
5/30/2022,CLEO,446,450,440,444,9560200
5/30/2022,CLPI,1115,1140,1090,1100,542500
5/30/2022,CMNP,2100,2100,2070,2090,118000
5/30/2022,CMNP-W,1195,1195,1195,1195,0
5/30/2022,CMNT,900,900,865,890,30053500
5/30/2022,CMPP,376,400,374,384,8903200
5/30/2022,CMRY,4150,4210,4100,4150,1763500
5/30/2022,CNKO,50,50,50,50,700
5/30/2022,CNTB,250,250,250,250,0
5/30/2022,CNTX,218,236,210,236,4100
5/30/2022,COCO,210,212,204,210,1351200
5/30/2022,COWL,50,50,50,50,0
5/30/2022,CPIN,4940,5100,4940,5100,15657500
5/30/2022,CPRI,50,50,50,50,0
5/30/2022,CPRO,70,72,69,70,91381200
5/30/2022,CSAP,585,605,585,600,313900
5/30/2022,CSIS,75,82,75,81,3785200
5/30/2022,CSMI,3800,3800,3800,3800,500
5/30/2022,CSRA,795,800,765,795,2283900
5/30/2022,CTBN,2550,2550,2550,2550,100
5/30/2022,CTRA,1015,1015,990,1015,21636200
5/30/2022,CTTH,50,50,50,50,110000
5/30/2022,DADA,50,50,50,50,3200
5/30/2022,DADA-W,9,10,8,10,5198800
5/30/2022,DART,206,216,206,216,141300
5/30/2022,DAYA,216,230,214,228,28100
5/30/2022,DCII,35450,35450,35000,35000,4400
5/30/2022,DEAL,50,50,50,50,3800
5/30/2022,DEFI,1455,1455,1455,1455,0
5/30/2022,DEPO,500,505,492,500,467500
5/30/2022,DEWA,54,55,53,53,28387400
5/30/2022,DFAM,336,408,336,378,1606900
5/30/2022,DGIK,121,130,121,125,63204400
5/30/2022,DGNS,278,288,276,280,3184400
5/30/2022,DIGI,58,62,57,59,23481900
5/30/2022,DILD,148,149,142,146,3223200
5/30/2022,DIVA,930,950,865,915,468800
5/30/2022,DKFT,123,127,122,126,27164300
5/30/2022,DLTA,3940,4120,3940,4050,503400
5/30/2022,DMAS,172,174,171,172,48519300
5/30/2022,DMMX,2020,2020,1910,1910,3118800
5/30/2022,DMND,800,815,795,815,36900
5/30/2022,DNAR,195,198,194,195,583100
5/30/2022,DNET,3200,3200,3170,3200,10900
5/30/2022,DOID,468,468,420,420,313122900
5/30/2022,DPNS,416,418,410,418,60900
5/30/2022,DPUM,50,50,50,50,0
5/30/2022,DRMA,585,600,570,570,8920100
5/30/2022,DSFI,97,99,96,96,2463800
5/30/2022,DSNG,565,565,550,560,15126800
5/30/2022,DSSA,33500,33500,33500,33500,100
5/30/2022,DUCK,176,176,176,176,0
5/30/2022,DUTI,3900,4000,3900,4000,1900
5/30/2022,DVLA,2410,2730,2410,2730,211800
5/30/2022,DWGL,197,208,195,198,60500
5/30/2022,DWGL-W,27,31,27,28,379300
5/30/2022,DYAN,70,71,69,70,1298400
5/30/2022,EAST,91,93,90,92,997500
5/30/2022,EAST-W,5,7,5,7,4950500
5/30/2022,ECII,620,640,620,635,5800
5/30/2022,EDGE,19750,20000,19500,19975,2500
5/30/2022,EKAD,1415,1415,1405,1410,100000
5/30/2022,ELSA,310,316,302,306,79461000
5/30/2022,ELTY,50,50,50,50,100
5/30/2022,EMDE,152,154,152,154,7000
5/30/2022,EMTK,1880,1895,1845,1875,35246300
5/30/2022,ENAK,1140,1200,1125,1200,7571700
5/30/2022,ENRG,234,238,226,232,52486100
5/30/2022,ENVY,50,50,50,50,0
5/30/2022,ENZO,52,53,52,52,15587500
5/30/2022,ENZO-W,15,16,15,15,1528100
5/30/2022,EPAC,50,50,50,50,16600
5/30/2022,EPMT,2740,2770,2700,2740,319900
5/30/2022,ERAA,520,525,510,520,40571100
5/30/2022,ERTX,193,194,188,188,12300
5/30/2022,ESIP,104,111,103,107,36495800
5/30/2022,ESIP-W,14,15,13,14,15702000
5/30/2022,ESSA,1280,1285,1185,1185,79112900
5/30/2022,ESTA,675,690,650,660,2350800
5/30/2022,ESTI,101,102,98,98,2043900
5/30/2022,ETWA,62,62,62,62,0
5/30/2022,EXCL,2700,2700,2630,2690,13122600
5/30/2022,FAPA,3590,3590,3580,3580,16200
5/30/2022,FAST,960,970,960,960,2400
5/30/2022,FASW,6225,6225,6225,6225,100
5/30/2022,FILM,1620,1675,1610,1665,12919200
5/30/2022,FIMP,46,47,45,46,83300
5/30/2022,FIRE,234,234,218,228,2582800
5/30/2022,FISH,7750,8000,7675,7850,34400
5/30/2022,FITT,260,262,258,262,412800
5/30/2022,FITT-W,122,135,122,135,500
5/30/2022,FLMC,80,80,77,80,77700
5/30/2022,FMII,354,354,354,354,300
5/30/2022,FOOD,106,109,103,107,1514900
5/30/2022,FORU,282,294,272,276,1549700
5/30/2022,FORZ,50,50,50,50,0
5/30/2022,FPNI,358,370,358,364,1868100
5/30/2022,FREN,78,82,78,81,1032670600
5/30/2022,FREN-W2,18,20,18,20,249469200
5/30/2022,FUJI,680,680,650,680,2000
5/30/2022,GAMA,50,50,50,50,100
5/30/2022,GDST,97,101,97,100,5562200
5/30/2022,GDYR,1335,1335,1325,1325,5400
5/30/2022,GEMA,342,350,330,350,27900
5/30/2022,GEMS,5775,6250,5650,6125,152600
5/30/2022,GGRM,31000,31000,30675,30975,857700
5/30/2022,GGRP,620,630,610,620,288300
5/30/2022,GHON,2200,2200,2150,2180,32700
5/30/2022,GIAA,222,222,222,222,0
5/30/2022,GJTL,635,645,635,640,2556200
5/30/2022,GLOB,160,162,156,157,41000
5/30/2022,GLVA,262,264,250,250,444800
5/30/2022,GMFI,76,79,76,78,771700
5/30/2022,GMTD,15600,15600,15600,15600,0
5/30/2022,GOLD,352,358,344,344,1700
5/30/2022,GOLL,50,50,50,50,0
5/30/2022,GOOD,530,550,520,540,9320900
5/30/2022,GOTO,318,318,308,314,3448044600
5/30/2022,GPRA,76,76,74,76,1077500
5/30/2022,GPSO,112,122,104,106,47445500
5/30/2022,GPSO-W,12,13,11,11,9510700
5/30/2022,GSMF,88,88,84,86,3598200
5/30/2022,GTBO,75,75,75,75,0
5/30/2022,GTSI,58,60,57,57,6405000
5/30/2022,GWSA,138,140,138,139,150600
5/30/2022,GZCO,204,214,204,208,116386100
5/30/2022,HADE,50,50,50,50,1700
5/30/2022,HAIS,258,262,240,244,44736000
5/30/2022,HDFA,174,174,171,171,11400
5/30/2022,HDIT,167,169,160,169,119000
5/30/2022,HDTX,120,120,120,120,0
5/30/2022,HEAL,1475,1480,1450,1450,21047500
5/30/2022,HELI,274,290,258,284,21800
5/30/2022,HERO,1615,1635,1600,1620,40300
5/30/2022,HEXA,6250,6325,6175,6300,241500
5/30/2022,HITS,1175,1175,1175,1175,0
5/30/2022,HKMU,50,50,50,50,28500
5/30/2022,HMSP,1070,1105,1065,1100,40508800
5/30/2022,HOKI,145,148,145,147,2515200
5/30/2022,HOME,50,50,50,50,0
5/30/2022,HOMI,1345,1345,1320,1330,1162700
5/30/2022,HOPE,193,202,181,193,37261900
5/30/2022,HOPE-W,16,17,15,16,6433400
5/30/2022,HOTL,50,50,50,50,30300
5/30/2022,HRME,55,56,53,54,3627100
5/30/2022,HRTA,208,210,204,210,8220200
5/30/2022,HRUM,11500,11600,11150,11450,18732900
5/30/2022,IATA,194,197,191,191,60606400
5/30/2022,IBFN,97,97,97,97,0
5/30/2022,IBOS,120,120,119,120,3880000
5/30/2022,IBOS-W,10,11,10,11,1983600
5/30/2022,IBST,5850,5850,5850,5850,0
5/30/2022,ICBP,8625,8650,8500,8550,5869400
5/30/2022,ICON,85,88,82,85,5061700
5/30/2022,IDEA,57,60,57,60,5245000
5/30/2022,IDPR,177,187,176,182,1086000
5/30/2022,IFII,148,148,143,145,329300
5/30/2022,IFSH,1305,1310,1270,1295,1900
5/30/2022,IGAR,432,438,432,436,116100
5/30/2022,IIKP,50,50,50,50,0
5/30/2022,IKAI,50,50,50,50,300
5/30/2022,IKAN,78,85,77,79,35354500
5/30/2022,IKBI,206,212,200,200,31000
5/30/2022,IMAS,760,770,755,765,698000
5/30/2022,IMJS,356,372,352,364,2020600
5/30/2022,IMPC,3760,3760,3700,3730,3363600
5/30/2022,INAF,1090,1105,1070,1090,77900
5/30/2022,INAI,306,332,306,314,53300
5/30/2022,INCF,51,52,50,51,8334500
5/30/2022,INCI,575,585,550,585,195500
5/30/2022,INCO,7950,8100,7750,8025,41615300
5/30/2022,INDF,6475,6475,6375,6450,4042200
5/30/2022,INDO,94,97,92,96,7280900
5/30/2022,INDO-W,17,18,16,17,6144100
5/30/2022,INDR,10600,10850,10400,10425,484500
5/30/2022,INDS,2250,2280,2200,2240,8700
5/30/2022,INDX,320,380,308,380,69005800
5/30/2022,INDY,2820,2820,2710,2740,14143400
5/30/2022,INKP,7775,8150,7750,8050,14766500
5/30/2022,INOV,193,195,190,193,799400
5/30/2022,INPC,89,92,89,90,2672700
5/30/2022,INPP,406,406,378,388,36700
5/30/2022,INPS,1275,1560,1275,1430,6100
5/30/2022,INRU,690,690,690,690,0
5/30/2022,INTA,66,69,66,69,753800
5/30/2022,INTD,250,254,250,252,74900
5/30/2022,INTP,10350,10575,10200,10225,10664700
5/30/2022,IPAC,110,120,110,112,6400
5/30/2022,IPCC,635,635,615,625,2845800
5/30/2022,IPCM,308,314,304,304,4484500
5/30/2022,IPOL,158,162,157,159,569500
5/30/2022,IPPE,268,278,264,272,14451300
5/30/2022,IPTV,97,105,96,100,84779600
5/30/2022,IRRA,1350,1425,1350,1420,7795100
5/30/2022,ISAT,5475,5550,5325,5375,4915600
5/30/2022,ISSP,310,316,308,314,18265200
5/30/2022,ITIC,260,266,260,266,185500
5/30/2022,ITMA,530,545,520,535,146300
5/30/2022,ITMA-W,99,99,77,90,5400
5/30/2022,ITMG,33000,33150,32600,32750,2608600
5/30/2022,JAST,128,131,127,129,10594700
5/30/2022,JAST-W,29,34,27,30,8540000
5/30/2022,JAWA,156,158,153,154,1873900
5/30/2022,JAYA,150,155,144,149,32401600
5/30/2022,JAYA-W,37,38,35,36,4481600
5/30/2022,JECC,4400,4400,4400,4400,500
5/30/2022,JGLE,50,50,50,50,300
5/30/2022,JIHD,304,304,286,286,499500
5/30/2022,JKON,85,85,79,79,61002700
5/30/2022,JKSW,60,60,60,60,0
5/30/2022,JMAS,100,100,96,98,790900
5/30/2022,JPFA,1385,1440,1385,1440,31022700
5/30/2022,JRPT,478,486,478,484,1516400
5/30/2022,JSKY,65,68,64,64,11816900
5/30/2022,JSMR,3870,4020,3850,4010,13002900
5/30/2022,JSPT,760,760,760,760,0
5/30/2022,JTPE,1020,1020,1000,1005,59400
5/30/2022,KAEF,1420,1490,1420,1480,1574200
5/30/2022,KARW,146,160,145,147,14613900
5/30/2022,KAYU,50,50,50,50,689600
5/30/2022,KBAG,50,50,50,50,233800
5/30/2022,KBAG-W,9,9,8,9,10224100
5/30/2022,KBLI,324,352,322,350,13104700
5/30/2022,KBLM,212,224,210,218,1903600
5/30/2022,KBLV,228,232,222,226,1868200
5/30/2022,KBRI,50,50,50,50,0
5/30/2022,KDSI,1055,1100,1050,1065,193200
5/30/2022,KEEN,418,428,418,426,996300
5/30/2022,KEJU,1285,1300,1275,1280,268700
5/30/2022,KIAS,50,50,50,50,17200
5/30/2022,KICI,190,196,189,192,1549900
5/30/2022,KIJA,164,165,162,165,2633000
5/30/2022,KINO,3970,4100,3890,4090,1601600
5/30/2022,KIOS,306,312,302,312,2157000
5/30/2022,KJEN,110,121,103,112,2113100
5/30/2022,KKGI,625,640,610,615,6707200
5/30/2022,KLBF,1615,1630,1615,1630,23066200
5/30/2022,KMDS,494,494,478,486,47500
5/30/2022,KMTR,286,288,284,288,26400
5/30/2022,KOBX,530,565,525,550,7859800
5/30/2022,KOIN,149,153,149,153,1300
5/30/2022,KONI,1780,1780,1775,1780,4000
5/30/2022,KOPI,545,545,545,545,400
5/30/2022,KOTA,50,50,50,50,100100
5/30/2022,KOTA-W,36,36,24,36,2400
5/30/2022,KPAL,50,50,50,50,0
5/30/2022,KPAS,62,62,62,62,0
5/30/2022,KPIG,92,94,86,88,171618800
5/30/2022,KRAH,436,436,436,436,0
5/30/2022,KRAS,400,402,392,392,19383600
5/30/2022,KREN,50,50,50,50,1926900
5/30/2022,KUAS,72,76,71,72,14215300
5/30/2022,KUAS-W,17,17,15,17,656500
5/30/2022,LABA,174,180,171,177,10014900
5/30/2022,LABA-W,22,25,22,24,15555000
5/30/2022,LAND,224,224,224,224,0
5/30/2022,LAPD,50,50,50,50,0
5/30/2022,LCGP,114,114,114,114,0
5/30/2022,LCKM,300,300,282,282,1400
5/30/2022,LEAD,50,50,50,50,19722200
5/30/2022,LFLO,85,94,84,91,79100
5/30/2022,LIFE,5900,5900,5900,5900,0
5/30/2022,LINK,4520,4600,4440,4570,2213700
5/30/2022,LION,320,320,310,312,13900
5/30/2022,LMAS,50,50,50,50,41100
5/30/2022,LMPI,168,175,167,171,32900
5/30/2022,LMSH,710,710,710,710,0
5/30/2022,LPCK,1350,1355,1255,1300,6288400
5/30/2022,LPGI,9950,9950,9950,9950,400
5/30/2022,LPIN,474,490,472,490,1355500
5/30/2022,LPKR,128,130,124,129,59294700
5/30/2022,LPLI,268,268,258,266,75200
5/30/2022,LPPF,5725,5775,5400,5400,6805000
5/30/2022,LPPS,102,105,102,105,61700
5/30/2022,LRNA,186,191,186,191,35200
5/30/2022,LSIP,1430,1440,1400,1415,8906200
5/30/2022,LTLS,1460,1500,1410,1415,2920700
5/30/2022,LUCK,218,232,218,232,7589700
5/30/2022,LUCY,116,118,113,113,12351600
5/30/2022,LUCY-W,62,66,62,63,1607400
5/30/2022,MABA,50,50,50,50,0
5/30/2022,MAGP,50,50,50,50,100
5/30/2022,MAIN,610,625,605,625,1661000
5/30/2022,MAMI,50,50,50,50,0
5/30/2022,MAMI-W,6,6,6,6,0
5/30/2022,MAMIP,600,600,600,600,0
5/30/2022,MAPA,3190,3280,3140,3150,2133100
5/30/2022,MAPB,1750,1750,1700,1720,13900
5/30/2022,MAPI,900,920,890,900,27738600
5/30/2022,MARI,200,204,194,200,10130900
5/30/2022,MARK,1160,1210,1150,1205,42204400
5/30/2022,MASA,3000,3000,2950,3000,17800
5/30/2022,MASB,3510,3510,3510,3510,19400
5/30/2022,MASB-W,312,312,264,264,16200
5/30/2022,MAYA,560,565,550,560,243600
5/30/2022,MBAP,7100,7600,6975,7575,1056100
5/30/2022,MBSS,1375,1465,1375,1400,2886200
5/30/2022,MBTO,114,116,111,113,20700
5/30/2022,MCAS,13675,13925,13575,13650,1334000
5/30/2022,MCOL,7450,7550,7275,7375,798200
5/30/2022,MCOR,92,94,91,94,4633800
5/30/2022,MDIA,50,50,50,50,490000
5/30/2022,MDKA,5350,5350,5075,5175,54430200
5/30/2022,MDKI,202,206,200,200,2841600
5/30/2022,MDLN,81,94,78,89,119916400
5/30/2022,MDRN,50,50,50,50,100
5/30/2022,MEDC,595,600,580,590,63841500
5/30/2022,MEGA,5800,5900,5700,5850,7800
5/30/2022,MERK,4020,4120,4020,4080,174500
5/30/2022,META,110,112,109,112,642700
5/30/2022,MFIN,1325,1370,1300,1370,54600
5/30/2022,MFMI,800,850,765,765,4000
5/30/2022,MGLV,165,172,153,158,89400
5/30/2022,MGLV-W,6,6,4,4,29736900
5/30/2022,MGNA,50,50,50,50,0
5/30/2022,MGRO,890,900,885,895,5867400
5/30/2022,MICE,406,408,400,402,367900
5/30/2022,MIDI,2170,2330,2140,2230,8200
5/30/2022,MIKA,2800,2800,2650,2650,13612000
5/30/2022,MINA,50,50,50,50,1200
5/30/2022,MIRA,50,50,50,50,100
5/30/2022,MITI,206,232,185,188,85364900
5/30/2022,MKNT,50,50,50,50,400
5/30/2022,MKPI,22650,22650,22650,22650,0
5/30/2022,MLBI,9850,10850,9850,10575,185000
5/30/2022,MLIA,2910,2930,2800,2840,6148200
5/30/2022,MLPL,182,193,180,189,74379900
5/30/2022,MLPT,3100,3150,3060,3110,628400
5/30/2022,MMLP,460,498,460,480,12260200
5/30/2022,MNCN,950,960,945,950,23891300
5/30/2022,MOLI,300,316,284,312,327600
5/30/2022,MPMX,1255,1255,1255,1255,2198500
5/30/2022,MPOW,93,102,92,93,11503200
5/30/2022,MPPA,264,276,252,272,72143800
5/30/2022,MPRO,660,660,660,660,200
5/30/2022,MRAT,187,195,184,186,505700
5/30/2022,MREI,3650,3650,3320,3480,2000
5/30/2022,MSIN,5350,5350,5100,5200,325500
5/30/2022,MSKY,300,316,300,312,3199300
5/30/2022,MTDL,745,745,720,730,15933800
5/30/2022,MTEL,665,685,665,675,41981800
5/30/2022,MTFN,50,50,50,50,100
5/30/2022,MTLA,348,352,348,352,115900
5/30/2022,MTMH,2030,2060,1990,2040,10754900
5/30/2022,MTPS,67,72,67,69,1949900
5/30/2022,MTRA,244,244,244,244,0
5/30/2022,MTSM,202,220,199,218,36700
5/30/2022,MTWI,138,185,138,152,181073300
5/30/2022,MYOH,1710,1730,1665,1725,66200
5/30/2022,MYOR,1685,1720,1640,1700,8643600
5/30/2022,MYRX,50,50,50,50,0
5/30/2022,MYRXP,50,50,50,50,0
5/30/2022,MYTX,61,61,59,61,34200
5/30/2022,NANO,52,53,52,52,7169800
5/30/2022,NANO-W,10,10,9,9,13523400
5/30/2022,NASA,50,50,50,50,1063500
5/30/2022,NASI,320,330,300,328,88835000
5/30/2022,NATO,625,650,620,635,303247600
5/30/2022,NELY,364,442,364,442,88942100
5/30/2022,NETV,330,366,330,350,41172600
5/30/2022,NFCX,8475,8725,8200,8500,615400
5/30/2022,NICK,480,496,452,462,104600
5/30/2022,NICL,95,95,88,90,46161700
5/30/2022,NICL-W,12,13,11,12,37268700
5/30/2022,NIKL,900,900,895,900,185000
5/30/2022,NIPS,282,282,282,282,0
5/30/2022,NIRO,149,149,149,149,3200
5/30/2022,NISP,635,640,630,640,12719300
5/30/2022,NOBU,560,560,540,550,705300
5/30/2022,NPGF,110,110,93,93,87185800
5/30/2022,NRCA,300,304,296,304,3506800
5/30/2022,NTBK,50,50,50,50,978200
5/30/2022,NTBK-W,9,9,8,9,8511900
5/30/2022,NUSA,50,50,50,50,0
5/30/2022,NZIA,156,163,150,155,2711500
5/30/2022,OASA,580,580,560,575,1296000
5/30/2022,OBMD,106,119,106,116,10455000
5/30/2022,OBMD-W,21,23,21,22,2531800
5/30/2022,OCAP,159,159,159,159,0
5/30/2022,OILS,198,204,196,197,990400
5/30/2022,OILS-W,60,63,58,60,102900
5/30/2022,OKAS,58,61,57,59,12852000
5/30/2022,OLIV,100,101,100,100,3672400
5/30/2022,OLIV-W,10,11,9,10,24048000
5/30/2022,OMRE,590,595,580,580,8900
5/30/2022,OPMS,115,123,115,122,999900
5/30/2022,PADI,50,50,50,50,4700
5/30/2022,PALM,850,860,830,840,3744900
5/30/2022,PAMG,86,86,84,85,187300
5/30/2022,PANI,5175,5250,5050,5175,59300
5/30/2022,PANR,244,252,238,250,14508100
5/30/2022,PANS,1400,1475,1400,1435,218800
5/30/2022,PBID,1670,1700,1670,1700,672000
5/30/2022,PBRX,127,130,127,129,1802600
5/30/2022,PBSA,655,735,655,705,133000
5/30/2022,PCAR,153,153,150,150,94500
5/30/2022,PDES,206,208,202,204,2053400
5/30/2022,PEGE,1225,1240,1210,1230,707200
5/30/2022,PEHA,1005,1010,1005,1005,112500
5/30/2022,PGAS,1800,1815,1750,1780,86862500
5/30/2022,PGJO,78,78,77,78,22000
5/30/2022,PGLI,238,244,230,244,7000
5/30/2022,PGUN,700,710,700,700,2900
5/30/2022,PICO,99,100,96,97,82700
5/30/2022,PJAA,600,620,595,615,490200
5/30/2022,PKPK,184,187,180,186,6395400
5/30/2022,PLAN,36,37,35,37,831700
5/30/2022,PLAN-W,8,10,8,10,119900
5/30/2022,PLAS,50,50,50,50,0
5/30/2022,PLIN,2460,2460,2370,2370,10300
5/30/2022,PMJS,182,182,174,176,1637200
5/30/2022,PMMP,388,390,380,382,6446800
5/30/2022,PNBN,1075,1210,1070,1185,68321900
5/30/2022,PNBS,59,62,58,61,39295800
5/30/2022,PNGO,1450,1450,1390,1415,55400
5/30/2022,PNIN,695,750,695,730,7052300
5/30/2022,PNLF,246,270,246,266,256783900
5/30/2022,PNSE,545,545,520,525,10800
5/30/2022,POLA,110,114,108,112,4402800
5/30/2022,POLA-W,71,72,62,70,131300
5/30/2022,POLI,1210,1225,1210,1220,343500
5/30/2022,POLL,450,464,432,432,1102300
5/30/2022,POLU,540,540,500,525,600
5/30/2022,POLY,68,73,68,69,11674400
5/30/2022,POOL,50,50,50,50,0
5/30/2022,PORT,610,610,605,605,1500
5/30/2022,POSA,50,50,50,50,0
5/30/2022,POWR,710,715,700,710,3796600
5/30/2022,PPGL,172,186,170,182,7242600
5/30/2022,PPGL-W,15,18,15,17,10197000
5/30/2022,PPRE,160,165,160,164,6273100
5/30/2022,PPRO,50,50,50,50,4816300
5/30/2022,PRAS,210,214,208,214,173500
5/30/2022,PRDA,6275,6275,6075,6150,303400
5/30/2022,PRIM,278,278,260,266,589000
5/30/2022,PSAB,120,122,120,121,1072600
5/30/2022,PSDN,154,155,145,147,1154800
5/30/2022,PSGO,198,206,198,202,14916000
5/30/2022,PSKT,70,75,68,71,132123700
5/30/2022,PSSI,660,695,630,680,11064500
5/30/2022,PTBA,4460,4540,4420,4430,70833100
5/30/2022,PTDU,58,78,58,78,304580400
5/30/2022,PTIS,174,220,174,182,191800
5/30/2022,PTPP,945,945,920,940,22317800
5/30/2022,PTPW,930,950,925,945,791600
5/30/2022,PTRO,2820,2850,2810,2850,950100
5/30/2022,PTSN,208,210,206,208,355200
5/30/2022,PTSP,4030,4030,4030,4030,100
5/30/2022,PUDP,300,300,300,300,15000
5/30/2022,PURA,50,50,50,50,68900
5/30/2022,PURA-W,12,13,11,12,1922000
5/30/2022,PURE,53,55,52,54,7988400
5/30/2022,PURI,420,420,418,418,10600
5/30/2022,PWON,510,510,500,500,28164500
5/30/2022,PYFA,1085,1085,1050,1075,113300
5/30/2022,PZZA,620,635,610,610,1861100
5/30/2022,R-ABFII,28600,28600,28600,28600,0
5/30/2022,R-LQ45X,1122,1131,1116,1117,36700
5/30/2022,RAJA,338,344,316,318,111215400
5/30/2022,RALS,700,705,690,690,5156300
5/30/2022,RANC,1340,1400,1340,1395,27800
5/30/2022,RBMS,58,61,56,57,27622300
5/30/2022,RDTX,6825,6975,6825,6975,1300
5/30/2022,REAL,50,50,50,50,306600
5/30/2022,RELI,456,470,454,454,3200
5/30/2022,RICY,76,81,76,77,15116500
5/30/2022,RIGS,458,496,456,494,848100
5/30/2022,RIMO,50,50,50,50,0
5/30/2022,RISE,570,590,550,580,4370500
5/30/2022,RMBA,306,306,306,306,0
5/30/2022,RMKE,665,710,650,670,37915700
5/30/2022,ROCK,570,570,545,545,4500
5/30/2022,RODA,101,102,94,98,9672700
5/30/2022,RONY,800,800,800,800,0
5/30/2022,ROTI,1290,1290,1280,1290,81900
5/30/2022,RSGK,1300,1300,1290,1300,72400
5/30/2022,RUIS,176,180,176,178,186900
5/30/2022,RUNS,236,242,226,230,511200
5/30/2022,SAFE,214,236,214,230,1031500
5/30/2022,SAME,404,408,402,402,7895800
5/30/2022,SAMF,635,645,620,625,1694300
5/30/2022,SAPX,1370,1370,1370,1370,800
5/30/2022,SATU,111,112,109,110,2557500
5/30/2022,SBAT,50,50,50,50,4200
5/30/2022,SBAT-W,7,8,7,8,2197800
5/30/2022,SBAT-W2,12,12,10,11,152700
5/30/2022,SBMA,138,149,138,146,1516100
5/30/2022,SBMA-W,55,55,50,51,168300
5/30/2022,SCCO,10000,10000,9950,10000,26800
5/30/2022,SCMA,224,224,214,220,190633100
5/30/2022,SCNP,220,220,214,218,116100
5/30/2022,SCPI,29000,29000,29000,29000,0
5/30/2022,SDMU,86,96,86,93,9558300
5/30/2022,SDPC,138,138,131,135,458400
5/30/2022,SDRA,565,565,560,565,69100
5/30/2022,SEMA,252,260,246,246,5685900
5/30/2022,SEMA-W,39,39,36,37,1001200
5/30/2022,SFAN,1565,1565,1555,1565,398200
5/30/2022,SGER,2720,2770,2520,2530,12288700
5/30/2022,SGER-W,2000,2000,2000,2000,0
5/30/2022,SGRO,2310,2350,2270,2300,436400
5/30/2022,SHID,2270,2280,2260,2270,212900
5/30/2022,SHIP,930,975,930,970,2127100
5/30/2022,SICO,120,136,120,128,7924300
5/30/2022,SICO-W,52,56,51,53,1641300
5/30/2022,SIDO,970,970,965,965,21273400
5/30/2022,SILO,1100,1155,1080,1140,2477200
5/30/2022,SIMA,50,50,50,50,0
5/30/2022,SIMP,505,510,500,505,3192200
5/30/2022,SINI,268,268,250,266,4000
5/30/2022,SINI-W,145,150,129,129,300
5/30/2022,SIPD,1635,1640,1525,1640,19700
5/30/2022,SKBM,362,368,358,364,17200
5/30/2022,SKLT,2040,2150,1900,2130,9100
5/30/2022,SKRN,1210,1230,1190,1205,1201100
5/30/2022,SKYB,51,51,51,51,0
5/30/2022,SLIS,490,505,456,456,99904800
5/30/2022,SMAR,4960,5200,4960,5050,97500
5/30/2022,SMBR,496,545,496,540,22113800
5/30/2022,SMCB,1590,1610,1580,1610,614300
5/30/2022,SMDM,178,195,176,195,1444800
5/30/2022,SMDR,3250,3570,3150,3490,32484000
5/30/2022,SMGR,6850,7375,6850,7175,68060200
5/30/2022,SMKL,396,430,394,400,932500
5/30/2022,SMKL-W,18,22,18,19,2995200
5/30/2022,SMKM,230,242,228,236,3267200
5/30/2022,SMMA,11900,12000,11900,12000,8100
5/30/2022,SMMT,1175,1200,1155,1170,4659100
5/30/2022,SMRA,695,695,680,690,19994500
5/30/2022,SMRU,50,50,50,50,0
5/30/2022,SMSM,1415,1460,1410,1430,1140900
5/30/2022,SNLK,920,945,895,930,7262400
5/30/2022,SOCI,194,204,193,200,32406900
5/30/2022,SOFA,33,34,33,34,433500
5/30/2022,SOHO,6300,6300,6300,6300,400
5/30/2022,SONA,4050,4050,4050,4050,0
5/30/2022,SOSS,398,408,388,398,2915900
5/30/2022,SOSS-W,43,47,42,47,1600
5/30/2022,SOTS,270,290,254,280,4500
5/30/2022,SOTS-W,49,49,45,48,20400
5/30/2022,SPMA,725,770,725,755,3814700
5/30/2022,SPTO,590,600,580,595,762600
5/30/2022,SQMI,62,64,61,63,5747100
5/30/2022,SRAJ,195,195,190,191,202200
5/30/2022,SRIL,146,146,146,146,0
5/30/2022,SRSN,54,55,53,53,6624900
5/30/2022,SRTG,3130,3230,3120,3200,15860100
5/30/2022,SSIA,378,382,378,382,1616500
5/30/2022,SSMS,1270,1270,1235,1240,5445000
5/30/2022,SSTM,765,765,765,765,8200
5/30/2022,STAA,1110,1120,1055,1070,12728900
5/30/2022,STAR,133,137,130,137,19500
5/30/2022,STTP,7800,8050,7700,8050,1000
5/30/2022,SUGI,50,50,50,50,0
5/30/2022,SULI,97,100,91,91,48592300
5/30/2022,SUPR,46400,46400,46400,46400,100
5/30/2022,SURE,1910,1910,1910,1910,0
5/30/2022,SWAT,88,89,87,88,2772600
5/30/2022,TALF,348,364,348,348,4700
5/30/2022,TAMA,54,55,53,54,2979300
5/30/2022,TAMA-W,15,15,13,15,359500
5/30/2022,TAMU,50,50,50,50,31100
5/30/2022,TAPG,715,715,695,710,34924800
5/30/2022,TARA,50,50,50,50,15700
5/30/2022,TAXI,50,50,50,50,10900
5/30/2022,TAYS,196,197,191,196,135200
5/30/2022,TBIG,2770,2800,2730,2780,23843900
5/30/2022,TBLA,805,810,800,805,1414300
5/30/2022,TBMS,1725,1800,1725,1740,35700
5/30/2022,TCID,5300,5400,5300,5325,17600
5/30/2022,TCPI,10600,10950,10350,10950,8262700
5/30/2022,TDPM,119,119,119,119,0
5/30/2022,TEBE,930,1120,925,1090,2888400
5/30/2022,TECH,4780,5100,4670,5100,2446100
5/30/2022,TELE,121,121,121,121,0
5/30/2022,TFAS,4820,4980,4780,4980,77600
5/30/2022,TFCO,795,795,750,775,2400
5/30/2022,TGKA,7000,7250,6975,7250,2700
5/30/2022,TGRA,59,60,59,59,1975800
5/30/2022,TIFA,498,498,498,498,1100
5/30/2022,TINS,1790,1815,1760,1810,27529300
5/30/2022,TIRA,426,426,402,416,3100
5/30/2022,TIRT,95,96,94,95,1627400
5/30/2022,TKIM,6425,6875,6425,6825,14067500
5/30/2022,TLDN,720,805,720,720,2573600
5/30/2022,TLKM,4340,4340,4200,4250,107614100
5/30/2022,TMAS,3120,3280,2900,3010,12360400
5/30/2022,TMPO,130,132,130,132,10500
5/30/2022,TNCA,665,715,665,715,2373500
5/30/2022,TOBA,1035,1060,1010,1030,9132600
5/30/2022,TOPS,50,50,50,50,37400
5/30/2022,TOTL,304,312,304,310,1638200
5/30/2022,TOTO,272,272,258,264,1600000
5/30/2022,TOWR,970,975,955,965,45910800
5/30/2022,TOYS,140,142,138,140,12497600
5/30/2022,TOYS-W,15,15,14,15,2214300
5/30/2022,TPIA,10200,10275,10175,10275,2279200
5/30/2022,TPMA,436,450,420,440,7253000
5/30/2022,TRAM,50,50,50,50,0
5/30/2022,TRIL,50,50,50,50,0
5/30/2022,TRIM,284,284,276,280,1898400
5/30/2022,TRIN,505,585,494,530,43618700
5/30/2022,TRIN-W,110,145,109,133,22273400
5/30/2022,TRIO,426,426,426,426,0
5/30/2022,TRIS,172,179,168,169,1140400
5/30/2022,TRIS-W,6,6,6,6,0
5/30/2022,TRJA,240,244,222,226,30193000
5/30/2022,TRST,745,745,725,730,17600
5/30/2022,TRUE,80,81,79,79,6251100
5/30/2022,TRUE-W,17,18,17,17,1501500
5/30/2022,TRUK,152,154,150,153,8272700
5/30/2022,TRUS,362,424,352,402,30900
5/30/2022,TSPC,1445,1460,1440,1455,1577200
5/30/2022,TUGU,1360,1360,1345,1350,508100
5/30/2022,TURI,1560,1560,1560,1560,0
5/30/2022,UANG,735,775,715,750,10600
5/30/2022,UCID,1210,1215,1185,1210,1272400
5/30/2022,UFOE,1800,1915,1800,1820,6398300
5/30/2022,ULTJ,1510,1525,1495,1515,517500
5/30/2022,UNIC,13375,13950,13150,13800,19400
5/30/2022,UNIQ,75,81,73,73,40795700
5/30/2022,UNIT,316,316,316,316,0
5/30/2022,UNSP,119,119,114,117,228300
5/30/2022,UNTR,30700,30875,29925,30250,5216400
5/30/2022,UNVR,4760,4760,4620,4650,49609700
5/30/2022,URBN,318,324,314,324,401600
5/30/2022,UVCR,155,155,138,138,9032000
5/30/2022,UVCR-W,32,32,29,31,1191700
5/30/2022,VICI,494,494,490,492,2288300
5/30/2022,VICO,153,154,149,152,172600
5/30/2022,VINS,159,159,152,159,6400
5/30/2022,VIVA,50,50,50,50,17100
5/30/2022,VOKS,181,181,177,177,6200
5/30/2022,VRNA,110,111,107,108,403700
5/30/2022,WAPO,126,126,124,124,39800
5/30/2022,WEGE,175,179,175,178,8684900
5/30/2022,WEHA,175,175,166,170,20081600
5/30/2022,WGSH,183,184,173,184,9762700
5/30/2022,WICO,378,378,370,376,3600
5/30/2022,WIFI,334,344,328,332,56499200
5/30/2022,WIFI-W,128,128,128,128,0
5/30/2022,WIIM,510,515,500,505,9327800
5/30/2022,WIKA,945,970,940,965,21909800
5/30/2022,WINR,143,165,143,156,1434758900
5/30/2022,WINR-W,10,11,9,10,241233600
5/30/2022,WINS,194,212,194,196,119096500
5/30/2022,WIRG,860,875,810,835,69823300
5/30/2022,WIRG-W,545,565,494,520,2780900
5/30/2022,WMPP,123,124,120,121,27587900
5/30/2022,WMUU,141,144,139,141,12558700
5/30/2022,WOMF,256,258,252,254,594400
5/30/2022,WOOD,630,695,630,695,19066500
5/30/2022,WOWS,61,66,55,55,263217100
5/30/2022,WSBP,95,95,95,95,0
5/30/2022,WSKT,530,550,525,545,67962100
5/30/2022,WTON,210,212,208,212,6787800
5/30/2022,XAFA,1090,1455,1085,1455,4200
5/30/2022,XAQA,1048,1048,1048,1048,0
5/30/2022,XBES,1029,1030,1028,1030,9300
5/30/2022,XBID,575,575,575,575,0
5/30/2022,XBIG,562,562,550,562,300
5/30/2022,XBIN,550,550,550,550,0
5/30/2022,XBLQ,526,526,526,526,100
5/30/2022,XBNI,1130,1130,1130,1130,100
5/30/2022,XBSK,426,426,426,426,0
5/30/2022,XCEG,99,99,99,99,0
5/30/2022,XCID,84,85,84,84,700
5/30/2022,XCIS,103,103,103,103,1600
5/30/2022,XCLQ,109,109,109,109,7500
5/30/2022,XDIF,515,515,515,515,700
5/30/2022,XDSG,1027,1027,1027,1027,0
5/30/2022,XFES,139,139,139,139,0
5/30/2022,XIFE,113,113,111,111,94600
5/30/2022,XIHD,585,585,565,565,19000
5/30/2022,XIIC,991,991,991,991,0
5/30/2022,XIID,582,582,578,578,9500
5/30/2022,XIIF,555,555,540,542,13000
5/30/2022,XIIT,605,605,592,597,83600
5/30/2022,XIJI,652,661,652,655,12800
5/30/2022,XILV,123,125,123,125,1100
5/30/2022,XIML,280,280,269,276,1100
5/30/2022,XIPI,200,200,196,199,3300
5/30/2022,XISB,398,398,398,398,0
5/30/2022,XISC,749,749,749,749,1500
5/30/2022,XISI,342,342,342,342,100
5/30/2022,XISR,438,438,430,435,78000
5/30/2022,XKIV,555,555,553,553,800
5/30/2022,XKMS,1182,1184,1171,1180,788100
5/30/2022,XMIG,195,195,195,195,25600
5/30/2022,XMJM,1001,1001,1001,1001,0
5/30/2022,XMTS,505,505,505,505,0
5/30/2022,XNVE,171,171,170,171,12000
5/30/2022,XPCR,980,980,980,980,0
5/30/2022,XPDV,576,576,572,572,8700
5/30/2022,XPES,437,437,434,434,2200
5/30/2022,XPFT,571,571,571,571,0
5/30/2022,XPID,556,556,556,556,0
5/30/2022,XPLC,532,532,532,532,1900
5/30/2022,XPLQ,530,530,530,530,0
5/30/2022,XPMI,1010,1010,1010,1010,0
5/30/2022,XPSG,415,415,415,415,1000
5/30/2022,XPTD,555,555,555,555,200
5/30/2022,XSBC,118,118,118,118,1100
5/30/2022,XSMU,155,155,155,155,200
5/30/2022,XSPI,750,750,750,750,0
5/30/2022,XSRI,202,202,202,202,0
5/30/2022,XSSI,80,80,77,79,33100
5/30/2022,XSSK,729,729,729,729,0
5/30/2022,YELO,92,94,89,92,13522000
5/30/2022,YPAS,720,720,670,695,9600
5/30/2022,YULE,1990,2090,1955,2090,31300
5/30/2022,ZBRA,590,590,580,590,156400
5/30/2022,ZINC,85,86,83,83,433371600
5/30/2022,ZONE,1200,1205,1165,1205,1546100
5/30/2022,ZYRX,484,484,462,474,1080300
5/30/2022,ZYRX-W,63,63,58,62,285700
