<date>,<ticker>,<open>,<high>,<low>,<close>,<volume>
6/8/2022,IHSG,7141.085,7220.085,7102.862,7193.314,2016996442
6/8/2022,AALI,11950,12150,11950,12050,2027700
6/8/2022,ABBA,198,224,198,202,61701300
6/8/2022,ABDA,5950,5950,5950,5950,0
6/8/2022,ABMM,2680,2860,2680,2730,4646800
6/8/2022,ACES,975,990,975,985,19075500
6/8/2022,ACST,164,172,164,171,10670000
6/8/2022,ADCP,77,83,77,82,95489000
6/8/2022,ADES,6100,6300,6100,6125,165900
6/8/2022,ADHI,720,775,720,775,44960700
6/8/2022,ADMF,8150,8250,8150,8225,121900
6/8/2022,ADMG,181,183,181,182,633800
6/8/2022,ADMR,2210,2320,2210,2240,120363900
6/8/2022,ADRO,3650,3680,3590,3630,118444400
6/8/2022,AGAR,314,332,314,314,5300
6/8/2022,AGII,2270,2360,2270,2330,4581000
6/8/2022,AGRO,895,935,895,910,13493200
6/8/2022,AGRS,125,130,125,125,7095800
6/8/2022,AHAP,60,62,60,61,3011800
6/8/2022,AIMS,252,258,252,254,62600
6/8/2022,AISA,152,159,152,155,5257500
6/8/2022,AKKU,50,50,50,50,500
6/8/2022,AKPI,1605,1695,1605,1650,177300
6/8/2022,AKRA,1080,1120,1080,1105,30524400
6/8/2022,AKSI,330,346,330,340,400800
6/8/2022,ALDO,945,1075,945,1020,11911800
6/8/2022,ALDO-W,202,248,202,236,59000
6/8/2022,ALKA,322,340,322,322,229700
6/8/2022,ALMI,284,298,284,288,12500
6/8/2022,ALTO,220,220,220,220,36700
6/8/2022,AMAG,406,456,406,420,590200
6/8/2022,AMAN,510,515,510,515,170600
6/8/2022,AMAR,316,348,316,340,24027500
6/8/2022,AMFG,7975,8300,7975,8000,257500
6/8/2022,AMIN,133,138,133,137,93800
6/8/2022,AMOR,1520,1555,1520,1555,21500
6/8/2022,AMRT,1815,1850,1815,1850,22949200
6/8/2022,ANDI,50,50,50,50,8200
6/8/2022,ANJT,1025,1050,1025,1040,5876200
6/8/2022,ANTM,2430,2440,2400,2420,57669200
6/8/2022,APEX,408,418,408,414,466000
6/8/2022,APIC,1100,1125,1100,1110,20116500
6/8/2022,APII,208,252,208,224,32561700
6/8/2022,APLI,195,195,195,195,300
6/8/2022,APLN,117,122,117,117,18672900
6/8/2022,ARCI,376,384,376,378,2114700
6/8/2022,ARGO,1310,1500,1310,1355,1000
6/8/2022,ARII,234,248,234,242,377100
6/8/2022,ARKA,50,50,50,50,1042800
6/8/2022,ARMY,50,50,50,50,0
6/8/2022,ARNA,1070,1085,1070,1075,600800
6/8/2022,ARTA,1800,1820,1800,1820,2100
6/8/2022,ARTI,50,50,50,50,0
6/8/2022,ARTO,8200,9000,8200,8525,31724700
6/8/2022,ASBI,288,300,288,298,322400
6/8/2022,ASDM,1015,1050,1015,1015,13400
6/8/2022,ASGR,965,975,965,975,184900
6/8/2022,ASHA,308,308,308,308,2895700
6/8/2022,ASII,7150,7350,7150,7175,33478600
6/8/2022,ASJT,132,134,132,133,26000
6/8/2022,ASLC,185,195,185,190,51956100
6/8/2022,ASMI,130,145,130,137,176500
6/8/2022,ASPI,78,78,78,78,42600
6/8/2022,ASPI-W,13,14,13,13,966100
6/8/2022,ASRI,179,185,179,182,45752200
6/8/2022,ASRM,1540,1550,1540,1550,400
6/8/2022,ASSA,2160,2230,2160,2190,5959000
6/8/2022,ATAP,102,111,102,107,774300
6/8/2022,ATIC,432,448,432,432,145800
6/8/2022,AUTO,1230,1285,1230,1240,5131900
6/8/2022,AVIA,770,800,770,770,51041500
6/8/2022,AYLS,214,226,214,220,5727200
6/8/2022,BABP,143,152,143,150,65081200
6/8/2022,BABP-W3,83,83,83,83,75000
6/8/2022,BABP-W4,98,128,98,113,88800
6/8/2022,BACA,161,166,161,164,3264400
6/8/2022,BACA-W2,22,22,22,22,100
6/8/2022,BAJA,190,200,190,193,708500
6/8/2022,BALI,840,880,840,865,886900
6/8/2022,BANK,1915,1990,1915,1970,24101800
6/8/2022,BANK-W,1950,1950,1950,1950,300
6/8/2022,BAPA,90,98,90,93,52050100
6/8/2022,BAPI,50,50,50,50,4000
6/8/2022,BAPI-W,4,5,4,4,14203200
6/8/2022,BATA,472,525,472,472,3500
6/8/2022,BAUT,50,50,50,50,2666700
6/8/2022,BAUT-W,9,10,9,9,4574800
6/8/2022,BAYU,1100,1170,1100,1130,11200
6/8/2022,BBCA,7500,7600,7425,7600,108910500
6/8/2022,BBHI,3560,3990,3560,3850,18706600
6/8/2022,BBKP,200,206,200,202,86705800
6/8/2022,BBLD,424,450,424,430,101800
6/8/2022,BBMD,2030,2030,2030,2030,0
6/8/2022,BBNI,8950,9000,8850,9000,18016500
6/8/2022,BBRI,4400,4470,4380,4470,150604000
6/8/2022,BBRM,50,50,50,50,7500
6/8/2022,BBSI,4920,5000,4920,4920,600
6/8/2022,BBSS,50,51,50,50,7751900
6/8/2022,BBTN,1670,1675,1610,1625,59491000
6/8/2022,BBYB,1260,1415,1260,1360,93234700
6/8/2022,BCAP,148,158,148,152,123854500
6/8/2022,BCIC,157,164,157,160,1744600
6/8/2022,BCIP,53,57,53,54,8489700
6/8/2022,BDMN,2530,2710,2530,2530,6592100
6/8/2022,BEBS,4270,4450,4270,4270,63510200
6/8/2022,BEEF,50,51,50,51,644200
6/8/2022,BEKS,50,50,50,50,381800
6/8/2022,BELL,400,440,400,440,81325700
6/8/2022,BESS,535,585,535,540,236000
6/8/2022,BESS-W,402,434,402,430,15600
6/8/2022,BEST,121,125,121,123,23961000
6/8/2022,BFIN,1225,1240,1185,1190,34774400
6/8/2022,BGTG,145,152,145,147,12082400
6/8/2022,BHAT,995,1005,995,1000,1100800
6/8/2022,BHIT,60,66,60,63,1727417000
6/8/2022,BIKA,153,164,153,158,279700
6/8/2022,BIKE,222,234,222,228,8578400
6/8/2022,BIKE-W,16,18,16,18,589400
6/8/2022,BIMA,258,328,258,324,119894800
6/8/2022,BINA,3790,3890,3790,3870,233100
6/8/2022,BINO,134,137,134,137,5881600
6/8/2022,BINO-W,22,24,22,23,4780200
6/8/2022,BIPI,109,121,109,119,1529867300
6/8/2022,BIPI-W,9,11,9,10,44002000
6/8/2022,BIPP,51,54,51,53,5789000
6/8/2022,BIRD,1625,1730,1625,1640,10801600
6/8/2022,BISI,1750,1815,1750,1755,1450400
6/8/2022,BJBR,1450,1475,1450,1475,12256800
6/8/2022,BJTM,755,775,755,755,11107300
6/8/2022,BKDP,82,87,82,83,4390100
6/8/2022,BKSL,50,52,50,51,27054000
6/8/2022,BKSW,129,132,129,130,1276900
6/8/2022,BLTA,50,50,50,50,14300
6/8/2022,BLTZ,2430,2620,2430,2620,7600
6/8/2022,BLUE,316,338,316,322,3448100
6/8/2022,BMAS,1375,1405,1375,1400,84900
6/8/2022,BMHS,600,635,600,610,17802400
6/8/2022,BMRI,8225,8425,8150,8400,76704600
6/8/2022,BMSR,710,845,710,835,3083600
6/8/2022,BMTR,282,302,282,286,180831000
6/8/2022,BNBA,1755,1785,1755,1780,284100
6/8/2022,BNBR,50,50,50,50,61500
6/8/2022,BNGA,1050,1070,1050,1050,7614200
6/8/2022,BNII,276,280,276,278,1115800
6/8/2022,BNLI,1215,1240,1215,1240,137400
6/8/2022,BOBA,204,224,204,216,1765000
6/8/2022,BOGA,1320,1335,1320,1335,119311500
6/8/2022,BOLA,350,366,350,350,1609800
6/8/2022,BOLT,880,1045,880,1045,286100
6/8/2022,BOSS,55,59,55,55,27731500
6/8/2022,BPFI,645,660,645,645,12600
6/8/2022,BPII,7900,7900,7900,7900,0
6/8/2022,BPTR,200,234,200,206,1998900
6/8/2022,BRAM,11625,11875,11625,11875,200
6/8/2022,BRIS,1450,1465,1450,1460,4900600
6/8/2022,BRMS,222,234,222,222,578128200
6/8/2022,BRNA,1085,1085,1085,1085,0
6/8/2022,BRPT,815,815,805,810,36733300
6/8/2022,BSDE,935,945,935,935,8536900
6/8/2022,BSIM,595,605,595,600,95800
6/8/2022,BSML,1095,1175,1095,1110,6404000
6/8/2022,BSSR,3900,3980,3900,3940,1634800
6/8/2022,BSWD,1750,1750,1750,1750,0
6/8/2022,BTEK,50,50,50,50,1500
6/8/2022,BTEL,50,50,50,50,0
6/8/2022,BTON,306,328,306,318,15200
6/8/2022,BTPN,2500,2520,2500,2520,47600
6/8/2022,BTPS,3000,3040,3000,3030,776200
6/8/2022,BUDI,222,240,222,226,11117600
6/8/2022,BUKA,282,298,282,288,415845100
6/8/2022,BUKK,1045,1085,1045,1070,16200
6/8/2022,BULL,157,165,157,162,296470100
6/8/2022,BULL-W2,19,32,19,27,18800400
6/8/2022,BUMI,57,59,57,58,645021700
6/8/2022,BUVA,60,60,60,60,0
6/8/2022,BVIC,144,154,144,144,24673300
6/8/2022,BWPT,73,75,73,73,13359100
6/8/2022,BYAN,54375,60000,54375,54950,37000
6/8/2022,CAKK,87,90,87,90,4171100
6/8/2022,CAMP,278,286,278,280,465400
6/8/2022,CANI,125,132,125,128,105300
6/8/2022,CARE,500,515,500,510,467930300
6/8/2022,CARS,50,50,50,50,154200
6/8/2022,CASA,575,595,575,595,3441400
6/8/2022,CASH,159,171,159,164,898000
6/8/2022,CASS,438,444,438,438,161400
6/8/2022,CBMF,54,55,54,54,3157800
6/8/2022,CCSI,730,760,730,735,67400
6/8/2022,CEKA,2420,2500,2420,2480,38100
6/8/2022,CENT,188,192,188,191,5541500
6/8/2022,CFIN,262,284,262,278,23327800
6/8/2022,CINT,228,238,228,236,77400
6/8/2022,CITA,2900,3030,2900,3020,11800
6/8/2022,CITY,153,159,153,157,15200
6/8/2022,CLAY,700,740,700,700,900
6/8/2022,CLEO,466,480,466,480,11127900
6/8/2022,CLPI,1105,1120,1105,1105,102700
6/8/2022,CMNP,2060,2100,2060,2090,412500
6/8/2022,CMNP-W,1195,1195,1195,1195,0
6/8/2022,CMNT,875,890,875,890,29870500
6/8/2022,CMPP,294,316,294,294,5844600
6/8/2022,CMRY,3990,4020,3990,4000,208100
6/8/2022,CNKO,50,50,50,50,600
6/8/2022,CNTB,250,250,250,250,0
6/8/2022,CNTX,214,230,214,214,156700
6/8/2022,COCO,206,214,206,210,460000
6/8/2022,COWL,50,50,50,50,0
6/8/2022,CPIN,5200,5225,5100,5150,14442800
6/8/2022,CPRI,50,50,50,50,0
6/8/2022,CPRO,67,71,67,69,127210000
6/8/2022,CSAP,620,650,620,645,347200
6/8/2022,CSIS,79,83,79,82,5634000
6/8/2022,CSMI,3700,3700,3700,3700,0
6/8/2022,CSRA,865,910,865,890,851700
6/8/2022,CTBN,2450,2640,2450,2450,300
6/8/2022,CTRA,975,990,975,980,22378100
6/8/2022,CTTH,50,50,50,50,100
6/8/2022,DADA,50,50,50,50,2400
6/8/2022,DADA-W,8,9,8,9,2882400
6/8/2022,DART,208,218,208,210,20300
6/8/2022,DAYA,216,228,216,218,30000
6/8/2022,DCII,35800,35800,35800,35800,500
6/8/2022,DEAL,50,50,50,50,2534500
6/8/2022,DEFI,1455,1455,1455,1455,0
6/8/2022,DEPO,482,488,482,484,617200
6/8/2022,DEWA,54,57,54,55,60468900
6/8/2022,DFAM,470,550,470,470,6148300
6/8/2022,DGIK,110,124,110,111,64273400
6/8/2022,DGNS,276,308,276,300,3094800
6/8/2022,DIGI,95,95,95,95,1271500
6/8/2022,DILD,146,148,146,147,1591300
6/8/2022,DIVA,875,940,875,935,768300
6/8/2022,DKFT,138,145,138,143,25054200
6/8/2022,DLTA,4070,4120,4070,4100,115200
6/8/2022,DMAS,174,179,174,176,40645700
6/8/2022,DMMX,1650,1705,1650,1680,3826000
6/8/2022,DMND,805,815,805,815,14600
6/8/2022,DNAR,193,197,193,194,927600
6/8/2022,DNET,3200,3200,3200,3200,700
6/8/2022,DOID,412,436,412,412,156893200
6/8/2022,DPNS,406,424,406,412,152200
6/8/2022,DPUM,50,50,50,50,0
6/8/2022,DRMA,610,640,610,615,10152700
6/8/2022,DSFI,97,105,97,98,14297300
6/8/2022,DSNG,545,560,545,555,19056600
6/8/2022,DSSA,36750,36750,36750,36750,100
6/8/2022,DUCK,176,176,176,176,0
6/8/2022,DUTI,4290,4500,4290,4500,1200
6/8/2022,DVLA,2550,2570,2550,2550,26000
6/8/2022,DWGL,199,210,199,200,177900
6/8/2022,DWGL-W,29,32,29,31,557100
6/8/2022,DYAN,71,74,71,72,14089600
6/8/2022,EAST,92,94,92,92,1493200
6/8/2022,EAST-W,4,5,4,5,15967500
6/8/2022,ECII,565,625,565,565,32800
6/8/2022,EDGE,21000,21375,21000,21250,2100
6/8/2022,EKAD,1410,1420,1410,1415,126800
6/8/2022,ELSA,326,340,326,332,149691300
6/8/2022,ELTY,50,50,50,50,200
6/8/2022,EMDE,151,154,151,151,5100
6/8/2022,EMTK,1760,1845,1755,1815,57422600
6/8/2022,ENAK,1305,1320,1305,1310,644900
6/8/2022,ENRG,278,314,278,294,620046700
6/8/2022,ENVY,50,50,50,50,0
6/8/2022,ENZO,54,57,54,55,18286200
6/8/2022,ENZO-W,15,16,15,15,563000
6/8/2022,EPAC,50,50,50,50,26100
6/8/2022,EPMT,2770,2800,2770,2800,50400
6/8/2022,ERAA,510,515,505,510,14447300
6/8/2022,ERTX,192,206,192,200,169900
6/8/2022,ESIP,104,106,104,105,9544800
6/8/2022,ESIP-W,12,13,12,13,3884700
6/8/2022,ESSA,1040,1085,1040,1045,44515800
6/8/2022,ESTA,750,785,750,765,4569500
6/8/2022,ESTI,98,101,98,99,976400
6/8/2022,ETWA,62,62,62,62,0
6/8/2022,EXCL,2600,2680,2570,2670,38782400
6/8/2022,FAPA,3570,3610,3570,3600,63200
6/8/2022,FAST,940,955,940,955,1700
6/8/2022,FASW,6725,6725,6725,6725,0
6/8/2022,FILM,1720,1775,1720,1755,16857300
6/8/2022,FIMP,45,46,45,46,65200
6/8/2022,FIRE,222,256,222,232,1898500
6/8/2022,FISH,7000,7000,7000,7000,0
6/8/2022,FITT,254,258,254,258,396500
6/8/2022,FITT-W,110,110,110,110,0
6/8/2022,FLMC,80,89,80,85,78600
6/8/2022,FMII,342,354,342,346,400
6/8/2022,FOOD,104,105,104,104,185800
6/8/2022,FORU,276,290,276,280,1525800
6/8/2022,FORZ,50,50,50,50,0
6/8/2022,FPNI,360,368,360,360,2530100
6/8/2022,FREN,83,88,83,84,952552300
6/8/2022,FREN-W2,19,20,19,19,68992500
6/8/2022,FUJI,645,670,645,665,2100
6/8/2022,GAMA,50,50,50,50,2400
6/8/2022,GDST,96,99,96,98,716800
6/8/2022,GDYR,1320,1340,1320,1340,3700
6/8/2022,GEMA,330,348,330,348,800
6/8/2022,GEMS,6975,7275,6975,6975,142900
6/8/2022,GGRM,31850,31950,31525,31525,730000
6/8/2022,GGRP,635,700,635,685,1391800
6/8/2022,GHON,2260,2340,2260,2270,122800
6/8/2022,GIAA,222,222,222,222,0
6/8/2022,GJTL,670,710,670,710,21693900
6/8/2022,GLOB,148,152,148,148,63200
6/8/2022,GLVA,254,260,254,256,89100
6/8/2022,GMFI,76,78,76,76,907900
6/8/2022,GMTD,15600,15600,15600,15600,0
6/8/2022,GOLD,336,358,336,342,3800
6/8/2022,GOLL,50,50,50,50,0
6/8/2022,GOOD,540,580,540,550,8044500
6/8/2022,GOTO,362,390,350,378,6461195500
6/8/2022,GPRA,83,92,83,91,54431400
6/8/2022,GPSO,98,107,98,105,4154600
6/8/2022,GPSO-W,11,12,11,11,1725600
6/8/2022,GSMF,88,91,88,89,3111300
6/8/2022,GTBO,75,75,75,75,0
6/8/2022,GTSI,57,59,57,58,3427900
6/8/2022,GWSA,149,152,149,151,249200
6/8/2022,GZCO,189,195,189,191,56794800
6/8/2022,HADE,50,50,50,50,100
6/8/2022,HAIS,274,302,274,296,58279800
6/8/2022,HDFA,224,252,224,224,474700
6/8/2022,HDIT,161,179,161,161,1770900
6/8/2022,HDTX,120,120,120,120,0
6/8/2022,HEAL,1365,1400,1365,1375,24006000
6/8/2022,HELI,282,308,282,298,31300
6/8/2022,HERO,1530,1600,1530,1565,303300
6/8/2022,HEXA,6500,6575,6500,6550,264900
6/8/2022,HITS,1095,1175,1095,1095,37100
6/8/2022,HKMU,50,50,50,50,76100
6/8/2022,HMSP,1160,1165,1145,1155,43211400
6/8/2022,HOKI,143,149,143,148,4133400
6/8/2022,HOME,50,50,50,50,0
6/8/2022,HOMI,1315,1335,1315,1320,1110500
6/8/2022,HOPE,143,150,143,143,11902200
6/8/2022,HOPE-W,15,16,15,16,2506100
6/8/2022,HOTL,50,50,50,50,2100
6/8/2022,HRME,52,56,52,54,5603600
6/8/2022,HRTA,210,212,210,210,776600
6/8/2022,HRUM,2330,2340,2170,2180,120402000
6/8/2022,IATA,162,170,162,164,66491600
6/8/2022,IBFN,97,97,97,97,0
6/8/2022,IBOS,117,120,117,117,1221200
6/8/2022,IBOS-W,10,11,10,11,2105800
6/8/2022,IBST,6500,7950,6500,7950,1000
6/8/2022,ICBP,8600,8675,8575,8575,4854600
6/8/2022,ICON,80,84,80,83,2209800
6/8/2022,IDEA,60,62,60,60,2105000
6/8/2022,IDPR,171,180,171,177,1349300
6/8/2022,IFII,147,150,147,148,133900
6/8/2022,IFSH,1600,1665,1600,1655,2600
6/8/2022,IGAR,456,470,456,460,151600
6/8/2022,IIKP,50,50,50,50,0
6/8/2022,IKAI,50,50,50,50,7600
6/8/2022,IKAN,78,81,78,80,7107900
6/8/2022,IKBI,214,228,214,214,94400
6/8/2022,IMAS,820,870,820,855,3919600
6/8/2022,IMJS,358,380,358,372,1967600
6/8/2022,IMPC,3650,3710,3650,3670,3378800
6/8/2022,INAF,1070,1095,1070,1080,252700
6/8/2022,INAI,316,328,316,320,15200
6/8/2022,INCF,51,52,51,52,3321700
6/8/2022,INCI,720,750,720,720,312900
6/8/2022,INCO,7700,7700,7500,7700,12660900
6/8/2022,INDF,6975,7000,6875,6975,14006900
6/8/2022,INDO,99,101,99,100,4532000
6/8/2022,INDO-W,17,18,17,18,1755000
6/8/2022,INDR,10625,11025,10625,10800,246600
6/8/2022,INDS,2220,2240,2220,2220,1700
6/8/2022,INDX,334,378,334,334,20401600
6/8/2022,INDY,2980,3140,2980,3000,32681400
6/8/2022,INKP,8275,8400,8200,8350,4356600
6/8/2022,INOV,196,200,196,198,934800
6/8/2022,INPC,93,95,93,93,1180400
6/8/2022,INPP,400,408,400,400,10000
6/8/2022,INPS,1300,1340,1300,1340,3600
6/8/2022,INRU,610,660,610,635,21900
6/8/2022,INTA,74,74,74,74,0
6/8/2022,INTD,246,260,246,248,59500
6/8/2022,INTP,9550,9725,9475,9650,6595300
6/8/2022,IPAC,113,117,113,117,1100
6/8/2022,IPCC,635,650,635,640,2103300
6/8/2022,IPCM,306,316,306,314,3551200
6/8/2022,IPOL,162,165,162,164,1842000
6/8/2022,IPPE,234,256,234,240,18957400
6/8/2022,IPTV,114,131,114,129,369796900
6/8/2022,IRRA,1320,1380,1320,1380,4421800
6/8/2022,ISAT,5500,6250,5500,6200,17995500
6/8/2022,ISSP,312,318,312,314,8989600
6/8/2022,ITIC,266,270,266,268,233900
6/8/2022,ITMA,535,550,535,540,438100
6/8/2022,ITMA-W,73,100,73,81,43400
6/8/2022,ITMG,36250,36450,35025,35150,4462200
6/8/2022,JAST,119,125,119,121,9160400
6/8/2022,JAST-W,25,26,25,25,724200
6/8/2022,JAWA,153,161,153,158,2614300
6/8/2022,JAYA,142,145,142,142,7836300
6/8/2022,JAYA-W,34,37,34,35,4467100
6/8/2022,JECC,4360,4360,4360,4360,100
6/8/2022,JGLE,50,50,50,50,300
6/8/2022,JIHD,284,298,284,292,315000
6/8/2022,JKON,85,89,85,86,38588200
6/8/2022,JKSW,60,60,60,60,0
6/8/2022,JMAS,97,105,97,100,3198000
6/8/2022,JPFA,1500,1505,1455,1460,21959900
6/8/2022,JRPT,486,494,486,490,1220100
6/8/2022,JSKY,63,65,63,64,3366700
6/8/2022,JSMR,3870,3950,3870,3930,2332800
6/8/2022,JSPT,815,815,815,815,0
6/8/2022,JTPE,1000,1000,1000,1000,47700
6/8/2022,KAEF,1445,1485,1445,1450,1002800
6/8/2022,KARW,128,140,128,135,1266000
6/8/2022,KAYU,50,50,50,50,2700
6/8/2022,KBAG,50,50,50,50,533800
6/8/2022,KBAG-W,7,9,7,9,6875200
6/8/2022,KBLI,324,330,324,324,1611800
6/8/2022,KBLM,252,266,252,258,2968900
6/8/2022,KBLV,240,258,240,242,4841300
6/8/2022,KBRI,50,50,50,50,0
6/8/2022,KDSI,1200,1250,1200,1200,121800
6/8/2022,KEEN,456,464,456,458,989900
6/8/2022,KEJU,1260,1265,1260,1265,230100
6/8/2022,KIAS,50,50,50,50,1700
6/8/2022,KICI,192,196,192,194,225100
6/8/2022,KIJA,164,169,164,167,681700
6/8/2022,KINO,3640,3970,3640,3710,1592600
6/8/2022,KIOS,290,308,290,292,15423900
6/8/2022,KJEN,101,105,101,102,208700
6/8/2022,KKGI,630,685,630,630,12562800
6/8/2022,KLBF,1600,1635,1595,1625,44783800
6/8/2022,KMDS,560,660,560,595,582100
6/8/2022,KMTR,290,298,290,296,83200
6/8/2022,KOBX,600,660,600,600,10000500
6/8/2022,KOIN,151,151,151,151,2800
6/8/2022,KONI,1850,1980,1850,1900,2600
6/8/2022,KOPI,555,580,555,555,36900
6/8/2022,KOTA,50,50,50,50,285100
6/8/2022,KOTA-W,32,32,32,32,3000
6/8/2022,KPAL,50,50,50,50,0
6/8/2022,KPAS,62,62,62,62,0
6/8/2022,KPIG,90,96,90,93,156377100
6/8/2022,KRAH,436,436,436,436,0
6/8/2022,KRAS,380,394,380,390,9029200
6/8/2022,KREN,50,50,50,50,302400
6/8/2022,KUAS,76,83,76,76,56844500
6/8/2022,KUAS-W,16,17,16,16,4992700
6/8/2022,LABA,184,197,184,193,59148400
6/8/2022,LABA-W,24,27,24,26,22008600
6/8/2022,LAND,194,224,194,199,195853600
6/8/2022,LAPD,50,50,50,50,0
6/8/2022,LCGP,114,114,114,114,0
6/8/2022,LCKM,290,318,290,298,4600
6/8/2022,LEAD,50,51,50,50,3792300
6/8/2022,LFLO,83,85,83,84,21500
6/8/2022,LIFE,5900,5900,5900,5900,0
6/8/2022,LINK,4510,4600,4510,4510,2321900
6/8/2022,LION,388,420,388,402,91600
6/8/2022,LMAS,50,50,50,50,222900
6/8/2022,LMPI,168,175,168,175,20500
6/8/2022,LMSH,680,710,680,695,1600
6/8/2022,LPCK,1330,1385,1330,1335,5976700
6/8/2022,LPGI,9275,9275,9275,9275,0
6/8/2022,LPIN,480,510,480,480,6063400
6/8/2022,LPKR,125,128,125,128,17752900
6/8/2022,LPLI,264,266,264,264,26300
6/8/2022,LPPF,5050,5350,5050,5100,3199300
6/8/2022,LPPS,96,99,96,98,202700
6/8/2022,LRNA,187,200,187,200,72700
6/8/2022,LSIP,1375,1400,1375,1400,17308300
6/8/2022,LTLS,1460,1530,1460,1520,1800900
6/8/2022,LUCK,218,234,218,226,1727900
6/8/2022,LUCY,107,111,107,109,14334100
6/8/2022,LUCY-W,64,67,64,66,1935800
6/8/2022,MABA,50,50,50,50,0
6/8/2022,MAGP,50,50,50,50,200
6/8/2022,MAIN,610,630,610,615,1143200
6/8/2022,MAMI,50,50,50,50,0
6/8/2022,MAMI-W,6,6,6,6,0
6/8/2022,MAMIP,600,600,600,600,0
6/8/2022,MAPA,3040,3100,3040,3100,1331700
6/8/2022,MAPB,1655,1660,1655,1655,400
6/8/2022,MAPI,950,985,950,965,44084300
6/8/2022,MARI,172,182,172,176,18913800
6/8/2022,MARK,1090,1150,1090,1115,25711000
6/8/2022,MASA,3150,3230,3150,3200,3200
6/8/2022,MASB,3510,3510,3510,3510,100
6/8/2022,MASB-W,260,300,260,300,86700
6/8/2022,MAYA,585,605,585,585,443600
6/8/2022,MBAP,7250,7950,7250,7650,1215800
6/8/2022,MBSS,1180,1235,1180,1190,902100
6/8/2022,MBTO,112,116,112,114,194700
6/8/2022,MCAS,13025,13500,13025,13300,162500
6/8/2022,MCOL,7125,7325,7125,7175,966000
6/8/2022,MCOR,93,95,93,94,1435300
6/8/2022,MDIA,50,50,50,50,53000
6/8/2022,MDKA,5200,5250,5075,5125,56286000
6/8/2022,MDKI,204,208,204,206,795600
6/8/2022,MDLN,95,115,95,111,358355800
6/8/2022,MDRN,50,50,50,50,400
6/8/2022,MEDC,630,675,625,660,223835200
6/8/2022,MEGA,5700,5850,5700,5800,40500
6/8/2022,MERK,3930,4050,3930,4020,121200
6/8/2022,META,112,116,112,113,3316800
6/8/2022,MFIN,1430,1515,1430,1515,60400
6/8/2022,MFMI,770,820,770,775,6500
6/8/2022,MGLV,176,195,176,176,193900
6/8/2022,MGLV-W,1,1,1,1,0
6/8/2022,MGNA,50,50,50,50,0
6/8/2022,MGRO,845,870,845,850,9147200
6/8/2022,MICE,420,428,420,424,37700
6/8/2022,MIDI,2150,2250,2150,2210,26500
6/8/2022,MIKA,2620,2730,2600,2700,13273800
6/8/2022,MINA,50,50,50,50,100
6/8/2022,MIRA,50,50,50,50,100
6/8/2022,MITI,166,185,166,167,10190100
6/8/2022,MKNT,50,50,50,50,1400
6/8/2022,MKPI,22450,22500,22450,22475,15300
6/8/2022,MLBI,9900,10250,9900,9975,97400
6/8/2022,MLIA,3040,3310,3040,3290,8852700
6/8/2022,MLPL,175,181,175,177,24526900
6/8/2022,MLPT,3100,3170,3100,3150,13000
6/8/2022,MMLP,490,520,490,496,6206900
6/8/2022,MNCN,975,1035,970,1025,51722500
6/8/2022,MOLI,304,310,304,306,34700
6/8/2022,MPMX,1095,1190,1095,1100,35153600
6/8/2022,MPOW,96,99,96,97,3674700
6/8/2022,MPPA,248,260,248,252,21032600
6/8/2022,MPRO,625,765,625,635,7400
6/8/2022,MRAT,177,184,177,180,870000
6/8/2022,MREI,3480,3510,3480,3480,1400
6/8/2022,MSIN,4640,5100,4640,4700,2039800
6/8/2022,MSKY,330,356,330,356,7719600
6/8/2022,MTDL,680,690,680,680,7392500
6/8/2022,MTEL,720,745,720,725,53162500
6/8/2022,MTFN,50,50,50,50,100
6/8/2022,MTLA,350,358,350,356,110100
6/8/2022,MTMH,2460,2590,2460,2520,12207500
6/8/2022,MTPS,50,54,50,50,5720500
6/8/2022,MTRA,244,244,244,244,0
6/8/2022,MTSM,210,218,210,218,7700
6/8/2022,MTWI,146,157,146,148,28208800
6/8/2022,MYOH,1660,1685,1660,1685,11100
6/8/2022,MYOR,1680,1710,1680,1695,1945600
6/8/2022,MYRX,50,50,50,50,0
6/8/2022,MYRXP,50,50,50,50,0
6/8/2022,MYTX,58,62,58,58,37000
6/8/2022,NANO,50,53,50,51,6722300
6/8/2022,NANO-W,9,10,9,10,4534400
6/8/2022,NASA,50,55,50,50,28831300
6/8/2022,NASI,340,354,340,352,57337100
6/8/2022,NATO,600,620,600,610,334880600
6/8/2022,NELY,360,382,360,362,5536600
6/8/2022,NETV,354,370,354,354,22956300
6/8/2022,NFCX,8500,9000,8500,8800,96600
6/8/2022,NICK,434,464,434,462,42800
6/8/2022,NICL,106,115,106,106,82955700
6/8/2022,NICL-W,11,12,11,11,20498400
6/8/2022,NIKL,895,915,895,895,509400
6/8/2022,NIPS,282,282,282,282,0
6/8/2022,NIRO,139,147,139,147,208800
6/8/2022,NISP,635,645,635,640,30272800
6/8/2022,NOBU,560,590,560,560,573300
6/8/2022,NPGF,63,67,63,63,25312500
6/8/2022,NRCA,292,300,292,292,1319200
6/8/2022,NTBK,50,50,50,50,221200
6/8/2022,NTBK-W,8,9,8,8,9533200
6/8/2022,NUSA,50,50,50,50,0
6/8/2022,NZIA,142,150,142,142,260800
6/8/2022,OASA,685,750,685,685,1870500
6/8/2022,OBMD,127,140,127,134,6606700
6/8/2022,OBMD-W,29,32,29,32,3328100
6/8/2022,OCAP,159,159,159,159,0
6/8/2022,OILS,224,236,224,228,3818300
6/8/2022,OILS-W,60,61,60,60,153700
6/8/2022,OKAS,56,58,56,57,3751900
6/8/2022,OLIV,100,102,100,101,1441800
6/8/2022,OLIV-W,9,10,9,9,10058200
6/8/2022,OMRE,515,515,515,515,1000
6/8/2022,OPMS,109,119,109,116,1355500
6/8/2022,PADI,50,50,50,50,1400
6/8/2022,PALM,905,990,905,990,26824200
6/8/2022,PAMG,83,85,83,84,442800
6/8/2022,PANI,5475,5975,5475,5725,108400
6/8/2022,PANR,246,250,246,248,1913400
6/8/2022,PANS,1480,1530,1480,1520,661900
6/8/2022,PBID,1700,1715,1700,1705,632200
6/8/2022,PBRX,135,138,135,135,3228100
6/8/2022,PBSA,815,865,815,830,30700
6/8/2022,PCAR,150,155,150,150,142700
6/8/2022,PDES,204,210,204,204,2057500
6/8/2022,PEGE,1130,1200,1130,1195,372200
6/8/2022,PEHA,995,1005,995,1005,50500
6/8/2022,PGAS,1675,1700,1665,1690,204406700
6/8/2022,PGJO,72,75,72,75,85600
6/8/2022,PGLI,266,288,266,266,79600
6/8/2022,PGUN,685,700,685,700,5300
6/8/2022,PICO,93,99,93,94,35700
6/8/2022,PJAA,595,625,595,600,336900
6/8/2022,PKPK,184,191,184,186,5945700
6/8/2022,PLAN,36,37,36,37,234500
6/8/2022,PLAN-W,8,10,8,9,398400
6/8/2022,PLAS,50,50,50,50,0
6/8/2022,PLIN,2150,2500,2150,2500,3400
6/8/2022,PMJS,193,206,193,200,732900
6/8/2022,PMMP,392,408,392,398,19445600
6/8/2022,PNBN,1455,1530,1455,1485,31584700
6/8/2022,PNBS,64,68,64,64,36509900
6/8/2022,PNGO,1405,1435,1405,1435,6900
6/8/2022,PNIN,795,850,795,820,22082700
6/8/2022,PNLF,302,334,302,334,383120700
6/8/2022,PNSE,545,585,545,585,2000
6/8/2022,POLA,105,110,105,107,2634300
6/8/2022,POLA-W,62,69,62,64,105800
6/8/2022,POLI,1235,1235,1235,1235,90300
6/8/2022,POLL,474,520,474,480,9318000
6/8/2022,POLU,545,550,545,545,1400
6/8/2022,POLY,67,68,67,67,1521300
6/8/2022,POOL,50,50,50,50,0
6/8/2022,PORT,565,585,565,565,1700
6/8/2022,POSA,50,50,50,50,0
6/8/2022,POWR,720,740,720,720,2867000
6/8/2022,PPGL,140,155,140,151,8988900
6/8/2022,PPGL-W,9,12,9,11,17550000
6/8/2022,PPRE,160,175,160,166,24640400
6/8/2022,PPRO,50,51,50,51,10464400
6/8/2022,PRAS,212,214,212,214,347900
6/8/2022,PRDA,6200,6375,6200,6225,244200
6/8/2022,PRIM,262,268,262,266,678000
6/8/2022,PSAB,122,126,122,124,4105000
6/8/2022,PSDN,147,154,147,149,1069000
6/8/2022,PSGO,200,214,200,202,10885600
6/8/2022,PSKT,58,64,58,61,52626800
6/8/2022,PSSI,800,825,800,805,3247300
6/8/2022,PTBA,4030,4060,4000,4050,97305700
6/8/2022,PTDU,120,120,120,120,1150500
6/8/2022,PTIS,173,184,173,174,27500
6/8/2022,PTPP,915,970,915,970,55919300
6/8/2022,PTPW,905,935,905,930,484200
6/8/2022,PTRO,2900,2950,2900,2910,563300
6/8/2022,PTSN,206,210,206,208,169700
6/8/2022,PTSP,3600,3890,3600,3710,300
6/8/2022,PUDP,290,326,290,290,1300
6/8/2022,PURA,50,50,50,50,1909000
6/8/2022,PURA-W,11,12,11,11,475200
6/8/2022,PURE,53,54,53,54,1958400
6/8/2022,PURI,460,484,460,466,20200
6/8/2022,PWON,505,515,505,505,12609000
6/8/2022,PYFA,1025,1050,1025,1050,135800
6/8/2022,PZZA,620,635,620,620,338900
6/8/2022,R-ABFII,28600,28600,28600,28600,0
6/8/2022,R-LQ45X,1119,1135,1119,1125,73400
6/8/2022,RAJA,408,446,408,408,175345700
6/8/2022,RALS,630,650,630,640,11634300
6/8/2022,RANC,1400,1470,1400,1410,44700
6/8/2022,RBMS,56,58,56,57,3948700
6/8/2022,RDTX,6850,6850,6850,6850,0
6/8/2022,REAL,50,50,50,50,173800
6/8/2022,RELI,515,535,515,535,12600
6/8/2022,RICY,73,76,73,74,7831800
6/8/2022,RIGS,520,570,520,570,715700
6/8/2022,RIMO,50,50,50,50,0
6/8/2022,RISE,575,610,575,600,3644100
6/8/2022,RMBA,306,306,306,306,0
6/8/2022,RMKE,620,670,620,620,29544900
6/8/2022,ROCK,520,520,520,520,3500
6/8/2022,RODA,95,99,95,96,3644800
6/8/2022,RONY,800,800,800,800,0
6/8/2022,ROTI,1280,1290,1280,1290,112400
6/8/2022,RSGK,1280,1300,1280,1300,58300
6/8/2022,RUIS,200,214,200,208,1813400
6/8/2022,RUNS,218,228,218,226,260300
6/8/2022,SAFE,216,222,216,220,866700
6/8/2022,SAME,400,430,400,402,19467000
6/8/2022,SAMF,505,535,505,525,2815000
6/8/2022,SAPX,1235,1290,1235,1290,28400
6/8/2022,SATU,107,109,107,108,2762500
6/8/2022,SBAT,50,50,50,50,31100
6/8/2022,SBAT-W,6,8,6,8,2105300
6/8/2022,SBAT-W2,12,18,12,14,18380300
6/8/2022,SBMA,148,153,148,148,3898200
6/8/2022,SBMA-W,46,50,46,49,234800
6/8/2022,SCCO,9925,11175,9925,9950,61700
6/8/2022,SCMA,210,222,210,216,182429100
6/8/2022,SCNP,218,226,218,222,19100
6/8/2022,SCPI,29000,29000,29000,29000,0
6/8/2022,SDMU,106,133,106,106,576196500
6/8/2022,SDPC,132,136,132,135,528600
6/8/2022,SDRA,590,600,590,595,170800
6/8/2022,SEMA,244,250,244,248,1445700
6/8/2022,SEMA-W,35,39,35,36,3156400
6/8/2022,SFAN,1550,1560,1550,1555,371500
6/8/2022,SGER,2620,2940,2620,2620,30906200
6/8/2022,SGER-W,2000,2000,2000,2000,0
6/8/2022,SGRO,2190,2280,2190,2240,468200
6/8/2022,SHID,2280,2310,2280,2300,340200
6/8/2022,SHIP,990,1005,990,1000,3871100
6/8/2022,SICO,131,149,131,134,38723600
6/8/2022,SICO-W,50,55,50,50,1075600
6/8/2022,SIDO,975,995,975,985,11569500
6/8/2022,SILO,1060,1130,1060,1125,1878900
6/8/2022,SIMA,50,50,50,50,0
6/8/2022,SIMP,500,505,500,500,2855700
6/8/2022,SINI,254,272,254,272,1900
6/8/2022,SINI-W,121,129,121,124,6500
6/8/2022,SIPD,1395,1455,1395,1410,65900
6/8/2022,SKBM,380,420,380,406,223400
6/8/2022,SKLT,1935,2180,1935,1985,9000
6/8/2022,SKRN,1255,1270,1255,1260,891200
6/8/2022,SKYB,51,51,51,51,0
6/8/2022,SLIS,340,406,340,404,127997700
6/8/2022,SMAR,5050,5150,5050,5100,43800
6/8/2022,SMBR,505,525,505,515,3942500
6/8/2022,SMCB,1665,1675,1665,1670,177300
6/8/2022,SMDM,202,212,202,210,269500
6/8/2022,SMDR,3800,3870,3800,3810,6761700
6/8/2022,SMGR,7150,7250,7125,7225,5756400
6/8/2022,SMKL,396,404,396,398,1811600
6/8/2022,SMKL-W,13,18,13,13,9268300
6/8/2022,SMKM,210,230,210,218,2342800
6/8/2022,SMMA,12100,12100,12100,12100,0
6/8/2022,SMMT,1100,1185,1100,1100,9685300
6/8/2022,SMRA,660,680,660,665,34954400
6/8/2022,SMRU,50,50,50,50,0
6/8/2022,SMSM,1410,1440,1410,1425,1098300
6/8/2022,SNLK,1000,1040,1000,1020,10304800
6/8/2022,SOCI,200,208,200,200,10890300
6/8/2022,SOFA,32,33,32,33,366300
6/8/2022,SOHO,5950,5950,5950,5950,200
6/8/2022,SONA,3900,3900,3900,3900,0
6/8/2022,SOSS,384,400,384,394,1817800
6/8/2022,SOSS-W,39,43,39,39,6600
6/8/2022,SOTS,280,300,280,298,700
6/8/2022,SOTS-W,48,52,48,52,500
6/8/2022,SPMA,690,750,690,710,2434000
6/8/2022,SPTO,585,600,585,590,482800
6/8/2022,SQMI,63,68,63,65,22024200
6/8/2022,SRAJ,185,189,185,189,155800
6/8/2022,SRIL,146,146,146,146,0
6/8/2022,SRSN,52,54,52,52,5797800
6/8/2022,SRTG,3310,3470,3310,3400,20675200
6/8/2022,SSIA,392,398,392,396,2542000
6/8/2022,SSMS,1205,1245,1205,1245,8424600
6/8/2022,SSTM,800,800,800,800,0
6/8/2022,STAA,1150,1200,1150,1160,30258500
6/8/2022,STAR,134,136,134,134,1200
6/8/2022,STTP,8350,8350,8350,8350,100
6/8/2022,SUGI,50,50,50,50,0
6/8/2022,SULI,71,76,71,71,26607900
6/8/2022,SUPR,41000,41000,41000,41000,0
6/8/2022,SURE,1900,1900,1900,1900,0
6/8/2022,SWAT,88,93,88,91,15723300
6/8/2022,TALF,358,358,358,358,100
6/8/2022,TAMA,54,56,54,56,6059200
6/8/2022,TAMA-W,14,15,14,15,537900
6/8/2022,TAMU,50,50,50,50,0
6/8/2022,TAPG,680,705,680,700,33551400
6/8/2022,TARA,50,50,50,50,300
6/8/2022,TAXI,50,50,50,50,2000
6/8/2022,TAYS,196,198,196,197,59000
6/8/2022,TBIG,2810,2850,2800,2840,19085700
6/8/2022,TBLA,790,805,790,795,1781500
6/8/2022,TBMS,1790,1790,1790,1790,11500
6/8/2022,TCID,4990,5100,4990,5000,49300
6/8/2022,TCPI,11500,11800,11500,11600,7173700
6/8/2022,TDPM,119,119,119,119,0
6/8/2022,TEBE,965,1000,965,985,271200
6/8/2022,TECH,5600,6000,5600,5900,2548200
6/8/2022,TELE,106,106,106,106,647100
6/8/2022,TFAS,4610,4650,4610,4640,2200
6/8/2022,TFCO,750,750,750,750,0
6/8/2022,TGKA,7025,7250,7025,7250,1900
6/8/2022,TGRA,62,66,62,63,4916000
6/8/2022,TIFA,496,510,496,510,11400
6/8/2022,TINS,1960,1980,1930,1960,31492300
6/8/2022,TIRA,400,424,400,422,3400
6/8/2022,TIRT,86,91,86,87,633400
6/8/2022,TKIM,7100,7175,7075,7100,2360400
6/8/2022,TLDN,675,695,675,680,1126400
6/8/2022,TLKM,4150,4170,4080,4100,202555900
6/8/2022,TMAS,2730,2900,2730,2760,6568000
6/8/2022,TMPO,125,130,125,129,230700
6/8/2022,TNCA,610,660,610,615,3556200
6/8/2022,TOBA,1010,1050,1010,1025,3359700
6/8/2022,TOPS,50,50,50,50,6000
6/8/2022,TOTL,322,332,322,322,6530000
6/8/2022,TOTO,284,312,284,300,1391500
6/8/2022,TOWR,970,980,960,965,33417700
6/8/2022,TOYS,128,157,128,153,114372900
6/8/2022,TOYS-W,13,15,13,14,4675800
6/8/2022,TPIA,10025,10100,10000,10000,2739200
6/8/2022,TPMA,438,470,438,438,9075200
6/8/2022,TRAM,50,50,50,50,0
6/8/2022,TRIL,50,50,50,50,0
6/8/2022,TRIM,274,280,274,278,1444800
6/8/2022,TRIN,484,500,484,484,8904400
6/8/2022,TRIN-W,115,120,115,117,246400
6/8/2022,TRIO,426,426,426,426,0
6/8/2022,TRIS,179,194,179,186,1986800
6/8/2022,TRIS-W,6,6,6,6,0
6/8/2022,TRJA,218,232,218,224,10584800
6/8/2022,TRST,725,740,725,740,56300
6/8/2022,TRUE,67,75,67,70,153349300
6/8/2022,TRUE-W,16,17,16,17,8462500
6/8/2022,TRUK,139,149,139,146,9789300
6/8/2022,TRUS,390,402,390,390,2700
6/8/2022,TSPC,1445,1460,1445,1455,2383500
6/8/2022,TUGU,1325,1340,1325,1330,286300
6/8/2022,TURI,1560,1560,1560,1560,0
6/8/2022,UANG,635,680,635,640,2500
6/8/2022,UCID,1195,1215,1195,1200,5359900
6/8/2022,UFOE,1750,1875,1750,1750,210700
6/8/2022,ULTJ,1490,1510,1490,1500,771400
6/8/2022,UNIC,13375,13850,13375,13375,4500
6/8/2022,UNIQ,64,69,64,65,5885000
6/8/2022,UNIT,316,316,316,316,0
6/8/2022,UNSP,120,124,120,123,501700
6/8/2022,UNTR,33275,33300,32775,33050,6156200
6/8/2022,UNVR,4740,4970,4730,4890,56202700
6/8/2022,URBN,312,320,312,318,280600
6/8/2022,UVCR,117,126,117,119,6402100
6/8/2022,UVCR-W,30,31,30,31,381300
6/8/2022,VICI,474,478,474,476,2136200
6/8/2022,VICO,148,156,148,152,62600
6/8/2022,VINS,150,154,150,154,44800
6/8/2022,VIVA,50,50,50,50,38200
6/8/2022,VOKS,169,176,169,169,44300
6/8/2022,VRNA,110,115,110,110,969800
6/8/2022,WAPO,112,123,112,121,149100
6/8/2022,WEGE,175,181,175,180,15904800
6/8/2022,WEHA,165,169,165,165,3740600
6/8/2022,WGSH,206,218,206,210,7047500
6/8/2022,WICO,352,376,352,376,800
6/8/2022,WIFI,304,316,304,310,20028000
6/8/2022,WIFI-W,120,120,120,120,1200
6/8/2022,WIIM,540,565,540,545,10842700
6/8/2022,WIKA,935,985,930,980,54944400
6/8/2022,WINR,104,106,104,104,280652500
6/8/2022,WINR-W,8,9,8,9,23641400
6/8/2022,WINS,180,191,180,185,14624700
6/8/2022,WIRG,730,770,730,765,72305100
6/8/2022,WIRG-W,430,460,430,442,1845400
6/8/2022,WMPP,119,124,119,121,13815700
6/8/2022,WMUU,137,141,137,140,13014000
6/8/2022,WOMF,256,262,256,260,354200
6/8/2022,WOOD,650,680,650,660,14377900
6/8/2022,WOWS,50,50,50,50,688300
6/8/2022,WSBP,95,95,95,95,0
6/8/2022,WSKT,555,585,555,565,89876600
6/8/2022,WTON,210,224,210,220,18667300
6/8/2022,XAFA,1368,1836,1368,1368,500
6/8/2022,XAQA,1071,1071,1071,1071,100
6/8/2022,XBES,1076,1076,1076,1076,100
6/8/2022,XBID,597,597,597,597,100
6/8/2022,XBIG,578,588,578,578,2900
6/8/2022,XBIN,565,565,565,565,0
6/8/2022,XBLQ,535,535,535,535,1800
6/8/2022,XBNI,1127,1145,1127,1145,900
6/8/2022,XBSK,441,441,441,441,100
6/8/2022,XCEG,99,100,99,99,10400
6/8/2022,XCID,83,89,83,89,1800
6/8/2022,XCIS,100,101,100,100,1100
6/8/2022,XCLQ,108,110,108,108,95200
6/8/2022,XDIF,515,515,515,515,300
6/8/2022,XDSG,1034,1042,1034,1042,1600
6/8/2022,XFES,139,139,139,139,0
6/8/2022,XIFE,113,113,113,113,1800
6/8/2022,XIHD,581,583,581,583,27800
6/8/2022,XIIC,1004,1004,1004,1004,0
6/8/2022,XIID,581,581,581,581,34600
6/8/2022,XIIF,550,550,550,550,2000
6/8/2022,XIIT,590,608,590,608,26600
6/8/2022,XIJI,672,680,672,680,7700
6/8/2022,XILV,126,126,126,126,300
6/8/2022,XIML,276,276,276,276,0
6/8/2022,XIPI,199,199,199,199,0
6/8/2022,XISB,398,398,398,398,0
6/8/2022,XISC,748,748,748,748,1400
6/8/2022,XISI,356,356,356,356,0
6/8/2022,XISR,441,441,441,441,5000
6/8/2022,XKIV,574,574,574,574,0
6/8/2022,XKMS,1184,1195,1184,1195,650000
6/8/2022,XMIG,201,201,201,201,0
6/8/2022,XMJM,1001,1001,1001,1001,0
6/8/2022,XMTS,515,515,515,515,0
6/8/2022,XNVE,180,180,180,180,200
6/8/2022,XPCR,1007,1007,1007,1007,100
6/8/2022,XPDV,588,588,588,588,1200
6/8/2022,XPES,461,461,461,461,1100
6/8/2022,XPFT,583,583,583,583,0
6/8/2022,XPID,574,574,574,574,0
6/8/2022,XPLC,536,536,536,536,0
6/8/2022,XPLQ,542,542,542,542,0
6/8/2022,XPMI,1010,1010,1010,1010,0
6/8/2022,XPSG,423,423,423,423,0
6/8/2022,XPTD,560,560,560,560,0
6/8/2022,XSBC,116,117,116,117,200
6/8/2022,XSMU,155,155,155,155,0
6/8/2022,XSPI,750,750,750,750,0
6/8/2022,XSRI,202,202,202,202,0
6/8/2022,XSSI,79,83,79,83,105100
6/8/2022,XSSK,733,733,733,733,100
6/8/2022,YELO,100,107,100,101,91598700
6/8/2022,YPAS,660,700,660,685,4300
6/8/2022,YULE,2080,2100,2080,2100,1200
6/8/2022,ZBRA,540,590,540,585,3311400
6/8/2022,ZINC,81,85,81,83,1041569900
6/8/2022,ZONE,1375,1475,1375,1475,1913900
6/8/2022,ZYRX,462,484,462,480,685800
6/8/2022,ZYRX-W,57,61,57,60,431500
