<date>,<ticker>,<open>,<high>,<low>,<close>,<volume>
4/14/2022,IHSG,7265.32,7282.906,7234.333,7235.532,247813122
4/14/2022,AALI,12825,13000,12800,12875,1459500
4/14/2022,ABBA,248,250,238,244,14326200
4/14/2022,ABDA,5975,5975,5975,5975,0
4/14/2022,ABMM,2540,2550,2410,2520,3949900
4/14/2022,ACES,1180,1185,1125,1145,48269100
4/14/2022,ACST,181,184,180,180,3740600
4/14/2022,ADCP,83,84,81,82,16611000
4/14/2022,ADES,3680,3700,3670,3680,44600
4/14/2022,ADHI,700,705,690,700,5125700
4/14/2022,ADMF,8000,8050,7950,8000,357500
4/14/2022,ADMG,183,183,181,183,196300
4/14/2022,ADMR,2770,2900,2750,2860,148643200
4/14/2022,ADRO,3350,3350,3280,3310,112905400
4/14/2022,AGAR,336,390,312,312,162000
4/14/2022,AGII,2180,2450,2180,2450,34047900
4/14/2022,AGRO,1050,1090,1045,1060,29626000
4/14/2022,AGRS,133,134,129,129,7510300
4/14/2022,AHAP,66,67,64,66,3581600
4/14/2022,AIMS,274,288,270,284,13200
4/14/2022,AISA,176,177,174,175,2501200
4/14/2022,AKKU,50,50,50,50,3379300
4/14/2022,AKPI,950,950,920,950,4700
4/14/2022,AKRA,935,950,920,930,34298500
4/14/2022,AKSI,446,452,416,446,9027500
4/14/2022,ALDO,1050,1050,1010,1030,5834600
4/14/2022,ALDO-W,180,180,145,179,20100
4/14/2022,ALKA,284,306,270,284,91400
4/14/2022,ALMI,296,298,280,280,900
4/14/2022,ALTO,208,212,206,210,21400
4/14/2022,AMAG,394,394,386,388,31400
4/14/2022,AMAN,525,525,520,525,228600
4/14/2022,AMAR,392,394,382,384,8454400
4/14/2022,AMFG,6050,6075,6025,6025,11500
4/14/2022,AMIN,160,160,157,160,7900
4/14/2022,AMOR,1515,1515,1460,1505,37200
4/14/2022,AMRT,1700,1730,1685,1720,54680200
4/14/2022,ANDI,50,50,50,50,113900
4/14/2022,ANJT,1005,1030,990,1015,2271900
4/14/2022,ANTM,2790,2870,2750,2780,201698200
4/14/2022,APEX,505,520,500,510,532300
4/14/2022,APIC,1085,1090,1070,1075,11227000
4/14/2022,APII,184,187,183,186,982200
4/14/2022,APLI,204,204,190,190,600
4/14/2022,APLN,113,115,112,113,5188500
4/14/2022,ARCI,474,474,466,466,17102100
4/14/2022,ARGO,1375,1500,1260,1370,1800
4/14/2022,ARII,246,246,240,246,1100
4/14/2022,ARKA,50,50,50,50,23500
4/14/2022,ARMY,50,50,50,50,0
4/14/2022,ARNA,955,970,950,955,2977300
4/14/2022,ARTA,1800,1800,1790,1790,2900
4/14/2022,ARTI,50,50,50,50,0
4/14/2022,ARTO,13050,13050,12800,13000,13170700
4/14/2022,ASBI,284,302,284,298,140300
4/14/2022,ASDM,990,995,990,995,1000
4/14/2022,ASGR,1000,1005,970,975,2970200
4/14/2022,ASII,6975,7050,6875,6875,23891600
4/14/2022,ASJT,129,130,128,128,66400
4/14/2022,ASLC,210,238,204,216,109669400
4/14/2022,ASMI,173,176,167,173,85700
4/14/2022,ASPI,75,77,74,75,2160700
4/14/2022,ASPI-W,18,18,14,16,21633300
4/14/2022,ASRI,163,165,162,164,4681400
4/14/2022,ASRM,1625,1625,1625,1625,0
4/14/2022,ASSA,2500,2680,2430,2570,53080400
4/14/2022,ATAP,120,128,120,123,920000
4/14/2022,ATIC,486,486,474,478,142900
4/14/2022,AUTO,1165,1185,1165,1185,3194300
4/14/2022,AVIA,780,795,775,790,23576600
4/14/2022,AYLS,308,312,292,300,6438800
4/14/2022,BABP,161,168,161,162,52276100
4/14/2022,BABP-W3,112,112,112,112,600
4/14/2022,BABP-W4,149,149,144,144,1100
4/14/2022,BACA,188,190,185,185,8741500
4/14/2022,BACA-W2,30,30,30,30,300
4/14/2022,BAJA,296,336,296,324,11687600
4/14/2022,BALI,790,795,785,785,41000
4/14/2022,BANK,2170,2180,2140,2140,15479900
4/14/2022,BANK-W,1520,1520,1520,1520,0
4/14/2022,BAPA,107,109,104,105,6198600
4/14/2022,BAPI,50,50,50,50,57300
4/14/2022,BAPI-W,7,7,6,7,1977800
4/14/2022,BATA,456,460,456,460,1600
4/14/2022,BAUT,87,87,61,61,161912000
4/14/2022,BAUT-W,13,13,12,13,27485600
4/14/2022,BAYU,1095,1095,1095,1095,0
4/14/2022,BBCA,7800,7800,7700,7700,93342900
4/14/2022,BBHI,5925,6050,5850,5975,7804100
4/14/2022,BBKP,226,230,224,226,52780500
4/14/2022,BBLD,412,412,396,396,300
4/14/2022,BBMD,2050,2050,2050,2050,500
4/14/2022,BBNI,8450,8500,8350,8400,17990600
4/14/2022,BBRI,4600,4610,4530,4540,150659600
4/14/2022,BBRM,50,50,50,50,35900
4/14/2022,BBSI,5500,5500,5325,5325,10900
4/14/2022,BBSS,51,51,50,51,1457600
4/14/2022,BBTN,1655,1655,1615,1620,14714100
4/14/2022,BBYB,1890,1985,1870,1965,37798700
4/14/2022,BCAP,244,256,244,244,344406300
4/14/2022,BCIC,149,149,146,147,213500
4/14/2022,BCIP,66,67,65,66,2718500
4/14/2022,BDMN,2320,2350,2320,2340,1077800
4/14/2022,BEBS,4190,4240,4100,4110,78351600
4/14/2022,BEEF,56,62,54,57,18004200
4/14/2022,BEKS,50,50,50,50,13330500
4/14/2022,BELL,65,67,61,66,33634300
4/14/2022,BESS,480,484,476,484,23900
4/14/2022,BESS-W,426,426,388,388,3600
4/14/2022,BEST,106,106,103,105,22056100
4/14/2022,BFIN,1340,1350,1320,1325,28381100
4/14/2022,BGTG,175,186,170,184,75310900
4/14/2022,BHAT,1005,1005,995,995,932600
4/14/2022,BHIT,59,59,57,57,193916400
4/14/2022,BIKA,220,220,220,220,162700
4/14/2022,BIKE,181,195,181,190,18134400
4/14/2022,BIKE-W,23,24,22,22,28153000
4/14/2022,BIMA,240,242,224,224,3225000
4/14/2022,BINA,3380,3420,3380,3380,107300
4/14/2022,BINO,134,135,132,134,7091000
4/14/2022,BINO-W,25,25,24,25,4551100
4/14/2022,BIPI,116,118,108,110,677612900
4/14/2022,BIPI-W,19,20,17,18,30700700
4/14/2022,BIPP,52,52,51,52,691700
4/14/2022,BIRD,1295,1300,1260,1270,5410300
4/14/2022,BISI,1375,1400,1355,1375,1298100
4/14/2022,BJBR,1410,1440,1405,1435,13707000
4/14/2022,BJTM,760,770,755,765,11138700
4/14/2022,BKDP,95,95,91,91,4073500
4/14/2022,BKSL,53,53,51,52,42844800
4/14/2022,BKSW,141,144,139,142,1506900
4/14/2022,BLTA,50,50,50,50,53200
4/14/2022,BLTZ,2730,3080,2730,2900,600
4/14/2022,BLUE,278,280,276,280,78000
4/14/2022,BMAS,1305,1370,1305,1325,14800
4/14/2022,BMHS,725,765,715,765,27762300
4/14/2022,BMRI,7725,7750,7650,7675,31637800
4/14/2022,BMSR,244,246,238,238,112200
4/14/2022,BMTR,260,268,258,266,52552100
4/14/2022,BNBA,2670,2740,2560,2600,2522100
4/14/2022,BNBR,50,54,50,51,773704200
4/14/2022,BNGA,1160,1185,1155,1175,26218100
4/14/2022,BNII,292,294,284,288,2876600
4/14/2022,BNLI,1285,1290,1250,1260,109000
4/14/2022,BOBA,204,206,200,206,640900
4/14/2022,BOGA,1400,1410,1375,1385,95119700
4/14/2022,BOLA,386,400,378,394,8464000
4/14/2022,BOLT,1070,1095,995,1020,9900
4/14/2022,BOSS,90,94,87,88,181731800
4/14/2022,BPFI,665,685,665,685,52100
4/14/2022,BPII,7300,7300,7200,7200,92000
4/14/2022,BPTR,230,254,230,250,502300
4/14/2022,BRAM,11700,11975,11700,11975,200
4/14/2022,BRIS,1505,1575,1505,1560,20906100
4/14/2022,BRMS,278,278,228,232,785387900
4/14/2022,BRNA,975,975,945,975,11800
4/14/2022,BRPT,880,885,870,870,21091100
4/14/2022,BSDE,940,950,940,945,10662300
4/14/2022,BSIM,630,635,610,630,56800
4/14/2022,BSML,1170,1400,1145,1350,36180900
4/14/2022,BSSR,4490,4500,4330,4410,1346800
4/14/2022,BSWD,1750,1750,1750,1750,0
4/14/2022,BTEK,50,50,50,50,18900
4/14/2022,BTEL,50,50,50,50,0
4/14/2022,BTON,346,366,346,346,5800
4/14/2022,BTPN,2580,2580,2550,2560,6000
4/14/2022,BTPS,3200,3230,3120,3180,5200100
4/14/2022,BUDI,214,230,210,226,18166900
4/14/2022,BUKA,348,354,338,346,466996800
4/14/2022,BUKK,1125,1125,1105,1125,7700
4/14/2022,BULL,154,158,151,151,138158600
4/14/2022,BULL-W2,44,47,43,43,2064200
4/14/2022,BUMI,69,70,67,68,1668478600
4/14/2022,BUVA,60,60,60,60,0
4/14/2022,BVIC,185,193,176,178,117391400
4/14/2022,BWPT,90,90,83,84,111085300
4/14/2022,BYAN,43000,43500,42100,43200,29100
4/14/2022,CAKK,91,92,87,88,9776300
4/14/2022,CAMP,274,276,272,274,206900
4/14/2022,CANI,142,142,136,138,257300
4/14/2022,CARE,585,605,580,590,365747800
4/14/2022,CARS,50,50,50,50,92800
4/14/2022,CASA,580,580,565,570,1415800
4/14/2022,CASH,197,202,188,198,21618900
4/14/2022,CASS,348,368,344,354,52100
4/14/2022,CBMF,60,64,59,61,30791900
4/14/2022,CCSI,760,760,725,745,567200
4/14/2022,CEKA,1880,1880,1860,1860,41200
4/14/2022,CENT,252,256,244,246,29007600
4/14/2022,CFIN,244,246,244,246,2027300
4/14/2022,CINT,236,236,228,228,178900
4/14/2022,CITA,3000,3000,2800,3000,19200
4/14/2022,CITY,148,153,146,149,60100
4/14/2022,CLAY,725,725,725,725,100
4/14/2022,CLEO,438,442,434,440,7872000
4/14/2022,CLPI,1065,1065,1045,1045,53500
4/14/2022,CMNP,2220,2300,2180,2290,14800
4/14/2022,CMNP-W,1190,1220,1190,1220,115800
4/14/2022,CMNT,1160,1165,1150,1165,44716900
4/14/2022,CMPP,645,740,630,730,27744100
4/14/2022,CMRY,3700,3700,3530,3680,492000
4/14/2022,CNKO,50,50,50,50,1000
4/14/2022,CNTB,250,250,250,250,0
4/14/2022,CNTX,260,260,244,260,26300
4/14/2022,COCO,250,250,244,246,337300
4/14/2022,COWL,50,50,50,50,0
4/14/2022,CPIN,5225,5225,4990,4990,19434100
4/14/2022,CPRI,50,50,50,50,0
4/14/2022,CPRO,80,81,79,79,108632500
4/14/2022,CSAP,510,515,500,510,703500
4/14/2022,CSIS,94,97,94,95,7314900
4/14/2022,CSMI,3360,4150,3360,3700,7400
4/14/2022,CSRA,760,770,730,760,1952000
4/14/2022,CTBN,2590,2590,2590,2590,0
4/14/2022,CTRA,980,990,960,965,43206300
4/14/2022,CTTH,50,50,50,50,1000
4/14/2022,DADA,50,50,50,50,3118100
4/14/2022,DADA-W,10,13,10,12,65106300
4/14/2022,DART,228,230,224,226,196000
4/14/2022,DAYA,254,262,254,262,11800
4/14/2022,DCII,41500,41500,41500,41500,900
4/14/2022,DEAL,50,50,50,50,3300
4/14/2022,DEFI,1455,1455,1455,1455,0
4/14/2022,DEPO,505,505,500,500,74000
4/14/2022,DEWA,70,75,70,74,731925500
4/14/2022,DFAM,555,595,555,570,815300
4/14/2022,DGIK,202,208,199,202,84492000
4/14/2022,DGNS,400,418,376,414,4234400
4/14/2022,DIGI,67,80,66,70,58233300
4/14/2022,DILD,145,147,144,146,5692200
4/14/2022,DIVA,1130,1130,1100,1100,1050600
4/14/2022,DKFT,148,166,148,158,179080800
4/14/2022,DLTA,3900,3900,3790,3790,100100
4/14/2022,DMAS,171,172,170,171,37766600
4/14/2022,DMMX,1685,1695,1570,1600,10827600
4/14/2022,DMND,810,815,795,815,5100
4/14/2022,DNAR,228,228,220,226,1307200
4/14/2022,DNET,3150,3180,3150,3180,54700
4/14/2022,DOID,645,645,605,610,162381100
4/14/2022,DPNS,394,402,384,396,257500
4/14/2022,DPUM,50,50,50,50,0
4/14/2022,DRMA,505,555,505,535,32599100
4/14/2022,DSFI,99,100,97,98,4225600
4/14/2022,DSNG,680,690,660,670,22450100
4/14/2022,DSSA,35575,35575,35575,35575,0
4/14/2022,DUCK,176,176,176,176,0
4/14/2022,DUTI,4700,4700,4700,4700,0
4/14/2022,DVLA,2750,2780,2750,2750,5300
4/14/2022,DWGL,173,177,164,171,31900
4/14/2022,DWGL-W,22,22,20,21,1510700
4/14/2022,DYAN,76,78,74,76,4648600
4/14/2022,EAST,93,93,87,89,9782300
4/14/2022,EAST-W,9,10,9,9,10409400
4/14/2022,ECII,750,750,750,750,0
4/14/2022,EDGE,20950,21000,20000,20500,8800
4/14/2022,EKAD,1425,1455,1425,1440,34200
4/14/2022,ELSA,290,296,286,288,22219600
4/14/2022,ELTY,50,50,50,50,26500
4/14/2022,EMDE,157,160,151,156,3900
4/14/2022,EMTK,2710,2740,2570,2740,40679800
4/14/2022,ENAK,855,865,845,845,983500
4/14/2022,ENRG,180,186,178,182,85145100
4/14/2022,ENVY,50,50,50,50,0
4/14/2022,ENZO,67,74,63,68,94912900
4/14/2022,ENZO-W,22,22,19,19,64881000
4/14/2022,EPAC,50,50,50,50,756700
4/14/2022,EPMT,2750,2750,2700,2750,78800
4/14/2022,ERAA,560,560,535,540,115533900
4/14/2022,ERTX,188,188,183,183,39100
4/14/2022,ESIP,121,130,120,130,85659100
4/14/2022,ESIP-W,29,29,25,27,39105000
4/14/2022,ESSA,1435,1540,1415,1480,106726200
4/14/2022,ESTA,354,470,354,394,3932400
4/14/2022,ESTI,121,121,112,112,4193800
4/14/2022,ETWA,62,62,62,62,0
4/14/2022,EXCL,2750,2760,2690,2710,21968200
4/14/2022,FAPA,3600,3610,3580,3600,89700
4/14/2022,FAST,960,960,950,955,2500
4/14/2022,FASW,6500,6500,6500,6500,100
4/14/2022,FILM,1040,1260,1030,1220,75466100
4/14/2022,FIMP,51,51,49,50,277400
4/14/2022,FIRE,276,276,262,266,2455900
4/14/2022,FISH,6500,6500,6500,6500,100
4/14/2022,FITT,288,288,288,288,366000
4/14/2022,FITT-W,286,286,118,118,200
4/14/2022,FLMC,74,80,72,80,624800
4/14/2022,FMII,362,362,346,348,2700
4/14/2022,FOOD,117,120,113,117,1811800
4/14/2022,FORU,378,402,376,386,3680800
4/14/2022,FORZ,50,50,50,50,0
4/14/2022,FPNI,412,432,406,420,16288900
4/14/2022,FREN,87,89,85,88,1362377400
4/14/2022,FREN-W2,22,23,21,23,255391500
4/14/2022,FUJI,590,590,570,580,10200
4/14/2022,GAMA,50,50,50,50,37800
4/14/2022,GDST,95,99,94,95,8572200
4/14/2022,GDYR,1335,1400,1335,1335,35100
4/14/2022,GEMA,330,330,324,324,14400
4/14/2022,GEMS,5500,5725,5475,5725,179600
4/14/2022,GGRM,30925,30925,30525,30600,760700
4/14/2022,GGRP,730,745,720,735,180000
4/14/2022,GHON,2230,2400,2200,2250,60900
4/14/2022,GIAA,222,222,222,222,0
4/14/2022,GJTL,620,625,615,620,864300
4/14/2022,GLOB,171,188,160,160,812400
4/14/2022,GLVA,248,258,244,250,22700
4/14/2022,GMFI,70,70,68,68,928700
4/14/2022,GMTD,15600,15600,15600,15600,0
4/14/2022,GOLD,354,362,354,358,5600
4/14/2022,GOLL,50,50,50,50,0
4/14/2022,GOOD,545,550,535,550,6353700
4/14/2022,GOTO,374,382,374,376,3675981900
4/14/2022,GPRA,78,83,77,79,6757300
4/14/2022,GPSO,96,100,96,100,564600
4/14/2022,GPSO-W,14,14,13,14,4227400
4/14/2022,GSMF,92,99,92,97,1674400
4/14/2022,GTBO,75,75,75,75,0
4/14/2022,GTSI,57,58,57,57,1036100
4/14/2022,GWSA,144,147,140,142,792400
4/14/2022,GZCO,197,246,192,224,2032995000
4/14/2022,HADE,50,50,50,50,200
4/14/2022,HAIS,191,195,183,193,15861900
4/14/2022,HDFA,177,180,171,174,49400
4/14/2022,HDIT,194,200,194,195,55800
4/14/2022,HDTX,120,120,120,120,0
4/14/2022,HEAL,1355,1395,1350,1390,14002000
4/14/2022,HELI,282,286,272,280,3800
4/14/2022,HERO,1725,1800,1610,1740,14200
4/14/2022,HEXA,6000,6100,5975,6050,231200
4/14/2022,HITS,940,990,905,930,5645700
4/14/2022,HKMU,50,50,50,50,1166400
4/14/2022,HMSP,890,900,890,895,18721600
4/14/2022,HOKI,155,157,155,155,971100
4/14/2022,HOME,50,50,50,50,0
4/14/2022,HOMI,1325,1355,1325,1345,1308900
4/14/2022,HOPE,93,124,90,124,150213700
4/14/2022,HOPE-W,15,19,15,19,78958900
4/14/2022,HOTL,50,51,50,50,325100
4/14/2022,HRME,54,55,52,53,3494000
4/14/2022,HRTA,210,212,210,212,4444000
4/14/2022,HRUM,13625,13700,13450,13600,13032500
4/14/2022,IATA,258,272,248,258,250895300
4/14/2022,IBFN,97,97,97,97,0
4/14/2022,IBST,7525,7525,7275,7275,1500
4/14/2022,ICBP,7300,7325,7150,7175,10581800
4/14/2022,ICON,75,77,75,75,735100
4/14/2022,IDEA,61,63,60,61,930200
4/14/2022,IDPR,179,179,167,167,68900
4/14/2022,IFII,153,160,153,158,186700
4/14/2022,IFSH,1065,1300,1040,1200,62100
4/14/2022,IGAR,428,448,428,430,159900
4/14/2022,IIKP,50,50,50,50,0
4/14/2022,IKAI,50,50,50,50,100
4/14/2022,IKAN,82,87,81,82,21926800
4/14/2022,IKBI,222,224,222,224,1500
4/14/2022,IMAS,745,755,740,750,382800
4/14/2022,IMJS,376,388,376,388,3767100
4/14/2022,IMPC,3590,3590,3520,3520,3614500
4/14/2022,INAF,1300,1335,1290,1315,350900
4/14/2022,INAI,298,298,298,298,0
4/14/2022,INCF,53,55,52,52,9737200
4/14/2022,INCI,550,550,540,545,80400
4/14/2022,INCO,7450,8050,7400,7975,48615100
4/14/2022,INDF,6200,6225,6125,6125,5824500
4/14/2022,INDO,133,133,123,123,23723300
4/14/2022,INDO-W,24,25,22,24,51229600
4/14/2022,INDR,5950,6175,5950,6075,113400
4/14/2022,INDS,2180,2180,2180,2180,0
4/14/2022,INDX,310,336,310,324,2860200
4/14/2022,INDY,2840,2880,2810,2830,24581900
4/14/2022,INKP,7700,7725,7600,7625,8628400
4/14/2022,INOV,224,228,220,226,2269900
4/14/2022,INPC,99,100,96,97,2101800
4/14/2022,INPP,450,478,450,458,12000
4/14/2022,INPS,1050,1050,1050,1050,2200
4/14/2022,INRU,695,695,695,695,200
4/14/2022,INTA,63,69,62,67,27428400
4/14/2022,INTD,250,250,240,244,2200
4/14/2022,INTP,10075,10175,10000,10050,3859700
4/14/2022,IPAC,118,118,117,118,500
4/14/2022,IPCC,515,560,515,545,4260800
4/14/2022,IPCM,290,312,288,298,7298800
4/14/2022,IPOL,165,166,163,166,603900
4/14/2022,IPPE,340,344,324,328,18840500
4/14/2022,IPTV,117,120,114,117,44282500
4/14/2022,IRRA,1500,1510,1465,1500,5146300
4/14/2022,ISAT,5350,5400,5200,5225,4340300
4/14/2022,ISSP,364,366,358,360,8994800
4/14/2022,ITIC,288,290,280,290,342500
4/14/2022,ITMA,585,590,570,570,302800
4/14/2022,ITMA-W,86,95,85,95,65800
4/14/2022,ITMG,28200,28450,27825,28300,4332900
4/14/2022,JAST,141,141,138,138,6507100
4/14/2022,JAWA,150,174,150,164,6509400
4/14/2022,JAYA,175,178,162,162,55782200
4/14/2022,JAYA-W,35,36,33,34,24500900
4/14/2022,JECC,5075,5075,5075,5075,0
4/14/2022,JGLE,50,50,50,50,10100
4/14/2022,JIHD,316,316,314,314,21300
4/14/2022,JKON,82,83,81,83,6893800
4/14/2022,JKSW,60,60,60,60,0
4/14/2022,JMAS,122,122,118,120,371500
4/14/2022,JPFA,1615,1620,1575,1590,51949100
4/14/2022,JRPT,484,490,482,490,1287300
4/14/2022,JSKY,70,75,68,73,29844600
4/14/2022,JSMR,3770,3780,3680,3680,7350400
4/14/2022,JSPT,740,740,740,740,0
4/14/2022,JTPE,1065,1070,1050,1060,1051500
4/14/2022,KAEF,1455,1495,1440,1470,1291700
4/14/2022,KARW,132,140,128,132,8098600
4/14/2022,KAYU,50,50,50,50,45800
4/14/2022,KBAG,50,50,50,50,916500
4/14/2022,KBAG-W,9,10,8,10,12894700
4/14/2022,KBLI,280,280,272,272,287500
4/14/2022,KBLM,202,204,202,202,40000
4/14/2022,KBLV,256,264,250,250,2314800
4/14/2022,KBRI,50,50,50,50,0
4/14/2022,KDSI,1015,1015,1015,1015,0
4/14/2022,KEEN,452,462,450,452,1205000
4/14/2022,KEJU,1195,1210,1180,1210,220900
4/14/2022,KIAS,50,50,50,50,400
4/14/2022,KICI,278,280,270,272,847200
4/14/2022,KIJA,173,173,170,173,776200
4/14/2022,KINO,3890,4060,3850,4010,2825900
4/14/2022,KIOS,402,448,402,416,100389300
4/14/2022,KJEN,240,244,224,224,248000
4/14/2022,KKGI,500,500,472,488,5429600
4/14/2022,KLBF,1595,1600,1580,1585,26345100
4/14/2022,KMDS,412,420,410,420,3100
4/14/2022,KMTR,298,302,290,290,3100
4/14/2022,KOBX,354,358,344,346,2746700
4/14/2022,KOIN,152,152,152,152,800
4/14/2022,KONI,2440,2900,2180,2200,327200
4/14/2022,KOPI,540,570,540,545,27300
4/14/2022,KOTA,50,50,50,50,1594700
4/14/2022,KOTA-W,37,49,37,40,201400
4/14/2022,KPAL,50,50,50,50,0
4/14/2022,KPAS,62,62,62,62,0
4/14/2022,KPIG,100,101,98,98,90949400
4/14/2022,KRAH,436,436,436,436,0
4/14/2022,KRAS,406,410,394,396,26710200
4/14/2022,KREN,51,52,50,51,22119000
4/14/2022,KUAS,71,75,71,73,17472700
4/14/2022,KUAS-W,18,19,17,18,7247200
4/14/2022,LABA,118,121,117,119,1119100
4/14/2022,LABA-W,21,22,21,22,1172600
4/14/2022,LAND,86,86,81,82,33349400
4/14/2022,LAPD,50,50,50,50,0
4/14/2022,LCGP,114,114,114,114,0
4/14/2022,LCKM,288,288,288,288,100
4/14/2022,LEAD,54,55,53,54,10735400
4/14/2022,LFLO,98,104,96,99,967600
4/14/2022,LIFE,5400,5400,5400,5400,0
4/14/2022,LINK,4400,4410,4380,4400,622400
4/14/2022,LION,328,340,324,330,19900
4/14/2022,LMAS,51,52,50,50,19067200
4/14/2022,LMPI,178,181,176,179,393000
4/14/2022,LMSH,685,710,670,710,1900
4/14/2022,LPCK,1200,1205,1180,1180,8526200
4/14/2022,LPGI,9750,9750,9750,9750,1000
4/14/2022,LPIN,434,440,430,430,483900
4/14/2022,LPKR,129,130,127,128,36378500
4/14/2022,LPLI,264,282,254,266,447400
4/14/2022,LPPF,5975,5975,5725,5750,2529500
4/14/2022,LPPS,103,106,103,103,43100
4/14/2022,LRNA,190,192,190,191,202800
4/14/2022,LSIP,1490,1505,1485,1495,17048200
4/14/2022,LTLS,785,795,770,775,1221900
4/14/2022,LUCK,276,276,262,264,1928500
4/14/2022,LUCY,116,125,115,118,4630500
4/14/2022,LUCY-W,63,68,61,62,11551800
4/14/2022,MABA,50,50,50,50,0
4/14/2022,MAGP,50,50,50,50,2500
4/14/2022,MAIN,680,680,650,650,715800
4/14/2022,MAMI,50,50,50,50,0
4/14/2022,MAMI-W,6,6,6,6,0
4/14/2022,MAMIP,600,600,600,600,0
4/14/2022,MAPA,3010,3190,2980,3090,1180100
4/14/2022,MAPB,1520,1520,1515,1515,1100
4/14/2022,MAPI,890,910,880,890,26651900
4/14/2022,MARI,264,266,248,264,24394600
4/14/2022,MARK,1180,1200,1165,1200,11275800
4/14/2022,MASA,3940,4020,3940,3990,1100
4/14/2022,MASB,3510,3510,3510,3510,52300
4/14/2022,MASB-W,304,304,236,238,2700
4/14/2022,MAYA,590,595,580,590,380700
4/14/2022,MBAP,4820,4840,4750,4790,207800
4/14/2022,MBSS,1215,1260,1195,1260,2767300
4/14/2022,MBTO,126,127,120,126,200700
4/14/2022,MCAS,12300,12350,12175,12350,104200
4/14/2022,MCOL,4580,4620,4490,4560,1650600
4/14/2022,MCOR,98,98,96,97,5797500
4/14/2022,MDIA,52,55,51,53,18550700
4/14/2022,MDKA,5400,5475,5225,5250,44569000
4/14/2022,MDKI,199,200,197,197,768300
4/14/2022,MDLN,85,86,83,84,6681900
4/14/2022,MDRN,50,50,50,50,0
4/14/2022,MEDC,530,535,520,525,118297600
4/14/2022,MEGA,6150,6250,6150,6200,46100
4/14/2022,MERK,3940,3940,3870,3940,100100
4/14/2022,META,115,117,115,116,882300
4/14/2022,MFIN,1340,1380,1340,1355,64800
4/14/2022,MFMI,865,865,860,860,1400
4/14/2022,MGLV,185,185,180,180,17000
4/14/2022,MGLV-W,12,12,11,11,3481000
4/14/2022,MGNA,50,50,50,50,0
4/14/2022,MGRO,910,915,895,895,4651000
4/14/2022,MICE,362,362,360,360,13400
4/14/2022,MIDI,2220,2300,2130,2240,3300
4/14/2022,MIKA,2510,2610,2500,2610,20068100
4/14/2022,MINA,50,50,50,50,1200
4/14/2022,MIRA,50,50,50,50,2900
4/14/2022,MITI,167,188,161,182,21024400
4/14/2022,MKNT,50,50,50,50,600
4/14/2022,MKPI,22700,22700,22700,22700,0
4/14/2022,MLBI,8750,8800,8700,8800,34700
4/14/2022,MLIA,2450,2450,2270,2330,5797400
4/14/2022,MLPL,220,224,212,216,56850200
4/14/2022,MLPT,3330,3390,3270,3360,38400
4/14/2022,MMLP,625,625,600,605,4655600
4/14/2022,MNCN,960,1015,960,1005,43808900
4/14/2022,MOLI,298,324,296,296,103200
4/14/2022,MPMX,1090,1230,1090,1215,69821400
4/14/2022,MPOW,100,103,98,99,1938800
4/14/2022,MPPA,386,400,384,386,194984600
4/14/2022,MPRO,695,695,695,695,100
4/14/2022,MRAT,191,191,180,187,884500
4/14/2022,MREI,3780,3790,3640,3640,400
4/14/2022,MSIN,5600,5900,5600,5650,2965900
4/14/2022,MSKY,460,472,454,464,3656100
4/14/2022,MTDL,685,745,685,745,48552900
4/14/2022,MTEL,750,770,745,765,55242800
4/14/2022,MTFN,50,50,50,50,100400
4/14/2022,MTLA,342,344,340,342,36900
4/14/2022,MTPS,84,84,82,83,2249500
4/14/2022,MTRA,244,244,244,244,0
4/14/2022,MTSM,248,248,222,226,64700
4/14/2022,MTWI,133,179,132,179,50670300
4/14/2022,MYOH,1815,1820,1805,1810,3000
4/14/2022,MYOR,1620,1660,1610,1620,5164600
4/14/2022,MYRX,50,50,50,50,0
4/14/2022,MYRXP,50,50,50,50,0
4/14/2022,MYTX,71,78,69,70,10600200
4/14/2022,NANO,75,76,74,75,15730600
4/14/2022,NANO-W,12,12,11,11,18459400
4/14/2022,NASA,50,50,50,50,1100
4/14/2022,NASI,362,364,336,336,91253500
4/14/2022,NATO,680,685,665,680,201234800
4/14/2022,NELY,292,294,282,284,2992800
4/14/2022,NETV,374,384,368,380,13890000
4/14/2022,NFCX,5125,5125,4990,4990,36800
4/14/2022,NICK,515,520,498,498,25200
4/14/2022,NICL,77,78,75,75,41515000
4/14/2022,NICL-W,10,11,9,10,19781200
4/14/2022,NIKL,915,940,915,930,574700
4/14/2022,NIPS,282,282,282,282,0
4/14/2022,NIRO,134,134,134,134,0
4/14/2022,NISP,655,660,635,640,7432000
4/14/2022,NOBU,635,650,620,640,302200
4/14/2022,NPGF,116,124,113,117,97903500
4/14/2022,NRCA,282,282,278,280,210300
4/14/2022,NTBK,56,57,55,55,11060900
4/14/2022,NTBK-W,11,11,10,11,7454500
4/14/2022,NUSA,50,50,50,50,0
4/14/2022,NZIA,136,139,129,134,21900
4/14/2022,OASA,640,685,625,670,1757600
4/14/2022,OBMD,98,105,98,104,3654700
4/14/2022,OBMD-W,19,20,18,19,3263100
4/14/2022,OCAP,159,159,159,159,0
4/14/2022,OILS,202,208,200,202,2391500
4/14/2022,OILS-W,65,66,62,63,477900
4/14/2022,OKAS,61,64,60,61,11945100
4/14/2022,OMRE,695,695,695,695,100
4/14/2022,OPMS,110,114,110,114,1419300
4/14/2022,PADI,50,50,50,50,1900
4/14/2022,PALM,1055,1090,1020,1050,14588800
4/14/2022,PAMG,87,89,87,88,184800
4/14/2022,PANI,4210,4290,4210,4220,65000
4/14/2022,PANR,254,254,242,246,7378500
4/14/2022,PANS,1355,1360,1345,1360,106700
4/14/2022,PBID,1745,1770,1730,1745,580800
4/14/2022,PBRX,137,138,136,137,1036700
4/14/2022,PBSA,700,795,700,740,21700
4/14/2022,PCAR,170,175,166,171,144300
4/14/2022,PDES,276,276,270,276,31900
4/14/2022,PEGE,880,880,840,845,17300
4/14/2022,PEHA,1030,1030,1000,1010,372700
4/14/2022,PGAS,1370,1375,1350,1355,44252500
4/14/2022,PGJO,69,75,68,71,30800
4/14/2022,PGLI,334,370,330,368,36700
4/14/2022,PGUN,715,760,715,735,11000
4/14/2022,PICO,102,102,99,100,2400
4/14/2022,PJAA,550,550,540,550,243100
4/14/2022,PKPK,170,180,170,178,3388100
4/14/2022,PLAN,40,40,37,37,2427400
4/14/2022,PLAN-W,10,10,9,10,1504700
4/14/2022,PLAS,50,50,50,50,0
4/14/2022,PLIN,2000,2010,2000,2010,1600
4/14/2022,PMJS,136,138,135,138,35100
4/14/2022,PMMP,448,452,444,448,8804700
4/14/2022,PNBN,770,785,755,760,3449000
4/14/2022,PNBS,61,62,60,61,11728800
4/14/2022,PNGO,1555,1560,1555,1555,1500
4/14/2022,PNIN,695,695,680,680,337400
4/14/2022,PNLF,184,187,181,183,36954700
4/14/2022,PNSE,660,660,660,660,0
4/14/2022,POLA,105,113,105,105,2333500
4/14/2022,POLA-W,64,66,64,64,76000
4/14/2022,POLI,980,995,970,995,270900
4/14/2022,POLL,565,585,555,560,4088700
4/14/2022,POLU,565,565,530,545,33200
4/14/2022,POLY,80,80,77,79,2457200
4/14/2022,POOL,50,50,50,50,0
4/14/2022,PORT,605,605,605,605,0
4/14/2022,POSA,50,50,50,50,0
4/14/2022,POWR,650,655,645,650,3094900
4/14/2022,PPGL,126,128,124,125,503000
4/14/2022,PPGL-W,11,11,10,11,892400
4/14/2022,PPRE,173,176,172,173,6273800
4/14/2022,PPRO,51,51,50,50,43055200
4/14/2022,PRAS,222,222,212,216,170300
4/14/2022,PRDA,7400,7500,7400,7425,664000
4/14/2022,PRIM,322,322,310,316,804000
4/14/2022,PSAB,126,133,126,128,11406100
4/14/2022,PSDN,148,152,148,149,37400
4/14/2022,PSGO,200,200,186,189,30185200
4/14/2022,PSKT,90,94,86,88,78300600
4/14/2022,PSSI,540,545,530,540,1850300
4/14/2022,PTBA,3760,3790,3720,3770,40945400
4/14/2022,PTDU,77,82,71,71,101859000
4/14/2022,PTIS,188,188,175,178,136200
4/14/2022,PTPP,930,945,925,930,8202300
4/14/2022,PTPW,840,845,830,830,268500
4/14/2022,PTRO,3050,3120,3050,3050,3962400
4/14/2022,PTSN,216,230,206,212,4891800
4/14/2022,PTSP,5375,5375,5350,5350,200
4/14/2022,PUDP,340,340,308,338,59600
4/14/2022,PURA,50,50,50,50,178300
4/14/2022,PURA-W,13,13,12,12,461000
4/14/2022,PURE,64,67,62,64,6308400
4/14/2022,PURI,376,376,352,352,8800
4/14/2022,PWON,515,515,498,505,64949300
4/14/2022,PYFA,995,995,965,995,670200
4/14/2022,PZZA,605,645,595,630,3182900
4/14/2022,R-ABFII,28600,28600,28600,28600,0
4/14/2022,R-LQ45X,1130,1130,1127,1127,9100
4/14/2022,RAJA,188,190,182,184,15995800
4/14/2022,RALS,775,785,750,755,11812900
4/14/2022,RANC,1570,1600,1540,1595,16100
4/14/2022,RBMS,60,62,58,61,13724900
4/14/2022,RDTX,8650,8650,8650,8650,0
4/14/2022,REAL,50,50,50,50,171500
4/14/2022,RELI,430,430,420,422,3500
4/14/2022,RICY,72,72,70,72,167800
4/14/2022,RIGS,340,342,334,340,17500
4/14/2022,RIMO,50,50,50,50,0
4/14/2022,RISE,328,346,326,346,435800
4/14/2022,RMBA,306,306,306,306,0
4/14/2022,RMKE,426,440,422,430,9102700
4/14/2022,ROCK,545,655,545,635,1800
4/14/2022,RODA,79,79,77,78,1046800
4/14/2022,RONY,800,800,800,800,0
4/14/2022,ROTI,1305,1330,1305,1320,606800
4/14/2022,RSGK,1360,1360,1355,1355,102200
4/14/2022,RUIS,196,198,195,195,237900
4/14/2022,RUNS,236,244,218,224,4279800
4/14/2022,SAFE,220,236,220,236,1100
4/14/2022,SAME,434,436,420,420,25689300
4/14/2022,SAMF,585,590,550,570,692100
4/14/2022,SAPX,1340,1340,1280,1330,6400
4/14/2022,SATU,110,111,108,110,7181600
4/14/2022,SBAT,50,50,50,50,6800
4/14/2022,SBAT-W,8,8,7,7,1179300
4/14/2022,SBAT-W2,11,12,11,11,249400
4/14/2022,SBMA,154,154,147,150,9367800
4/14/2022,SBMA-W,72,72,62,67,108100
4/14/2022,SCCO,9300,9500,9300,9300,13300
4/14/2022,SCMA,264,272,262,266,166657800
4/14/2022,SCNP,216,216,214,216,156400
4/14/2022,SCPI,29000,29000,29000,29000,0
4/14/2022,SDMU,120,121,112,115,39188200
4/14/2022,SDPC,121,122,119,121,52600
4/14/2022,SDRA,565,565,550,560,160800
4/14/2022,SEMA,262,280,262,268,16907900
4/14/2022,SEMA-W,55,55,50,55,2526300
4/14/2022,SFAN,1540,1550,1540,1550,278600
4/14/2022,SGER,2170,2270,2110,2220,7113400
4/14/2022,SGER-W,2090,2090,2090,2090,100
4/14/2022,SGRO,2370,2430,2370,2390,194800
4/14/2022,SHID,2560,2580,2540,2550,1947400
4/14/2022,SHIP,985,990,970,980,1647700
4/14/2022,SICO,194,202,194,194,40966000
4/14/2022,SICO-W,59,78,57,64,16712500
4/14/2022,SIDO,905,925,905,910,43815400
4/14/2022,SILO,1180,1225,1175,1200,3570200
4/14/2022,SIMA,50,50,50,50,0
4/14/2022,SIMP,535,545,530,535,9364800
4/14/2022,SINI,250,250,244,248,3900
4/14/2022,SINI-W,159,159,129,158,5800
4/14/2022,SIPD,1675,1675,1670,1670,7900
4/14/2022,SKBM,428,428,428,428,30400
4/14/2022,SKLT,2090,2100,2090,2100,600
4/14/2022,SKRN,1115,1155,1085,1100,1728600
4/14/2022,SKYB,51,51,51,51,0
4/14/2022,SLIS,330,344,324,336,32259500
4/14/2022,SMAR,4770,5050,4750,4800,103900
4/14/2022,SMBR,505,510,500,505,2403700
4/14/2022,SMCB,1730,1730,1705,1720,786100
4/14/2022,SMDM,160,163,159,161,183400
4/14/2022,SMDR,1900,1945,1885,1905,5420900
4/14/2022,SMGR,6200,6225,6000,6025,13877700
4/14/2022,SMKL,400,408,394,400,182000
4/14/2022,SMKL-W,35,37,35,37,663000
4/14/2022,SMKM,210,242,210,238,6578200
4/14/2022,SMMA,12000,12000,12000,12000,100
4/14/2022,SMMT,1220,1295,1200,1225,93065300
4/14/2022,SMRA,695,695,680,685,28828400
4/14/2022,SMRU,50,50,50,50,0
4/14/2022,SMSM,1465,1535,1465,1515,2241300
4/14/2022,SNLK,680,730,675,720,3380100
4/14/2022,SOCI,216,216,212,212,7636500
4/14/2022,SOFA,36,36,35,36,496100
4/14/2022,SOHO,6475,6725,6475,6725,2000
4/14/2022,SONA,3350,3350,3350,3350,0
4/14/2022,SOSS,404,410,394,410,5700
4/14/2022,SOSS-W,46,48,46,48,51000
4/14/2022,SOTS,242,254,232,248,4400
4/14/2022,SOTS-W,46,49,44,49,24900
4/14/2022,SPMA,685,695,675,680,354300
4/14/2022,SPTO,575,585,575,575,249900
4/14/2022,SQMI,72,72,69,69,17249400
4/14/2022,SRAJ,194,208,193,200,798500
4/14/2022,SRIL,146,146,146,146,0
4/14/2022,SRSN,57,59,56,57,25903100
4/14/2022,SRTG,3820,3880,3800,3820,15108500
4/14/2022,SSIA,394,398,374,374,6459700
4/14/2022,SSMS,1135,1150,1120,1125,8044100
4/14/2022,SSTM,770,770,770,770,0
4/14/2022,STAA,900,945,900,925,22863600
4/14/2022,STAR,137,137,135,135,351400
4/14/2022,STTP,7175,8000,6750,8000,800
4/14/2022,SUGI,50,50,50,50,0
4/14/2022,SULI,50,50,50,50,300
4/14/2022,SUPR,30650,30650,30650,30650,2800
4/14/2022,SURE,1750,1750,1750,1750,100
4/14/2022,SWAT,93,93,86,86,19755500
4/14/2022,TALF,320,320,298,310,19100
4/14/2022,TAMA,57,60,57,57,16573800
4/14/2022,TAMA-W,18,22,18,19,27838300
4/14/2022,TAMU,50,50,50,50,0
4/14/2022,TAPG,670,675,660,670,38566600
4/14/2022,TARA,50,50,50,50,206100
4/14/2022,TAXI,50,50,50,50,0
4/14/2022,TAYS,202,212,200,200,620700
4/14/2022,TBIG,3120,3170,3080,3090,32169500
4/14/2022,TBLA,820,825,805,810,961900
4/14/2022,TBMS,1720,1720,1720,1720,100
4/14/2022,TCID,4800,4820,4800,4800,5100
4/14/2022,TCPI,9575,9575,9275,9325,4545700
4/14/2022,TDPM,119,119,119,119,0
4/14/2022,TEBE,695,705,690,705,216200
4/14/2022,TECH,3880,3900,3800,3900,2136500
4/14/2022,TELE,121,121,121,121,0
4/14/2022,TFAS,4590,4590,4470,4470,7200
4/14/2022,TFCO,765,765,765,765,0
4/14/2022,TGKA,7000,7050,7000,7050,2100
4/14/2022,TGRA,75,76,71,72,17363500
4/14/2022,TIFA,565,565,565,565,400
4/14/2022,TINS,1930,1995,1905,1920,75045200
4/14/2022,TIRA,434,434,410,428,6600
4/14/2022,TIRT,133,152,124,124,170738100
4/14/2022,TKIM,6925,6975,6800,6900,2417600
4/14/2022,TLDN,600,605,585,605,9454200
4/14/2022,TLKM,4700,4730,4660,4680,112735200
4/14/2022,TMAS,1770,1800,1730,1745,3223800
4/14/2022,TMPO,131,133,131,133,4400
4/14/2022,TNCA,730,780,700,720,4338000
4/14/2022,TOBA,1305,1305,1255,1255,18191500
4/14/2022,TOPS,50,50,50,50,12100
4/14/2022,TOTL,292,296,292,292,2149100
4/14/2022,TOTO,210,216,208,212,144700
4/14/2022,TOWR,1035,1040,1010,1010,42806500
4/14/2022,TOYS,166,166,156,156,40506800
4/14/2022,TOYS-W,19,19,16,17,17381100
4/14/2022,TPIA,10600,10625,10250,10250,4205400
4/14/2022,TPMA,352,364,352,360,1113900
4/14/2022,TRAM,50,50,50,50,0
4/14/2022,TRIL,50,50,50,50,0
4/14/2022,TRIM,302,314,294,298,7530000
4/14/2022,TRIN,434,505,434,472,27922700
4/14/2022,TRIN-W,94,110,94,99,12838900
4/14/2022,TRIO,426,426,426,426,0
4/14/2022,TRIS,169,169,167,167,77100
4/14/2022,TRIS-W,6,6,6,6,0
4/14/2022,TRJA,314,322,308,310,37618300
4/14/2022,TRST,720,720,720,720,30100
4/14/2022,TRUE,89,93,89,90,102669100
4/14/2022,TRUE-W,18,20,18,20,12242000
4/14/2022,TRUK,197,199,190,190,32785600
4/14/2022,TRUS,440,478,410,438,44100
4/14/2022,TSPC,1475,1475,1465,1475,512900
4/14/2022,TUGU,1445,1450,1400,1400,735700
4/14/2022,TURI,1330,1330,1330,1330,100
4/14/2022,UANG,605,605,605,605,100
4/14/2022,UCID,1370,1370,1350,1355,264500
4/14/2022,UFOE,1360,1360,1285,1305,919800
4/14/2022,ULTJ,1490,1500,1485,1495,3359900
4/14/2022,UNIC,12350,12350,12075,12350,3100
4/14/2022,UNIQ,81,81,76,77,253500
4/14/2022,UNIT,316,316,316,316,0
4/14/2022,UNSP,127,130,125,129,4882900
4/14/2022,UNTR,29500,30000,29300,29800,7336000
4/14/2022,UNVR,3430,3460,3400,3400,9591300
4/14/2022,URBN,458,466,446,466,257100
4/14/2022,UVCR,200,202,198,199,1043600
4/14/2022,UVCR-W,45,45,41,43,777600
4/14/2022,VICI,565,565,550,565,3441100
4/14/2022,VICO,196,202,190,192,541900
4/14/2022,VINS,167,167,162,166,25100
4/14/2022,VIVA,50,50,50,50,1145100
4/14/2022,VOKS,179,179,175,177,31800
4/14/2022,VRNA,113,114,107,110,694800
4/14/2022,WAPO,122,135,122,134,403300
4/14/2022,WEGE,179,180,178,179,2746400
4/14/2022,WEHA,196,200,194,199,23225900
4/14/2022,WGSH,189,189,171,186,8353100
4/14/2022,WICO,400,400,386,386,500
4/14/2022,WIFI,424,424,396,396,3271200
4/14/2022,WIFI-W,159,159,137,150,2800
4/14/2022,WIIM,442,468,442,466,7017000
4/14/2022,WIKA,940,955,930,935,8909300
4/14/2022,WINS,164,164,158,158,7265900
4/14/2022,WIRG,955,1165,910,1110,403558700
4/14/2022,WIRG-W,690,785,600,700,23869500
4/14/2022,WMPP,135,138,131,136,21535500
4/14/2022,WMUU,157,157,150,151,12968100
4/14/2022,WOMF,260,274,260,266,1466800
4/14/2022,WOOD,700,705,685,690,8378600
4/14/2022,WOWS,53,59,53,54,125227900
4/14/2022,WSBP,95,95,95,95,0
4/14/2022,WSKT,535,540,520,535,34015800
4/14/2022,WTON,212,214,210,212,4532700
4/14/2022,XAFA,1061,1061,1061,1061,0
4/14/2022,XAQA,1054,1054,1051,1051,12700
4/14/2022,XBES,1031,1031,1031,1031,100
4/14/2022,XBID,591,591,591,591,1000
4/14/2022,XBIG,580,580,580,580,0
4/14/2022,XBIN,566,566,566,566,0
4/14/2022,XBLQ,534,534,534,534,0
4/14/2022,XBNI,1135,1135,1135,1135,100
4/14/2022,XBSK,428,428,428,428,0
4/14/2022,XCID,87,118,87,91,712400
4/14/2022,XCIS,105,105,105,105,0
4/14/2022,XCLQ,110,111,110,110,2300
4/14/2022,XDIF,503,503,503,503,0
4/14/2022,XDSG,1060,1060,1060,1060,100
4/14/2022,XFES,138,138,138,138,0
4/14/2022,XIFE,112,112,112,112,200
4/14/2022,XIHD,570,571,566,569,57400
4/14/2022,XIIC,1017,1017,1017,1017,0
4/14/2022,XIID,597,597,584,584,44000
4/14/2022,XIIF,550,550,550,550,600
4/14/2022,XIIT,600,604,600,601,32600
4/14/2022,XIJI,652,655,652,655,12100
4/14/2022,XILV,124,126,123,123,1200
4/14/2022,XIML,282,282,282,282,0
4/14/2022,XIPI,202,203,199,199,10600
4/14/2022,XISB,398,398,398,398,0
4/14/2022,XISC,717,717,717,717,0
4/14/2022,XISI,341,342,341,341,1000
4/14/2022,XISR,426,429,426,429,10400
4/14/2022,XKIV,531,531,531,531,0
4/14/2022,XKMS,1191,1195,1183,1195,1130200
4/14/2022,XMIG,203,203,203,203,0
4/14/2022,XMJM,1001,1001,1001,1001,0
4/14/2022,XMTS,504,504,504,504,100
4/14/2022,XNVE,164,166,164,165,224700
4/14/2022,XPCR,991,991,991,991,0
4/14/2022,XPDV,563,563,561,561,2000
4/14/2022,XPES,435,435,435,435,400
4/14/2022,XPFT,590,590,590,590,1000
4/14/2022,XPID,568,568,568,568,0
4/14/2022,XPLC,514,514,514,514,0
4/14/2022,XPLQ,531,531,531,531,1000
4/14/2022,XPMI,1010,1010,1010,1010,0
4/14/2022,XPSG,414,414,414,414,100
4/14/2022,XPTD,550,550,550,550,0
4/14/2022,XSBC,105,105,105,105,100
4/14/2022,XSMU,155,155,155,155,0
4/14/2022,XSPI,750,750,750,750,0
4/14/2022,XSRI,204,204,204,204,0
4/14/2022,XSSI,84,85,79,79,528900
4/14/2022,XSSK,720,720,720,720,0
4/14/2022,YELO,115,117,112,113,25409200
4/14/2022,YPAS,935,935,840,845,13200
4/14/2022,YULE,1975,2010,1975,2010,14500
4/14/2022,ZBRA,610,610,595,605,588400
4/14/2022,ZINC,87,88,85,88,502933700
4/14/2022,ZONE,720,725,675,700,295300
4/14/2022,ZYRX,540,540,530,535,562800
4/14/2022,ZYRX-W,84,86,81,85,216000
