<date>,<ticker>,<open>,<high>,<low>,<close>,<volume>
1/17/2022,IHSG,6711.406,6711.822,6625.863,6645.048,160130223
1/17/2022,AALI,10000,10000,9700,9800,1013500
1/17/2022,ABBA,290,298,288,292,2916700
1/17/2022,ABDA,6725,6750,6725,6750,400
1/17/2022,ABMM,1400,1410,1395,1400,1769000
1/17/2022,ACES,1370,1375,1345,1350,4047100
1/17/2022,ACST,202,202,193,195,13666100
1/17/2022,ADES,3660,3710,3610,3650,120200
1/17/2022,ADHI,895,900,830,830,30743900
1/17/2022,ADMF,7600,7625,7575,7600,81400
1/17/2022,ADMG,198,198,192,194,298600
1/17/2022,ADMR,750,825,740,770,110445900
1/17/2022,ADRO,2300,2320,2210,2260,119048500
1/17/2022,AGAR,350,366,350,362,37700
1/17/2022,AGII,1435,1490,1435,1475,5178900
1/17/2022,AGRO,1510,1515,1445,1485,29909900
1/17/2022,AGRS,159,159,148,148,60394600
1/17/2022,AHAP,72,73,70,70,5423500
1/17/2022,AIMS,406,420,404,404,2429300
1/17/2022,AISA,177,178,173,173,2401800
1/17/2022,AKKU,50,50,50,50,9500
1/17/2022,AKPI,1140,1140,1070,1130,30500
1/17/2022,AKRA,830,840,800,810,31193100
1/17/2022,AKSI,795,795,740,740,114000
1/17/2022,ALDO,1310,1455,1300,1380,30563500
1/17/2022,ALDO-W,288,328,284,308,3454500
1/17/2022,ALKA,384,384,358,358,71900
1/17/2022,ALMI,294,308,290,290,24100
1/17/2022,ALTO,238,242,222,222,82100
1/17/2022,AMAG,406,408,380,380,1094000
1/17/2022,AMAN,530,530,525,525,906400
1/17/2022,AMAR,530,635,510,625,153272000
1/17/2022,AMFG,4590,4590,4380,4400,69700
1/17/2022,AMIN,178,192,178,187,245800
1/17/2022,AMOR,2000,2010,1900,1940,8603700
1/17/2022,AMRT,1095,1110,1085,1095,16994200
1/17/2022,ANDI,50,50,50,50,38100
1/17/2022,ANJT,975,980,915,980,59800
1/17/2022,ANTM,1950,1955,1840,1855,183492900
1/17/2022,APEX,650,670,620,670,121500
1/17/2022,APIC,1145,1145,1080,1085,10718100
1/17/2022,APII,198,240,196,206,4800900
1/17/2022,APLI,198,198,197,198,1000
1/17/2022,APLN,114,115,110,112,10836000
1/17/2022,ARCI,476,476,460,468,3559700
1/17/2022,ARGO,1570,1570,1570,1570,200
1/17/2022,ARII,248,248,244,248,47800
1/17/2022,ARKA,50,51,50,51,8465100
1/17/2022,ARMY,50,50,50,50,0
1/17/2022,ARNA,870,880,855,875,279400
1/17/2022,ARTA,2000,2020,1955,1955,14600
1/17/2022,ARTI,50,50,50,50,0
1/17/2022,ARTO,18575,19000,18375,18650,46151900
1/17/2022,ASBI,296,300,294,296,2600
1/17/2022,ASDM,980,980,970,970,5700
1/17/2022,ASGR,820,830,820,825,129900
1/17/2022,ASII,5775,5775,5650,5675,15859100
1/17/2022,ASJT,136,138,135,137,106500
1/17/2022,ASMI,242,252,242,248,85100
1/17/2022,ASPI,75,75,72,73,1742900
1/17/2022,ASPI-W,19,19,18,19,33300
1/17/2022,ASRI,153,155,150,150,10918200
1/17/2022,ASRM,1660,1660,1660,1660,0
1/17/2022,ASSA,3420,3530,3350,3410,12182900
1/17/2022,ATAP,164,169,163,165,5792100
1/17/2022,ATIC,640,655,640,645,206300
1/17/2022,AUTO,1115,1125,1115,1120,990000
1/17/2022,AVIA,920,920,905,905,16791600
1/17/2022,AYLS,324,334,322,326,25352800
1/17/2022,BABP,166,168,161,163,62116000
1/17/2022,BABP-W3,85,115,85,91,473900
1/17/2022,BABP-W4,121,128,111,118,86600
1/17/2022,BACA,228,234,220,222,11699100
1/17/2022,BACA-W2,228,228,228,228,200
1/17/2022,BAJA,322,326,316,318,225300
1/17/2022,BALI,825,840,800,830,491800
1/17/2022,BANK,2080,2120,2040,2100,25814500
1/17/2022,BANK-W,2090,2090,2090,2090,0
1/17/2022,BAPA,129,129,103,103,379657600
1/17/2022,BAPI,50,50,50,50,520100
1/17/2022,BAPI-W,7,9,7,7,10582500
1/17/2022,BATA,478,478,450,464,107600
1/17/2022,BAYU,1085,1085,1085,1085,200
1/17/2022,BBCA,7900,7900,7700,7750,63902600
1/17/2022,BBHI,6025,6050,5625,5625,14208400
1/17/2022,BBKP,258,260,252,254,48673700
1/17/2022,BBLD,374,374,374,374,300
1/17/2022,BBMD,1945,1945,1940,1940,400
1/17/2022,BBNI,7125,7200,7050,7200,46296400
1/17/2022,BBRI,4200,4210,4180,4210,102957100
1/17/2022,BBRM,50,50,50,50,800
1/17/2022,BBSI,4800,4900,4700,4870,74200
1/17/2022,BBSS,50,51,50,50,6255900
1/17/2022,BBTN,1720,1725,1690,1700,9770900
1/17/2022,BBYB,2290,2350,2220,2290,108663200
1/17/2022,BCAP,52,53,51,51,47709600
1/17/2022,BCIC,177,177,169,169,3170000
1/17/2022,BCIP,92,96,89,89,43726500
1/17/2022,BDMN,2370,2400,2350,2350,1698700
1/17/2022,BEBS,4520,4520,4210,4220,38657400
1/17/2022,BEEF,73,74,69,70,5827100
1/17/2022,BEKS,51,54,50,52,254559600
1/17/2022,BELL,136,158,134,155,2567700
1/17/2022,BESS,800,800,755,765,121500
1/17/2022,BESS-W,660,660,660,660,0
1/17/2022,BEST,112,113,111,111,2843000
1/17/2022,BFIN,1350,1390,1310,1320,47736500
1/17/2022,BGTG,216,222,214,218,40670500
1/17/2022,BHAT,1000,1005,995,1000,1058800
1/17/2022,BHIT,54,55,53,54,39762600
1/17/2022,BIKA,244,246,240,244,24700
1/17/2022,BIMA,266,332,256,332,155469300
1/17/2022,BINA,3870,3900,3780,3900,1057200
1/17/2022,BINO,145,147,141,144,6774500
1/17/2022,BINO-W,18,20,18,18,5300300
1/17/2022,BIPI,50,53,50,52,1439685000
1/17/2022,BIPI-W,14,16,13,15,49254200
1/17/2022,BIPP,54,58,53,55,2934600
1/17/2022,BIRD,1330,1345,1310,1335,659900
1/17/2022,BISI,1000,1000,995,995,55000
1/17/2022,BJBR,1365,1365,1345,1345,1491200
1/17/2022,BJTM,745,750,740,740,5431800
1/17/2022,BKDP,99,109,97,108,76840800
1/17/2022,BKSL,55,56,53,54,19685500
1/17/2022,BKSW,175,178,171,171,4280900
1/17/2022,BLTA,50,50,50,50,2500
1/17/2022,BLTZ,2610,2610,2610,2610,0
1/17/2022,BLUE,382,396,376,380,1493700
1/17/2022,BMAS,1780,1780,1725,1740,53500
1/17/2022,BMHS,840,845,820,820,11485800
1/17/2022,BMRI,7250,7275,7150,7200,21594000
1/17/2022,BMSR,244,252,242,248,565500
1/17/2022,BMTR,250,252,246,246,24369300
1/17/2022,BNBA,3250,3370,3170,3170,5131900
1/17/2022,BNBR,50,50,50,50,12000
1/17/2022,BNGA,970,975,960,965,3371400
1/17/2022,BNII,312,324,310,312,8661600
1/17/2022,BNLI,1420,1430,1410,1410,81400
1/17/2022,BOBA,228,228,220,224,796600
1/17/2022,BOGA,1370,1385,1360,1380,135159800
1/17/2022,BOLA,525,550,500,505,6557400
1/17/2022,BOLT,960,1175,940,940,155600
1/17/2022,BOSS,70,79,69,73,185015800
1/17/2022,BPFI,1350,1425,1345,1350,552300
1/17/2022,BPII,6900,6900,6900,6900,100
1/17/2022,BPTR,326,326,306,306,1322500
1/17/2022,BRAM,11375,11375,10650,11375,14300
1/17/2022,BRIS,1585,1595,1535,1540,17197200
1/17/2022,BRMS,103,104,99,101,371997800
1/17/2022,BRNA,1075,1075,1005,1075,8000
1/17/2022,BRPT,860,860,835,845,37071700
1/17/2022,BSDE,1010,1010,980,985,24834900
1/17/2022,BSIM,840,865,835,835,69700
1/17/2022,BSML,418,418,386,392,15264900
1/17/2022,BSSR,3740,4000,3740,3860,102800
1/17/2022,BSWD,1750,1750,1750,1750,0
1/17/2022,BTEK,50,50,50,50,1100
1/17/2022,BTEL,50,50,50,50,0
1/17/2022,BTON,402,402,378,402,185800
1/17/2022,BTPN,2660,2660,2600,2610,7800
1/17/2022,BTPS,3500,3510,3440,3480,671600
1/17/2022,BUDI,168,171,163,164,11382300
1/17/2022,BUKA,394,406,366,366,671383000
1/17/2022,BUKK,1240,1240,1185,1235,20900
1/17/2022,BULL,230,236,226,228,108876300
1/17/2022,BULL-W2,25,25,22,22,230800
1/17/2022,BUMI,67,68,63,63,532930800
1/17/2022,BUVA,60,60,60,60,0
1/17/2022,BVIC,171,173,164,165,36556200
1/17/2022,BWPT,68,71,67,67,33738500
1/17/2022,BYAN,30475,33750,30450,32000,102300
1/17/2022,CAKK,95,97,92,93,12468500
1/17/2022,CAMP,286,288,286,286,245200
1/17/2022,CANI,146,152,144,145,987200
1/17/2022,CARE,500,500,494,496,268568100
1/17/2022,CARS,50,50,50,50,32400
1/17/2022,CASA,535,540,525,530,2628400
1/17/2022,CASH,220,224,210,210,1398900
1/17/2022,CASS,420,450,392,392,203300
1/17/2022,CBMF,92,93,90,90,10795900
1/17/2022,CCSI,810,825,755,795,3812300
1/17/2022,CEKA,1905,1910,1885,1890,18800
1/17/2022,CENT,212,214,206,208,5930200
1/17/2022,CFIN,250,250,248,248,1321900
1/17/2022,CINT,272,272,260,270,2700
1/17/2022,CITA,3070,3100,3000,3100,7700
1/17/2022,CITY,161,181,150,150,2108800
1/17/2022,CLAY,810,810,755,790,1000
1/17/2022,CLEO,444,444,438,442,3147300
1/17/2022,CLPI,1045,1045,1025,1025,20500
1/17/2022,CMNP,1625,1650,1600,1640,9200
1/17/2022,CMNP-W,635,635,635,635,100
1/17/2022,CMNT,1155,1175,1120,1120,45039000
1/17/2022,CMPP,520,520,476,476,5065300
1/17/2022,CMRY,3420,3450,3370,3440,481100
1/17/2022,CNKO,50,50,50,50,20097200
1/17/2022,CNTB,250,250,250,250,0
1/17/2022,CNTX,258,312,242,310,78700
1/17/2022,COCO,288,292,288,292,2242800
1/17/2022,COCO-W,57,57,57,57,0
1/17/2022,COWL,50,50,50,50,0
1/17/2022,CPIN,6175,6175,6075,6150,2334800
1/17/2022,CPRI,50,50,50,50,0
1/17/2022,CPRI-W,12,12,12,12,0
1/17/2022,CPRO,88,90,84,84,110671500
1/17/2022,CSAP,500,505,496,500,816200
1/17/2022,CSIS,114,126,114,118,51207500
1/17/2022,CSMI,3710,3710,3710,3710,0
1/17/2022,CSRA,620,620,590,595,574200
1/17/2022,CTBN,2810,2810,2310,2310,2600
1/17/2022,CTRA,945,955,920,925,17334800
1/17/2022,CTTH,50,50,50,50,18300
1/17/2022,DADA,50,50,50,50,6200
1/17/2022,DADA-W,9,10,9,10,4531000
1/17/2022,DART,246,254,222,232,2125900
1/17/2022,DAYA,298,298,296,296,26000
1/17/2022,DCII,45200,48025,43600,43600,18100
1/17/2022,DEAL,50,50,50,50,158300
1/17/2022,DEFI,1455,1455,1455,1455,0
1/17/2022,DEPO,492,520,486,490,12524400
1/17/2022,DEWA,50,50,50,50,16000
1/17/2022,DFAM,366,366,366,366,8000
1/17/2022,DGIK,200,204,195,200,17370300
1/17/2022,DGNS,750,765,750,750,1982200
1/17/2022,DIGI,109,109,104,104,5623100
1/17/2022,DILD,147,149,142,147,1815700
1/17/2022,DIVA,1825,1825,1725,1745,195300
1/17/2022,DKFT,120,121,115,116,6202800
1/17/2022,DLTA,3730,3740,3690,3700,43000
1/17/2022,DMAS,196,196,192,192,7363200
1/17/2022,DMMX,2590,2610,2520,2570,8426700
1/17/2022,DMND,860,860,845,860,21900
1/17/2022,DNAR,304,322,304,306,27645800
1/17/2022,DNET,3240,3240,3160,3200,17700
1/17/2022,DOID,250,252,244,244,14314700
1/17/2022,DPNS,382,392,376,382,190300
1/17/2022,DPUM,50,50,50,50,0
1/17/2022,DRMA,680,680,640,640,11711000
1/17/2022,DSFI,103,105,100,100,3593800
1/17/2022,DSNG,535,535,510,515,18250600
1/17/2022,DSSA,46025,46025,46025,46025,600
1/17/2022,DUCK,176,176,176,176,0
1/17/2022,DUTI,3420,3550,3400,3400,8600
1/17/2022,DVLA,2780,2790,2760,2780,12600
1/17/2022,DWGL,172,177,172,177,23700
1/17/2022,DWGL-W,24,24,23,23,297800
1/17/2022,DYAN,73,76,72,74,9700800
1/17/2022,EAST,85,88,85,87,4121600
1/17/2022,EAST-W,9,10,9,9,499200
1/17/2022,ECII,890,890,890,890,4200
1/17/2022,EDGE,23000,23000,23000,23000,0
1/17/2022,EKAD,1425,1440,1405,1405,277500
1/17/2022,ELSA,260,264,254,254,13329800
1/17/2022,ELTY,50,50,50,50,700
1/17/2022,EMDE,160,163,157,159,15600
1/17/2022,EMTK,2130,2140,1990,1995,51234200
1/17/2022,ENRG,97,100,97,98,278027200
1/17/2022,ENVY,50,50,50,50,0
1/17/2022,ENZO,50,50,50,50,194200
1/17/2022,ENZO-W,14,14,13,13,379600
1/17/2022,EPAC,52,54,51,52,37431000
1/17/2022,EPMT,2780,2800,2710,2780,18500
1/17/2022,ERAA,570,575,550,555,45192500
1/17/2022,ERTX,218,220,208,208,40100
1/17/2022,ESIP,128,137,126,130,49194500
1/17/2022,ESSA,430,488,430,460,51431800
1/17/2022,ESTA,216,226,216,224,86300
1/17/2022,ESTI,110,113,108,111,154800
1/17/2022,ETWA,62,62,62,62,0
1/17/2022,EXCL,3090,3130,3040,3050,4413700
1/17/2022,FAPA,3210,3210,3190,3210,101700
1/17/2022,FAST,980,1000,970,995,8200
1/17/2022,FASW,7400,7400,7400,7400,0
1/17/2022,FILM,860,885,840,845,7491700
1/17/2022,FIMP,42,42,41,41,1427400
1/17/2022,FIMP-W,16,19,16,16,8169000
1/17/2022,FIRE,360,412,342,398,24062400
1/17/2022,FISH,6250,6500,6250,6500,300
1/17/2022,FITT,505,510,500,500,2991600
1/17/2022,FITT-W,354,354,354,354,0
1/17/2022,FLMC,218,238,212,238,1767200
1/17/2022,FMII,378,390,370,380,35600
1/17/2022,FOOD,123,128,120,124,1034400
1/17/2022,FORU,202,202,189,189,325400
1/17/2022,FORZ,50,50,50,50,0
1/17/2022,FPNI,448,468,440,464,58532100
1/17/2022,FREN,93,93,90,90,520229400
1/17/2022,FREN-W2,27,28,26,26,86169900
1/17/2022,FUJI,760,760,695,695,151600
1/17/2022,GAMA,50,50,50,50,9400
1/17/2022,GDST,99,99,96,96,1586300
1/17/2022,GDYR,1320,1320,1320,1320,3200
1/17/2022,GEMA,336,346,336,346,15100
1/17/2022,GEMS,7175,7175,6825,6950,35800
1/17/2022,GGRM,32200,32200,31600,32050,398300
1/17/2022,GGRP,805,810,785,800,170500
1/17/2022,GHON,2220,2260,2160,2220,13800
1/17/2022,GIAA,222,222,222,222,0
1/17/2022,GJTL,660,665,650,655,1346300
1/17/2022,GLOB,230,238,214,214,1235400
1/17/2022,GLVA,274,274,260,262,128600
1/17/2022,GMFI,67,67,65,66,1624200
1/17/2022,GMTD,16725,16725,16725,16725,0
1/17/2022,GOLD,384,392,374,392,34000
1/17/2022,GOLL,50,50,50,50,0
1/17/2022,GOOD,490,505,488,498,9748900
1/17/2022,GPRA,85,85,80,81,7003200
1/17/2022,GPSO,125,128,124,126,874600
1/17/2022,GPSO-W,29,33,28,31,325000
1/17/2022,GSMF,125,144,123,128,74590000
1/17/2022,GTBO,75,75,75,75,0
1/17/2022,GTSI,51,66,50,63,242735400
1/17/2022,GWSA,161,167,159,162,178200
1/17/2022,GZCO,65,69,65,66,26668700
1/17/2022,HADE,50,50,50,50,20200
1/17/2022,HAIS,167,169,164,167,637100
1/17/2022,HDFA,192,192,184,187,20600
1/17/2022,HDIT,300,308,298,302,280000
1/17/2022,HDTX,120,120,120,120,0
1/17/2022,HEAL,1110,1135,1100,1105,12054000
1/17/2022,HELI,304,304,284,284,196400
1/17/2022,HERO,1880,1885,1870,1885,4500
1/17/2022,HEXA,4810,4850,4780,4800,147400
1/17/2022,HITS,332,338,330,330,7400
1/17/2022,HKMU,53,54,52,53,20550600
1/17/2022,HMSP,965,975,960,965,16386300
1/17/2022,HOKI,164,165,159,160,6805300
1/17/2022,HOME,50,50,50,50,0
1/17/2022,HOMI,1585,1585,1560,1565,592900
1/17/2022,HOPE,71,74,71,73,2833500
1/17/2022,HOPE-W,14,14,13,14,924200
1/17/2022,HOTL,50,50,50,50,82000
1/17/2022,HRME,53,54,53,54,2854000
1/17/2022,HRTA,206,208,204,206,3902200
1/17/2022,HRUM,11100,11325,10650,10900,14480800
1/17/2022,IATA,58,60,58,58,27233000
1/17/2022,IBFN,54,57,53,56,648700
1/17/2022,IBST,6150,6150,5800,5800,200
1/17/2022,ICBP,8750,8800,8725,8775,3363800
1/17/2022,ICON,97,100,94,96,11453700
1/17/2022,IDEA,123,126,115,125,3051000
1/17/2022,IDPR,202,212,199,199,8692700
1/17/2022,IFII,176,176,160,160,2901800
1/17/2022,IFSH,2000,2140,2000,2000,5300
1/17/2022,IGAR,440,440,422,430,253300
1/17/2022,IIKP,50,50,50,50,0
1/17/2022,IKAI,50,50,50,50,100
1/17/2022,IKAN,91,93,90,92,6958200
1/17/2022,IKBI,244,244,244,244,100
1/17/2022,IMAS,835,850,800,810,1519700
1/17/2022,IMJS,398,404,386,388,4583200
1/17/2022,IMPC,2800,2800,2760,2800,4458800
1/17/2022,INAF,2170,2170,2130,2150,242100
1/17/2022,INAI,292,292,292,292,4300
1/17/2022,INCF,130,142,130,130,118496900
1/17/2022,INCI,570,570,545,550,40800
1/17/2022,INCO,4760,4760,4650,4660,7081800
1/17/2022,INDF,6500,6600,6425,6475,7248800
1/17/2022,INDO,95,102,93,95,33407900
1/17/2022,INDO-W,12,12,11,11,25368200
1/17/2022,INDR,4120,4200,4100,4150,89800
1/17/2022,INDS,2160,2180,2160,2180,3500
1/17/2022,INDX,212,214,200,200,26477500
1/17/2022,INDY,1680,1720,1640,1665,20231500
1/17/2022,INKP,8450,8475,8250,8325,2982600
1/17/2022,INOV,308,316,306,310,6966200
1/17/2022,INPC,124,128,124,125,4096000
1/17/2022,INPP,635,635,635,635,0
1/17/2022,INPS,1780,1780,1780,1780,0
1/17/2022,INRU,675,675,675,675,7500
1/17/2022,INTA,64,66,62,63,132300
1/17/2022,INTD,238,238,218,226,67300
1/17/2022,INTP,11075,11075,10825,10875,2977700
1/17/2022,IPAC,112,119,108,118,1900
1/17/2022,IPCC,510,525,510,515,1348700
1/17/2022,IPCM,282,284,272,274,2787100
1/17/2022,IPOL,173,173,170,171,431100
1/17/2022,IPPE,170,178,162,163,38839900
1/17/2022,IPTV,90,91,84,84,56074900
1/17/2022,IRRA,2030,2050,1985,2030,10516800
1/17/2022,ISAT,6075,6100,5925,5950,1908800
1/17/2022,ISSP,370,370,358,362,11350600
1/17/2022,ITIC,276,296,274,290,767400
1/17/2022,ITMA,650,700,640,655,947100
1/17/2022,ITMA-W,124,152,114,119,98900
1/17/2022,ITMG,20950,21150,20850,21125,2603100
1/17/2022,JAST,188,216,188,197,130063000
1/17/2022,JAWA,260,266,248,254,14289100
1/17/2022,JAYA,202,204,195,195,30488500
1/17/2022,JAYA-W,57,57,51,54,398700
1/17/2022,JECC,5900,5900,5900,5900,0
1/17/2022,JGLE,50,50,50,50,100
1/17/2022,JIHD,362,362,360,362,600
1/17/2022,JKON,115,115,112,113,208200
1/17/2022,JKSW,60,60,60,60,0
1/17/2022,JMAS,163,165,160,162,312500
1/17/2022,JPFA,1680,1680,1655,1670,7367700
1/17/2022,JRPT,525,525,510,515,1420300
1/17/2022,JSKY,102,106,101,102,19206500
1/17/2022,JSMR,3750,3760,3700,3730,5601700
1/17/2022,JSPT,815,815,815,815,0
1/17/2022,JTPE,975,975,970,970,30300
1/17/2022,KAEF,2360,2370,2320,2320,1520800
1/17/2022,KARW,202,218,195,206,54641800
1/17/2022,KAYU,50,51,50,50,1554000
1/17/2022,KBAG,50,50,50,50,29465900
1/17/2022,KBAG-W,10,10,9,9,44099100
1/17/2022,KBLI,284,284,280,284,260500
1/17/2022,KBLM,214,214,208,212,520200
1/17/2022,KBLV,520,530,484,500,943700
1/17/2022,KBRI,50,50,50,50,0
1/17/2022,KDSI,1075,1075,1050,1070,7000
1/17/2022,KEEN,446,450,444,448,1355100
1/17/2022,KEJU,1180,1195,1160,1180,16700
1/17/2022,KIAS,50,50,50,50,13600
1/17/2022,KICI,282,282,264,272,1234500
1/17/2022,KIJA,160,164,159,160,1826100
1/17/2022,KINO,2100,2180,2090,2100,263800
1/17/2022,KIOS,468,470,444,444,26456400
1/17/2022,KJEN,925,925,915,915,5400
1/17/2022,KKGI,274,284,272,282,648500
1/17/2022,KLBF,1705,1710,1695,1705,36515000
1/17/2022,KMDS,428,434,426,426,6200
1/17/2022,KMTR,340,360,322,334,269600
1/17/2022,KOBX,318,332,304,306,41299800
1/17/2022,KOIN,156,157,155,157,28500
1/17/2022,KONI,935,1165,935,1165,75100
1/17/2022,KOPI,590,640,545,610,31100
1/17/2022,KOTA,75,92,74,82,328407600
1/17/2022,KOTA-W,85,85,60,71,100500
1/17/2022,KPAL,50,50,50,50,0
1/17/2022,KPAS,62,62,62,62,0
1/17/2022,KPIG,84,85,82,84,5516900
1/17/2022,KRAH,436,436,436,436,0
1/17/2022,KRAS,384,386,368,368,17314000
1/17/2022,KREN,86,89,82,84,7642300
1/17/2022,KUAS,85,89,81,84,29299500
1/17/2022,KUAS-W,23,23,22,22,4063200
1/17/2022,LABA,154,163,154,159,17340600
1/17/2022,LABA-W,21,22,21,22,5678000
1/17/2022,LAND,78,86,78,82,29231700
1/17/2022,LAPD,50,50,50,50,0
1/17/2022,LCGP,114,114,114,114,0
1/17/2022,LCKM,300,302,290,302,11500
1/17/2022,LEAD,52,53,50,51,35334100
1/17/2022,LFLO,102,106,95,105,24800
1/17/2022,LFLO-W,65,70,64,69,1332300
1/17/2022,LIFE,6000,6000,6000,6000,0
1/17/2022,LINK,4100,4230,4060,4120,4064000
1/17/2022,LION,326,326,318,326,3500
1/17/2022,LMAS,99,103,95,98,83936900
1/17/2022,LMPI,193,196,192,193,1329200
1/17/2022,LMSH,720,720,720,720,300
1/17/2022,LPCK,1250,1250,1205,1205,174500
1/17/2022,LPGI,5575,5700,5500,5675,19500
1/17/2022,LPIN,1010,1060,940,970,6077600
1/17/2022,LPKR,136,136,130,132,22461200
1/17/2022,LPLI,244,250,242,250,86600
1/17/2022,LPPF,3880,3910,3850,3900,2559300
1/17/2022,LPPS,105,106,102,103,173500
1/17/2022,LRNA,193,197,189,194,62300
1/17/2022,LSIP,1220,1225,1175,1185,22072300
1/17/2022,LTLS,705,705,685,700,16400
1/17/2022,LUCK,358,370,358,364,17902700
1/17/2022,LUCY,65,66,61,66,72890200
1/17/2022,LUCY-W,19,21,16,18,16664700
1/17/2022,MABA,50,50,50,50,0
1/17/2022,MAGP,50,50,50,50,0
1/17/2022,MAIN,650,665,650,650,1407900
1/17/2022,MAMI,50,50,50,50,0
1/17/2022,MAMI-W,6,6,6,6,0
1/17/2022,MAMIP,600,600,600,600,0
1/17/2022,MAPA,2470,2520,2450,2480,330400
1/17/2022,MAPB,1590,1590,1500,1500,700
1/17/2022,MAPI,790,800,760,765,6786400
1/17/2022,MARI,406,420,392,402,14294000
1/17/2022,MARK,1300,1300,1250,1250,9060900
1/17/2022,MASA,4550,4690,4540,4620,3500
1/17/2022,MASB,3490,3530,3490,3490,22600
1/17/2022,MASB-W,358,378,350,372,28600
1/17/2022,MAYA,550,560,530,540,857900
1/17/2022,MBAP,3570,3610,3520,3580,191600
1/17/2022,MBSS,1060,1065,1000,1005,718600
1/17/2022,MBTO,140,141,139,139,272200
1/17/2022,MCAS,9750,9775,9300,9525,360500
1/17/2022,MCOL,3440,3520,3410,3410,697800
1/17/2022,MCOR,107,108,104,106,9980700
1/17/2022,MDIA,50,50,50,50,21200
1/17/2022,MDKA,4040,4050,3950,4020,45457000
1/17/2022,MDKI,204,204,202,204,461300
1/17/2022,MDLN,82,83,79,80,51441000
1/17/2022,MDRN,50,50,50,50,100
1/17/2022,MEDC,478,478,470,472,17101300
1/17/2022,MEGA,9550,9600,9325,9475,29000
1/17/2022,MERK,3900,3920,3880,3890,24000
1/17/2022,META,114,114,110,112,555200
1/17/2022,MFIN,1110,1115,1110,1115,33600
1/17/2022,MFMI,920,980,910,950,31100
1/17/2022,MGLV,194,194,186,193,60500
1/17/2022,MGLV-W,15,15,13,14,5399500
1/17/2022,MGNA,50,50,50,50,0
1/17/2022,MGRO,840,850,815,850,4184700
1/17/2022,MICE,398,400,388,394,35500
1/17/2022,MIDI,2080,2140,2000,2010,46300
1/17/2022,MIKA,2240,2240,2160,2180,13758500
1/17/2022,MINA,50,50,50,50,1059300
1/17/2022,MIRA,50,50,50,50,26300
1/17/2022,MITI,222,236,216,228,51794300
1/17/2022,MKNT,50,50,50,50,300
1/17/2022,MKPI,24925,24925,24925,24925,0
1/17/2022,MLBI,7575,7600,7500,7525,29200
1/17/2022,MLIA,1970,1970,1935,1970,6250900
1/17/2022,MLPL,260,266,242,246,166012100
1/17/2022,MLPT,3380,3450,3320,3320,494800
1/17/2022,MMLP,525,535,515,525,4107600
1/17/2022,MNCN,865,865,840,850,25969900
1/17/2022,MOLI,376,390,372,372,40800
1/17/2022,MPMX,1045,1045,1005,1005,3385200
1/17/2022,MPOW,105,107,104,105,6799900
1/17/2022,MPPA,296,302,274,284,44445400
1/17/2022,MPRO,890,890,795,800,5200
1/17/2022,MRAT,274,280,266,274,518900
1/17/2022,MREI,4020,4020,4020,4020,1400
1/17/2022,MSIN,2340,2480,2270,2420,9676400
1/17/2022,MSKY,306,328,284,284,22766100
1/17/2022,MTDL,785,795,765,780,10088500
1/17/2022,MTEL,805,805,790,795,16626200
1/17/2022,MTFN,50,50,50,50,200
1/17/2022,MTLA,342,344,336,338,100700
1/17/2022,MTPS,119,122,111,111,16494200
1/17/2022,MTRA,244,244,244,244,0
1/17/2022,MTSM,216,270,202,258,684400
1/17/2022,MTWI,189,200,183,192,55201600
1/17/2022,MYOH,1795,1795,1755,1785,29900
1/17/2022,MYOR,2150,2150,2100,2120,642200
1/17/2022,MYRX,50,50,50,50,0
1/17/2022,MYRXP,50,50,50,50,0
1/17/2022,MYTX,87,88,85,86,1340200
1/17/2022,NASA,50,53,50,51,4640500
1/17/2022,NASI,378,398,378,384,12552300
1/17/2022,NATO,760,770,735,750,189536900
1/17/2022,NATO-W,394,394,394,394,0
1/17/2022,NELY,370,374,362,370,1459200
1/17/2022,NFCX,7550,7550,6950,7375,221400
1/17/2022,NICK,740,770,700,765,62700
1/17/2022,NICL,65,66,64,64,23971000
1/17/2022,NICL-W,9,9,8,9,15759900
1/17/2022,NIKL,930,940,925,925,225300
1/17/2022,NIPS,282,282,282,282,0
1/17/2022,NIRO,149,149,143,149,301600
1/17/2022,NISP,650,655,645,645,665400
1/17/2022,NOBU,660,675,645,650,1841000
1/17/2022,NPGF,69,74,68,70,20453500
1/17/2022,NRCA,288,290,270,284,570900
1/17/2022,NUSA,50,50,50,50,0
1/17/2022,NZIA,150,150,146,149,29800
1/17/2022,OASA,680,685,630,685,2592700
1/17/2022,OBMD,129,130,121,123,5170200
1/17/2022,OBMD-W,23,23,20,21,12038800
1/17/2022,OCAP,159,159,159,159,0
1/17/2022,OILS,300,314,292,302,5057600
1/17/2022,OILS-W,93,94,90,94,223200
1/17/2022,OKAS,78,81,77,78,12737600
1/17/2022,OMRE,780,850,780,835,4000
1/17/2022,OPMS,142,143,138,141,5830600
1/17/2022,PADI,50,50,50,50,10200
1/17/2022,PALM,780,825,775,805,14562300
1/17/2022,PAMG,93,96,93,93,1227000
1/17/2022,PANI,1815,1865,1815,1845,126600
1/17/2022,PANR,218,246,214,224,5158000
1/17/2022,PANS,1255,1270,1250,1250,63200
1/17/2022,PBID,1605,1620,1605,1610,366400
1/17/2022,PBRX,143,143,140,140,2271100
1/17/2022,PBSA,725,725,725,725,0
1/17/2022,PCAR,246,260,244,246,600500
1/17/2022,PDES,302,302,300,300,400
1/17/2022,PEGE,920,980,865,880,596100
1/17/2022,PEHA,1120,1125,1115,1120,37800
1/17/2022,PGAS,1340,1345,1285,1300,57615000
1/17/2022,PGJO,81,84,77,82,3730400
1/17/2022,PGLI,398,428,366,424,280900
1/17/2022,PGUN,388,402,388,398,17100
1/17/2022,PICO,96,96,89,91,58100
1/17/2022,PJAA,530,545,525,545,189200
1/17/2022,PKPK,196,218,194,208,140625200
1/17/2022,PLAN,50,53,45,45,21313700
1/17/2022,PLAN-W,11,11,10,10,1405700
1/17/2022,PLAS,50,50,50,50,0
1/17/2022,PLIN,2080,2080,2000,2020,2200
1/17/2022,PMJS,141,141,132,132,1587300
1/17/2022,PMMP,444,452,442,448,13450000
1/17/2022,PNBN,760,765,755,755,3512800
1/17/2022,PNBS,76,76,71,73,14950300
1/17/2022,PNGO,1515,1515,1440,1500,15000
1/17/2022,PNIN,685,690,680,690,287800
1/17/2022,PNLF,173,175,173,173,11602300
1/17/2022,PNSE,655,660,655,660,900
1/17/2022,POLA,175,175,162,163,2104100
1/17/2022,POLA-W,53,55,53,54,10800
1/17/2022,POLI,1460,1460,1265,1415,11000
1/17/2022,POLL,695,695,660,660,7435700
1/17/2022,POLU,525,565,525,525,122200
1/17/2022,POLY,81,87,81,85,22269800
1/17/2022,POOL,50,50,50,50,0
1/17/2022,PORT,600,620,600,615,2200
1/17/2022,POSA,50,50,50,50,0
1/17/2022,POWR,630,640,625,635,3886600
1/17/2022,PPGL,125,129,121,123,1950300
1/17/2022,PPGL-W,14,14,13,13,4891200
1/17/2022,PPRE,161,162,153,154,8765800
1/17/2022,PPRO,56,57,54,56,23527500
1/17/2022,PRAS,260,266,260,260,308700
1/17/2022,PRDA,8675,8700,8450,8475,758900
1/17/2022,PRIM,388,392,386,388,1019100
1/17/2022,PSAB,131,132,127,129,5974000
1/17/2022,PSDN,200,212,195,204,333700
1/17/2022,PSGO,224,240,224,232,38411900
1/17/2022,PSKT,91,91,85,85,44878300
1/17/2022,PSSI,396,398,392,392,1623300
1/17/2022,PTBA,2850,2860,2780,2810,17583800
1/17/2022,PTDU,165,166,159,162,43260700
1/17/2022,PTIS,366,366,344,346,7400
1/17/2022,PTPP,1000,1005,930,930,37278400
1/17/2022,PTPW,700,705,695,700,291000
1/17/2022,PTRO,2210,2240,2150,2180,466200
1/17/2022,PTSN,228,236,226,232,727100
1/17/2022,PTSP,6500,6500,6050,6050,900
1/17/2022,PUDP,342,346,320,338,111900
1/17/2022,PURA,58,58,58,58,18732300
1/17/2022,PURA-W,14,14,13,14,6384500
1/17/2022,PURE,76,77,72,74,2772100
1/17/2022,PURI,388,398,388,396,400
1/17/2022,PWON,438,454,438,450,36306100
1/17/2022,PYFA,1015,1015,995,1010,146200
1/17/2022,PZZA,660,665,655,655,51400
1/17/2022,R-ABFII,28600,28600,28600,28600,0
1/17/2022,R-LQ45X,1012,1020,1010,1020,40400
1/17/2022,RAJA,186,198,180,181,4273800
1/17/2022,RALS,620,630,615,630,5378500
1/17/2022,RANC,1710,1760,1710,1710,36200
1/17/2022,RBMS,101,107,100,102,226507300
1/17/2022,RDTX,7025,7025,7025,7025,0
1/17/2022,REAL,74,77,73,73,40377300
1/17/2022,RELI,470,470,470,470,100
1/17/2022,RICY,90,91,88,90,4878700
1/17/2022,RIGS,330,334,324,326,118500
1/17/2022,RIMO,50,50,50,50,0
1/17/2022,RISE,374,376,368,376,230100
1/17/2022,RMBA,306,306,306,306,0
1/17/2022,RMKE,340,368,320,326,98183900
1/17/2022,ROCK,715,720,715,720,200
1/17/2022,RODA,81,86,78,80,15816300
1/17/2022,RONY,800,800,800,800,0
1/17/2022,ROTI,1315,1320,1305,1310,685900
1/17/2022,RSGK,1710,1720,1705,1710,72500
1/17/2022,RUIS,208,208,208,208,4600
1/17/2022,RUNS,270,274,252,262,3458500
1/17/2022,SAFE,226,226,212,218,929300
1/17/2022,SAME,354,364,342,350,21662700
1/17/2022,SAMF,815,815,815,815,1102900
1/17/2022,SAPX,1300,1360,1260,1350,5800
1/17/2022,SATU,105,114,105,112,60242400
1/17/2022,SBAT,50,50,50,50,23023000
1/17/2022,SBAT-W,12,12,11,11,16521100
1/17/2022,SBAT-W2,19,22,18,20,81848500
1/17/2022,SBMA,400,400,374,374,2258300
1/17/2022,SBMA-W,105,105,96,98,56600
1/17/2022,SCCO,10500,10500,10500,10500,900
1/17/2022,SCMA,306,308,288,292,100100200
1/17/2022,SCNP,214,214,208,214,640900
1/17/2022,SCPI,29000,29000,29000,29000,0
1/17/2022,SDMU,104,140,101,140,611869900
1/17/2022,SDPC,137,144,136,144,871000
1/17/2022,SDRA,560,560,545,550,96400
1/17/2022,SEMA,242,262,232,262,81580200
1/17/2022,SEMA-W,36,39,30,37,32794000
1/17/2022,SFAN,1505,1525,1505,1505,208300
1/17/2022,SGER,1100,1240,1075,1240,10967400
1/17/2022,SGER-W,765,765,765,765,0
1/17/2022,SGRO,2040,2040,2000,2010,15400
1/17/2022,SHID,875,1000,865,990,161100
1/17/2022,SHIP,875,885,860,880,169900
1/17/2022,SIDO,945,950,935,945,6734400
1/17/2022,SILO,8650,8650,8625,8625,31300
1/17/2022,SIMA,50,50,50,50,0
1/17/2022,SIMP,460,464,452,456,1879800
1/17/2022,SINI,330,350,276,282,488800
1/17/2022,SINI-W,199,199,142,165,72400
1/17/2022,SIPD,1890,1890,1880,1880,2500
1/17/2022,SKBM,340,340,338,338,3500
1/17/2022,SKLT,2280,2280,2280,2280,0
1/17/2022,SKRN,865,900,855,855,1548200
1/17/2022,SKYB,51,51,51,51,0
1/17/2022,SLIS,825,860,765,765,9193000
1/17/2022,SMAR,4350,4350,4340,4340,2100
1/17/2022,SMBR,565,580,555,560,1586800
1/17/2022,SMCB,1740,1760,1735,1750,828800
1/17/2022,SMDM,176,176,170,171,1038100
1/17/2022,SMDR,1020,1080,1015,1035,9009700
1/17/2022,SMGR,7000,7000,6800,6825,12210800
1/17/2022,SMKL,570,570,456,476,860500
1/17/2022,SMKL-W,190,190,89,97,2088500
1/17/2022,SMMA,11600,11600,11600,11600,0
1/17/2022,SMMT,234,266,232,260,153640700
1/17/2022,SMRA,755,765,730,735,18530900
1/17/2022,SMRU,50,50,50,50,0
1/17/2022,SMSM,1420,1420,1385,1390,195800
1/17/2022,SNLK,960,1015,760,760,2067100
1/17/2022,SOCI,188,188,184,185,4551500
1/17/2022,SOFA,39,42,39,42,5179200
1/17/2022,SOHO,7000,7000,6600,6625,24700
1/17/2022,SONA,4430,4430,4430,4430,0
1/17/2022,SOSS,394,412,394,412,75800
1/17/2022,SOSS-W,37,40,36,40,38300
1/17/2022,SOTS,268,268,268,268,200
1/17/2022,SOTS-W,41,41,41,41,5000
1/17/2022,SPMA,815,820,800,810,1485700
1/17/2022,SPTO,615,620,610,610,162900
1/17/2022,SQMI,51,51,50,50,37072400
1/17/2022,SRAJ,288,306,280,290,1156000
1/17/2022,SRIL,146,146,146,146,0
1/17/2022,SRSN,55,56,54,54,8607800
1/17/2022,SRTG,2840,2840,2750,2760,6354500
1/17/2022,SSIA,460,462,450,450,1106700
1/17/2022,SSMS,985,985,960,960,7692600
1/17/2022,SSTM,820,820,820,820,200
1/17/2022,STAR,162,186,157,167,795600
1/17/2022,STTP,7700,7700,7700,7700,2000
1/17/2022,SUGI,50,50,50,50,0
1/17/2022,SULI,50,50,50,50,3300
1/17/2022,SUPR,16000,16000,16000,16000,0
1/17/2022,SURE,1935,1935,1935,1935,100
1/17/2022,SWAT,159,163,159,160,15581900
1/17/2022,TALF,292,296,292,296,500
1/17/2022,TAMA,55,58,55,56,18144300
1/17/2022,TAMA-W,15,16,15,16,120500
1/17/2022,TAMU,50,50,50,50,7600
1/17/2022,TAPG,610,625,600,615,37234200
1/17/2022,TARA,50,50,50,50,702800
1/17/2022,TAXI,50,50,50,50,100
1/17/2022,TAYS,230,240,228,232,3389200
1/17/2022,TBIG,2910,2950,2890,2920,23090700
1/17/2022,TBLA,790,800,780,790,735800
1/17/2022,TBMS,1795,1795,1700,1790,15000
1/17/2022,TCID,5450,5450,5250,5250,2400
1/17/2022,TCPI,10225,10250,10125,10250,6684900
1/17/2022,TDPM,119,119,119,119,0
1/17/2022,TEBE,595,605,585,585,364200
1/17/2022,TECH,5400,5400,5275,5275,136800
1/17/2022,TELE,121,121,121,121,0
1/17/2022,TFAS,4900,4920,4800,4800,60600
1/17/2022,TFCO,710,720,710,720,4900
1/17/2022,TGKA,7025,7025,7025,7025,500
1/17/2022,TGRA,83,98,81,93,134246200
1/17/2022,TIFA,580,600,580,585,6000
1/17/2022,TINS,1400,1400,1355,1355,19118500
1/17/2022,TIRA,418,440,418,432,13600
1/17/2022,TIRT,128,132,128,130,8792800
1/17/2022,TKIM,7900,7925,7650,7675,1864200
1/17/2022,TLKM,4200,4200,4140,4180,39816300
1/17/2022,TMAS,1190,1240,1175,1205,2100700
1/17/2022,TMPO,143,152,139,152,1080400
1/17/2022,TNCA,2260,2450,2180,2300,10605100
1/17/2022,TOBA,1125,1340,1125,1310,52316600
1/17/2022,TOPS,50,50,50,50,734600
1/17/2022,TOTL,318,318,314,314,445500
1/17/2022,TOTO,212,212,208,210,157700
1/17/2022,TOWR,1045,1055,1040,1050,34758600
1/17/2022,TOYS,220,230,218,224,42167200
1/17/2022,TOYS-W,25,26,24,25,12068300
1/17/2022,TPIA,7525,7550,7450,7500,3639700
1/17/2022,TPMA,372,382,372,378,2995800
1/17/2022,TRAM,50,50,50,50,0
1/17/2022,TRIL,50,50,50,50,0
1/17/2022,TRIM,342,346,332,342,6770400
1/17/2022,TRIN,246,274,242,270,43120200
1/17/2022,TRIN-W,19,24,19,22,6658400
1/17/2022,TRIO,426,426,426,426,0
1/17/2022,TRIS,191,191,180,185,485200
1/17/2022,TRIS-W,6,6,6,6,0
1/17/2022,TRJA,446,448,438,438,3067300
1/17/2022,TRST,565,565,565,565,0
1/17/2022,TRUE,121,126,116,122,39974400
1/17/2022,TRUE-W,20,20,18,19,12198600
1/17/2022,TRUK,214,214,206,210,20074700
1/17/2022,TRUS,420,426,394,394,8900
1/17/2022,TSPC,1485,1490,1465,1470,192100
1/17/2022,TUGU,1670,1700,1670,1690,188300
1/17/2022,TURI,1270,1270,1270,1270,20000
1/17/2022,UANG,800,800,750,760,3300
1/17/2022,UCID,1445,1445,1430,1435,103400
1/17/2022,UFOE,1875,1910,1780,1790,98200
1/17/2022,ULTJ,1555,1570,1550,1560,149300
1/17/2022,UNIC,12500,14075,12500,12950,15500
1/17/2022,UNIQ,87,89,86,88,1527700
1/17/2022,UNIT,316,316,316,316,0
1/17/2022,UNSP,111,111,107,110,386400
1/17/2022,UNTR,23550,23900,23425,23500,4935000
1/17/2022,UNVR,4240,4240,4140,4150,20035500
1/17/2022,URBN,515,515,494,494,165000
1/17/2022,UVCR,500,515,490,500,5797700
1/17/2022,UVCR-W,162,172,159,160,330000
1/17/2022,VICI,496,498,492,492,2663300
1/17/2022,VICO,216,216,206,212,1052200
1/17/2022,VINS,167,169,165,166,206600
1/17/2022,VIVA,50,50,50,50,37700
1/17/2022,VOKS,188,198,180,195,2251200
1/17/2022,VRNA,135,135,130,133,371200
1/17/2022,WAPO,163,166,161,163,465100
1/17/2022,WEGE,186,187,175,177,10426400
1/17/2022,WEHA,206,218,200,210,27882700
1/17/2022,WGSH,150,154,148,149,2917700
1/17/2022,WICO,410,410,410,410,500
1/17/2022,WIFI,525,540,515,530,1768200
1/17/2022,WIFI-W,216,216,216,216,0
1/17/2022,WIIM,428,432,422,422,6462900
1/17/2022,WIKA,1130,1140,1055,1055,27087300
1/17/2022,WINS,189,190,186,188,3621500
1/17/2022,WMPP,136,138,132,135,9506000
1/17/2022,WMUU,139,141,132,132,14617400
1/17/2022,WOMF,242,242,236,238,18200
1/17/2022,WOOD,870,885,830,840,11890600
1/17/2022,WOWS,51,53,51,52,37696400
1/17/2022,WSBP,108,111,104,104,27946100
1/17/2022,WSKT,625,625,590,590,178808500
1/17/2022,WTON,236,238,228,228,8289600
1/17/2022,XAFA,1054,1054,1054,1054,0
1/17/2022,XAQA,943,943,943,943,100
1/17/2022,XBES,992,992,992,992,0
1/17/2022,XBID,531,531,531,531,0
1/17/2022,XBIG,526,526,526,526,0
1/17/2022,XBIN,497,497,497,497,0
1/17/2022,XBLQ,478,478,478,478,0
1/17/2022,XBNI,1055,1055,1055,1055,0
1/17/2022,XBSK,392,392,392,392,0
1/17/2022,XCID,82,82,82,82,19000
1/17/2022,XCIS,105,105,105,105,0
1/17/2022,XCLQ,100,100,99,99,5000
1/17/2022,XDIF,473,473,473,473,0
1/17/2022,XDSG,1012,1012,1012,1012,0
1/17/2022,XFES,133,133,133,133,500
1/17/2022,XIFE,107,107,106,106,5500
1/17/2022,XIHD,510,510,510,510,1100
1/17/2022,XIIC,975,975,975,975,1700
1/17/2022,XIID,525,526,525,525,800
1/17/2022,XIIF,528,528,528,528,0
1/17/2022,XIIT,538,540,536,540,39900
1/17/2022,XIJI,603,603,597,600,22100
1/17/2022,XILV,116,116,116,116,200
1/17/2022,XIML,267,267,267,267,0
1/17/2022,XIPI,182,182,182,182,2100
1/17/2022,XISB,398,398,398,398,0
1/17/2022,XISC,670,670,665,665,2200
1/17/2022,XISI,325,325,325,325,0
1/17/2022,XISR,386,390,386,390,6100
1/17/2022,XKIV,469,469,469,469,0
1/17/2022,XKMS,1112,1112,1112,1112,100
1/17/2022,XMIG,176,176,176,176,0
1/17/2022,XMJM,1001,1001,1001,1001,0
1/17/2022,XMTS,450,450,450,450,0
1/17/2022,XNVE,145,145,145,145,0
1/17/2022,XPCR,894,894,894,894,0
1/17/2022,XPDV,486,486,486,486,0
1/17/2022,XPES,393,393,385,385,300
1/17/2022,XPFT,533,533,533,533,0
1/17/2022,XPID,525,525,525,525,0
1/17/2022,XPLC,457,457,457,457,0
1/17/2022,XPLQ,476,476,476,476,0
1/17/2022,XPMI,985,985,985,985,100
1/17/2022,XPSG,390,390,390,390,0
1/17/2022,XPTD,505,505,505,505,0
1/17/2022,XSBC,107,107,107,107,400
1/17/2022,XSMU,140,140,140,140,0
1/17/2022,XSPI,750,750,750,750,0
1/17/2022,XSRI,184,184,184,184,600
1/17/2022,XSSI,77,77,76,76,1000
1/17/2022,XSSK,657,657,657,657,0
1/17/2022,YELO,127,138,127,135,285258200
1/17/2022,YPAS,805,900,800,805,31400
1/17/2022,YULE,1850,1850,1835,1845,5500
1/17/2022,ZBRA,640,640,620,635,484800
1/17/2022,ZINC,81,85,80,82,316346100
1/17/2022,ZONE,414,414,412,412,240900
1/17/2022,ZYRX,520,530,520,525,10490100
1/17/2022,ZYRX-W,80,83,77,80,755900
