<date>,<ticker>,<open>,<high>,<low>,<close>,<volume>
3/30/2022,IHSG,7037.202,7055.866,7022.652,7053.19,284610931
3/30/2022,AALI,12350,12475,12150,12375,1773400
3/30/2022,ABBA,292,298,278,280,28667200
3/30/2022,ABDA,6400,6400,6400,6400,0
3/30/2022,ABMM,1685,1780,1660,1765,5526500
3/30/2022,ACES,1025,1060,1020,1025,56223800
3/30/2022,ACST,192,195,191,191,5043200
3/30/2022,ADCP,92,95,91,92,35319400
3/30/2022,ADES,3680,3700,3680,3680,21900
3/30/2022,ADHI,745,770,740,750,14372600
3/30/2022,ADMF,8475,8600,8475,8550,297900
3/30/2022,ADMG,182,184,181,181,1054700
3/30/2022,ADMR,2030,2150,2030,2070,126791200
3/30/2022,ADRO,2770,2800,2660,2680,98915700
3/30/2022,AGAR,368,368,368,368,500
3/30/2022,AGII,1595,1690,1595,1635,24731400
3/30/2022,AGRO,1280,1300,1265,1270,20056800
3/30/2022,AGRS,139,146,138,141,39967100
3/30/2022,AHAP,70,70,68,69,235700
3/30/2022,AIMS,312,322,290,294,419300
3/30/2022,AISA,180,189,179,185,34747900
3/30/2022,AKKU,50,50,50,50,6322600
3/30/2022,AKPI,970,990,955,975,149000
3/30/2022,AKRA,930,945,895,900,74360200
3/30/2022,AKSI,476,484,476,482,7900
3/30/2022,ALDO,1075,1095,1040,1045,5523100
3/30/2022,ALDO-W,246,246,222,222,39700
3/30/2022,ALKA,302,310,288,290,36400
3/30/2022,ALMI,276,276,260,276,7700
3/30/2022,ALTO,210,220,210,220,7000
3/30/2022,AMAG,396,396,384,384,83600
3/30/2022,AMAN,530,530,525,530,628800
3/30/2022,AMAR,400,408,378,388,59434300
3/30/2022,AMFG,5350,5500,5350,5400,183000
3/30/2022,AMIN,164,164,161,162,136200
3/30/2022,AMOR,1675,1790,1650,1650,80200
3/30/2022,AMRT,1420,1480,1395,1460,33051900
3/30/2022,ANDI,50,50,50,50,6000
3/30/2022,ANJT,1040,1045,1025,1030,883100
3/30/2022,ANTM,2530,2570,2470,2510,131170000
3/30/2022,APEX,650,675,610,610,1757700
3/30/2022,APIC,1080,1080,1055,1065,12463000
3/30/2022,APII,183,187,181,181,438500
3/30/2022,APLI,199,199,199,199,0
3/30/2022,APLN,120,121,119,119,3794900
3/30/2022,ARCI,488,488,476,480,7738400
3/30/2022,ARGO,1355,1375,1355,1375,300
3/30/2022,ARII,242,244,240,244,83200
3/30/2022,ARKA,50,50,50,50,17800
3/30/2022,ARMY,50,50,50,50,0
3/30/2022,ARNA,880,900,875,895,2131400
3/30/2022,ARTA,1820,1840,1820,1830,42000
3/30/2022,ARTI,50,50,50,50,0
3/30/2022,ARTO,14100,14600,13975,14450,18736300
3/30/2022,ASBI,292,298,280,294,30800
3/30/2022,ASDM,990,990,990,990,100
3/30/2022,ASGR,835,910,835,880,2094900
3/30/2022,ASII,6550,6650,6500,6650,34320500
3/30/2022,ASJT,127,129,127,127,59700
3/30/2022,ASLC,260,264,256,258,22491700
3/30/2022,ASMI,173,178,170,172,8800
3/30/2022,ASPI,73,76,72,72,3439300
3/30/2022,ASPI-W,15,15,14,14,3547000
3/30/2022,ASRI,173,174,170,171,17311500
3/30/2022,ASRM,1530,1570,1530,1570,2000
3/30/2022,ASSA,2530,2630,2530,2620,9337800
3/30/2022,ATAP,140,140,135,135,1528000
3/30/2022,ATIC,510,515,505,505,32500
3/30/2022,AUTO,1120,1135,1115,1120,2523200
3/30/2022,AVIA,765,805,755,800,49521500
3/30/2022,AYLS,416,416,356,358,55121600
3/30/2022,BABP,182,184,179,181,51469100
3/30/2022,BABP-W3,118,118,118,118,100
3/30/2022,BABP-W4,130,130,130,130,100
3/30/2022,BACA,202,204,199,199,15438100
3/30/2022,BACA-W2,99,99,99,99,0
3/30/2022,BAJA,294,300,288,294,781300
3/30/2022,BALI,825,840,800,815,268600
3/30/2022,BANK,2150,2190,2130,2140,18399100
3/30/2022,BANK-W,1970,1970,1970,1970,0
3/30/2022,BAPA,113,115,109,109,6176400
3/30/2022,BAPI,50,50,50,50,6700
3/30/2022,BAPI-W,6,7,6,6,3547600
3/30/2022,BATA,470,470,468,468,1200
3/30/2022,BAUT,78,82,77,79,126281100
3/30/2022,BAUT-W,14,15,13,14,35850000
3/30/2022,BAYU,1095,1095,1095,1095,0
3/30/2022,BBCA,7900,7900,7825,7875,71430600
3/30/2022,BBHI,5550,5800,5525,5775,13899600
3/30/2022,BBKP,250,252,244,246,93758000
3/30/2022,BBLD,400,400,380,380,1400
3/30/2022,BBMD,2050,2050,2050,2050,200
3/30/2022,BBNI,8450,8575,8325,8400,26422400
3/30/2022,BBRI,4740,4740,4690,4710,83364400
3/30/2022,BBRM,50,51,50,51,480900
3/30/2022,BBSI,5325,5325,5300,5325,16400
3/30/2022,BBSS,53,56,52,53,16185200
3/30/2022,BBTN,1750,1765,1720,1725,11476500
3/30/2022,BBYB,2200,2280,2200,2260,33251700
3/30/2022,BCAP,288,294,276,286,126230200
3/30/2022,BCIC,149,149,143,147,776900
3/30/2022,BCIP,68,69,66,67,4357500
3/30/2022,BDMN,2430,2440,2390,2440,3201600
3/30/2022,BEBS,4530,4540,4240,4300,48759400
3/30/2022,BEEF,58,59,57,57,862200
3/30/2022,BEKS,50,50,50,50,12946200
3/30/2022,BELL,58,74,57,73,278982400
3/30/2022,BESS,484,484,470,484,41200
3/30/2022,BESS-W,360,416,360,380,2700
3/30/2022,BEST,106,106,105,105,5565600
3/30/2022,BFIN,1315,1315,1260,1275,48028700
3/30/2022,BGTG,200,204,196,198,40889400
3/30/2022,BHAT,985,995,985,995,1301500
3/30/2022,BHIT,58,60,58,59,137626900
3/30/2022,BIKA,226,226,220,226,7900
3/30/2022,BIKE,200,216,200,202,27333600
3/30/2022,BIKE-W,23,28,23,24,39520600
3/30/2022,BIMA,210,214,206,206,624300
3/30/2022,BINA,3470,3590,3430,3590,3260100
3/30/2022,BINO,134,136,133,135,7358600
3/30/2022,BINO-W,27,28,26,27,3108100
3/30/2022,BIPI,90,93,85,85,1112681400
3/30/2022,BIPI-W,16,17,15,15,27380700
3/30/2022,BIPP,52,53,51,53,1030400
3/30/2022,BIRD,1410,1425,1375,1400,7323700
3/30/2022,BISI,1325,1360,1245,1325,2905900
3/30/2022,BJBR,1545,1560,1500,1525,35079100
3/30/2022,BJTM,785,800,780,785,48918400
3/30/2022,BKDP,93,94,87,87,5495100
3/30/2022,BKSL,53,55,52,54,73336000
3/30/2022,BKSW,143,143,140,141,1677000
3/30/2022,BLTA,50,50,50,50,25700
3/30/2022,BLTZ,2620,2700,2620,2700,400
3/30/2022,BLUE,288,300,288,290,254400
3/30/2022,BMAS,1270,1315,1270,1315,30900
3/30/2022,BMHS,715,720,705,710,14510100
3/30/2022,BMRI,7950,7975,7850,7875,41238000
3/30/2022,BMSR,256,264,254,260,329600
3/30/2022,BMTR,256,272,254,270,172792900
3/30/2022,BNBA,2680,2760,2680,2680,908100
3/30/2022,BNBR,50,50,50,50,104600
3/30/2022,BNGA,1100,1105,1085,1105,9948500
3/30/2022,BNII,300,308,300,302,6868500
3/30/2022,BNLI,1300,1325,1295,1320,80100
3/30/2022,BOBA,210,214,206,208,697800
3/30/2022,BOGA,1345,1355,1340,1345,123113300
3/30/2022,BOLA,432,442,428,430,4565200
3/30/2022,BOLT,1100,1110,1050,1100,7600
3/30/2022,BOSS,112,131,106,129,485243100
3/30/2022,BPFI,720,720,680,690,65100
3/30/2022,BPII,7300,7300,7300,7300,20000
3/30/2022,BPTR,278,278,260,260,1891200
3/30/2022,BRAM,11400,11650,11400,11650,1100
3/30/2022,BRIS,1615,1630,1605,1620,9262900
3/30/2022,BRMS,196,204,191,202,786845700
3/30/2022,BRNA,910,910,910,910,0
3/30/2022,BRPT,890,915,890,905,62474200
3/30/2022,BSDE,1050,1050,1030,1035,17083000
3/30/2022,BSIM,650,655,640,650,112900
3/30/2022,BSML,640,730,630,705,55793200
3/30/2022,BSSR,3800,3800,3660,3680,2268200
3/30/2022,BSWD,1750,1750,1750,1750,0
3/30/2022,BTEK,50,50,50,50,0
3/30/2022,BTEL,50,50,50,50,0
3/30/2022,BTON,360,368,352,368,23500
3/30/2022,BTPN,2600,2630,2590,2630,8800
3/30/2022,BTPS,3410,3410,3340,3370,1011500
3/30/2022,BUDI,210,222,204,218,29829800
3/30/2022,BUKA,354,380,342,378,1310087600
3/30/2022,BUKK,1125,1125,1125,1125,2300
3/30/2022,BULL,159,162,154,156,172943600
3/30/2022,BULL-W2,51,58,50,52,3382700
3/30/2022,BUMI,55,59,55,57,455966900
3/30/2022,BUVA,60,60,60,60,0
3/30/2022,BVIC,142,145,140,141,12112200
3/30/2022,BWPT,80,81,78,79,46019100
3/30/2022,BYAN,41950,42000,41500,41725,4100
3/30/2022,CAKK,91,91,88,88,8718900
3/30/2022,CAMP,264,268,262,264,356400
3/30/2022,CANI,144,147,139,141,365300
3/30/2022,CARE,520,535,515,530,390891100
3/30/2022,CARS,50,50,50,50,400
3/30/2022,CASA,560,580,555,580,2325600
3/30/2022,CASH,220,220,206,218,942700
3/30/2022,CASS,362,370,362,364,102100
3/30/2022,CBMF,67,67,65,65,8610200
3/30/2022,CCSI,770,790,760,765,389500
3/30/2022,CEKA,1860,1870,1845,1860,29700
3/30/2022,CENT,236,242,228,232,32012200
3/30/2022,CFIN,254,254,246,248,1262000
3/30/2022,CINT,232,234,230,232,230800
3/30/2022,CITA,3050,3200,3050,3140,1400
3/30/2022,CITY,160,187,152,157,2260400
3/30/2022,CLAY,740,795,740,795,200
3/30/2022,CLEO,438,438,428,432,5651900
3/30/2022,CLPI,1040,1045,1030,1035,17600
3/30/2022,CMNP,2230,2250,2200,2230,49800
3/30/2022,CMNP-W,1100,1200,1100,1200,1600
3/30/2022,CMNT,1125,1160,1125,1145,47420300
3/30/2022,CMPP,720,770,675,760,33131700
3/30/2022,CMRY,3380,3580,3320,3480,5461500
3/30/2022,CNKO,50,50,50,50,1700
3/30/2022,CNTB,250,250,250,250,0
3/30/2022,CNTX,230,238,230,236,12200
3/30/2022,COCO,246,250,246,246,3905400
3/30/2022,COWL,50,50,50,50,0
3/30/2022,CPIN,5650,5675,5600,5675,8084800
3/30/2022,CPRI,50,50,50,50,0
3/30/2022,CPRI-W,12,12,12,12,0
3/30/2022,CPRO,93,95,91,91,220630300
3/30/2022,CSAP,498,498,480,490,184000
3/30/2022,CSIS,78,84,78,83,2385300
3/30/2022,CSMI,2990,2990,2990,2990,100
3/30/2022,CSRA,725,735,700,705,1112900
3/30/2022,CTBN,2640,2770,2420,2500,2500
3/30/2022,CTRA,1100,1100,1055,1055,19355500
3/30/2022,CTTH,50,50,50,50,200
3/30/2022,DADA,50,50,50,50,53900
3/30/2022,DADA-W,10,10,9,9,9824400
3/30/2022,DART,232,280,232,262,62556200
3/30/2022,DAYA,212,216,212,214,10200
3/30/2022,DCII,43400,43400,43400,43400,100
3/30/2022,DEAL,50,50,50,50,3019300
3/30/2022,DEFI,1455,1455,1455,1455,0
3/30/2022,DEPO,505,505,500,500,532400
3/30/2022,DEWA,50,57,50,57,1044222200
3/30/2022,DFAM,540,605,535,590,536100
3/30/2022,DGIK,173,176,171,175,56119100
3/30/2022,DGNS,454,458,432,448,4904500
3/30/2022,DIGI,66,67,62,62,14352700
3/30/2022,DILD,145,145,143,145,1470200
3/30/2022,DIVA,1170,1215,1160,1200,163600
3/30/2022,DKFT,136,141,132,135,21762600
3/30/2022,DLTA,3790,3840,3780,3810,111100
3/30/2022,DMAS,185,186,184,185,23576700
3/30/2022,DMMX,1650,1670,1635,1635,972900
3/30/2022,DMND,800,810,800,810,33400
3/30/2022,DNAR,246,250,244,244,1437700
3/30/2022,DNET,3170,3200,3170,3200,2300
3/30/2022,DOID,404,408,382,402,133967000
3/30/2022,DPNS,374,374,372,374,128200
3/30/2022,DPUM,50,50,50,50,0
3/30/2022,DRMA,620,625,600,610,12268700
3/30/2022,DSFI,99,104,99,99,24447800
3/30/2022,DSNG,640,660,635,660,26994100
3/30/2022,DSSA,44000,44000,44000,44000,0
3/30/2022,DUCK,176,176,176,176,0
3/30/2022,DUTI,3860,4120,3860,4080,500
3/30/2022,DVLA,2790,2790,2740,2750,8300
3/30/2022,DWGL,188,188,181,181,20900
3/30/2022,DWGL-W,17,19,17,18,564700
3/30/2022,DYAN,75,77,72,75,10037100
3/30/2022,EAST,90,93,90,92,1955000
3/30/2022,EAST-W,9,9,8,9,3128500
3/30/2022,ECII,895,895,895,895,1000
3/30/2022,EDGE,20175,20175,19500,20150,2000
3/30/2022,EKAD,1445,1445,1435,1445,38500
3/30/2022,ELSA,294,298,290,292,40911100
3/30/2022,ELTY,50,50,50,50,4104600
3/30/2022,EMDE,154,156,151,156,7300
3/30/2022,EMTK,2260,2400,2260,2390,46585900
3/30/2022,ENAK,830,830,825,825,124200
3/30/2022,ENRG,167,168,156,162,115789000
3/30/2022,ENVY,50,50,50,50,0
3/30/2022,ENZO,50,51,50,50,7535600
3/30/2022,ENZO-W,14,15,13,13,5784200
3/30/2022,EPAC,50,50,50,50,159700
3/30/2022,EPMT,2730,2740,2700,2740,7600
3/30/2022,ERAA,585,590,575,585,48391100
3/30/2022,ERTX,186,191,180,188,79600
3/30/2022,ESIP,120,125,114,116,144739600
3/30/2022,ESIP-W,39,40,33,33,39381700
3/30/2022,ESSA,995,1050,975,975,71027500
3/30/2022,ESTA,378,442,372,442,4683600
3/30/2022,ESTI,104,106,103,104,1644300
3/30/2022,ETWA,62,62,62,62,0
3/30/2022,EXCL,2760,2780,2700,2710,11013600
3/30/2022,FAPA,3530,3550,3520,3540,124100
3/30/2022,FAST,950,975,945,970,27300
3/30/2022,FASW,7250,7300,7250,7300,2800
3/30/2022,FILM,1165,1165,1140,1140,2508500
3/30/2022,FIMP,54,58,54,56,108100
3/30/2022,FIMP-W,5,5,3,4,4712100
3/30/2022,FIRE,282,302,282,294,1108600
3/30/2022,FISH,6900,6900,6900,6900,400
3/30/2022,FITT,292,292,290,290,426100
3/30/2022,FITT-W,288,288,286,288,500
3/30/2022,FLMC,80,80,77,79,48900
3/30/2022,FMII,356,362,350,350,1500
3/30/2022,FOOD,125,127,121,125,149900
3/30/2022,FORU,490,498,452,452,8573900
3/30/2022,FORZ,50,50,50,50,0
3/30/2022,FPNI,430,436,424,432,3833500
3/30/2022,FREN,73,78,73,78,1528600900
3/30/2022,FREN-W2,19,20,18,20,409916900
3/30/2022,FUJI,645,650,605,620,25900
3/30/2022,GAMA,50,50,50,50,300
3/30/2022,GDST,95,96,94,95,298100
3/30/2022,GDYR,1320,1320,1320,1320,1200
3/30/2022,GEMA,348,348,348,348,0
3/30/2022,GEMS,4860,4890,4760,4820,1055400
3/30/2022,GGRM,30900,31425,30875,31300,867500
3/30/2022,GGRP,745,785,740,750,290500
3/30/2022,GHON,2280,2300,2250,2250,18400
3/30/2022,GIAA,222,222,222,222,0
3/30/2022,GJTL,625,630,620,630,1343200
3/30/2022,GLOB,242,242,230,230,32500
3/30/2022,GLVA,270,270,252,270,185400
3/30/2022,GMFI,72,72,70,70,918000
3/30/2022,GMTD,15600,15600,15600,15600,0
3/30/2022,GOLD,354,356,348,354,10200
3/30/2022,GOLL,50,50,50,50,0
3/30/2022,GOOD,545,590,540,590,15407100
3/30/2022,GPRA,77,79,77,79,4032300
3/30/2022,GPSO,104,105,97,99,1559500
3/30/2022,GPSO-W,12,12,10,11,6920500
3/30/2022,GSMF,98,100,98,99,548500
3/30/2022,GTBO,75,75,75,75,0
3/30/2022,GTSI,59,61,58,59,11935000
3/30/2022,GWSA,155,155,145,148,206300
3/30/2022,GZCO,152,154,142,145,166645900
3/30/2022,HADE,50,50,50,50,400
3/30/2022,HAIS,216,220,212,214,13316500
3/30/2022,HDFA,188,188,173,179,455000
3/30/2022,HDIT,202,202,196,197,77500
3/30/2022,HDTX,120,120,120,120,0
3/30/2022,HEAL,1155,1160,1150,1155,15000300
3/30/2022,HELI,276,280,270,274,10900
3/30/2022,HERO,1680,1785,1590,1730,86200
3/30/2022,HEXA,5525,5750,5350,5750,483300
3/30/2022,HITS,675,810,640,810,25842800
3/30/2022,HKMU,50,50,50,50,1291600
3/30/2022,HMSP,910,930,910,925,14495300
3/30/2022,HOKI,158,163,158,160,15042900
3/30/2022,HOME,50,50,50,50,0
3/30/2022,HOMI,1340,1350,1335,1345,781300
3/30/2022,HOPE,75,79,75,77,15252000
3/30/2022,HOPE-W,14,14,13,13,1605600
3/30/2022,HOTL,50,50,50,50,20900
3/30/2022,HRME,57,58,56,57,4141700
3/30/2022,HRTA,216,216,214,216,3628800
3/30/2022,HRUM,11025,11025,10525,10600,10315600
3/30/2022,IATA,202,204,192,194,116699300
3/30/2022,IBFN,97,97,97,97,0
3/30/2022,IBST,6900,7775,6900,7775,1900
3/30/2022,ICBP,7350,7475,7325,7375,9768800
3/30/2022,ICON,75,78,75,75,3104800
3/30/2022,IDEA,70,70,64,66,3532600
3/30/2022,IDPR,175,177,172,174,206200
3/30/2022,IFII,158,167,155,158,122700
3/30/2022,IFSH,1200,1200,1115,1140,2400
3/30/2022,IGAR,416,420,414,418,83900
3/30/2022,IIKP,50,50,50,50,0
3/30/2022,IKAI,50,50,50,50,0
3/30/2022,IKAN,89,90,86,87,8076300
3/30/2022,IKBI,232,234,228,228,11100
3/30/2022,IMAS,780,790,770,770,623000
3/30/2022,IMJS,448,452,438,444,3861500
3/30/2022,IMPC,2910,2950,2890,2950,4286600
3/30/2022,INAF,1665,1675,1630,1630,354400
3/30/2022,INAI,300,300,298,298,700
3/30/2022,INCF,51,53,50,51,39820100
3/30/2022,INCI,555,570,550,550,14300
3/30/2022,INCO,6700,6850,6600,6725,26802600
3/30/2022,INDF,5875,5950,5850,5925,11301400
3/30/2022,INDO,107,109,105,105,5690900
3/30/2022,INDO-W,15,17,15,16,48319600
3/30/2022,INDR,5150,5200,5025,5075,109800
3/30/2022,INDS,2200,2200,2200,2200,25400
3/30/2022,INDX,434,505,408,482,66898300
3/30/2022,INDY,2240,2250,2150,2170,18135500
3/30/2022,INKP,7925,8000,7825,7850,4263400
3/30/2022,INOV,246,266,246,254,29431600
3/30/2022,INPC,101,102,99,100,4547600
3/30/2022,INPP,478,478,478,478,900
3/30/2022,INPS,1130,1130,1110,1110,1100
3/30/2022,INRU,670,670,670,670,100
3/30/2022,INTA,66,69,65,69,35444500
3/30/2022,INTD,246,280,234,258,461500
3/30/2022,INTP,10850,10975,10775,10925,2227900
3/30/2022,IPAC,118,118,112,118,500
3/30/2022,IPCC,530,535,520,525,3413900
3/30/2022,IPCM,314,320,304,310,12058300
3/30/2022,IPOL,161,163,160,160,147400
3/30/2022,IPPE,424,436,394,396,356983400
3/30/2022,IPTV,134,135,130,134,52762500
3/30/2022,IRRA,1730,1745,1695,1705,2695700
3/30/2022,ISAT,5275,5275,5200,5225,808400
3/30/2022,ISSP,408,410,406,406,5542600
3/30/2022,ITIC,296,300,286,298,188600
3/30/2022,ITMA,610,615,580,585,383100
3/30/2022,ITMA-W,82,85,79,85,8400
3/30/2022,ITMG,29000,29050,28150,28325,8894300
3/30/2022,JAST,143,150,135,138,35835300
3/30/2022,JAWA,193,195,190,191,1503100
3/30/2022,JAYA,136,136,133,135,3458700
3/30/2022,JAYA-W,35,35,24,25,11827400
3/30/2022,JECC,4910,5025,4740,4740,700
3/30/2022,JGLE,50,50,50,50,200
3/30/2022,JIHD,324,324,314,316,118600
3/30/2022,JKON,76,79,75,76,10221000
3/30/2022,JKSW,60,60,60,60,0
3/30/2022,JMAS,129,129,127,129,130200
3/30/2022,JPFA,1645,1675,1640,1665,39530500
3/30/2022,JRPT,488,492,488,490,416500
3/30/2022,JSKY,90,90,88,89,6453500
3/30/2022,JSMR,3840,3860,3790,3830,3602100
3/30/2022,JSPT,770,770,770,770,0
3/30/2022,JTPE,960,960,960,960,46100
3/30/2022,KAEF,1735,1770,1735,1735,1036300
3/30/2022,KARW,161,163,154,154,3427800
3/30/2022,KAYU,50,50,50,50,4500
3/30/2022,KBAG,50,50,50,50,187300
3/30/2022,KBAG-W,9,9,8,9,66534200
3/30/2022,KBLI,272,274,268,272,493900
3/30/2022,KBLM,199,199,198,198,39700
3/30/2022,KBLV,348,350,344,348,2620400
3/30/2022,KBRI,50,50,50,50,0
3/30/2022,KDSI,1000,1005,1000,1000,6100
3/30/2022,KEEN,484,488,472,476,1426300
3/30/2022,KEJU,1215,1225,1200,1210,317200
3/30/2022,KIAS,50,50,50,50,310400
3/30/2022,KICI,290,300,280,284,1708100
3/30/2022,KIJA,172,173,171,172,636100
3/30/2022,KINO,3290,3520,3290,3520,3748500
3/30/2022,KIOS,434,462,432,458,73146000
3/30/2022,KJEN,364,366,330,330,507400
3/30/2022,KKGI,420,422,404,412,1179400
3/30/2022,KLBF,1635,1665,1630,1660,19430300
3/30/2022,KMDS,418,430,418,426,14100
3/30/2022,KMTR,292,304,292,296,262300
3/30/2022,KOBX,276,290,274,282,7082200
3/30/2022,KOIN,154,154,154,154,500
3/30/2022,KONI,1990,1990,1715,1725,34300
3/30/2022,KOPI,540,575,540,545,4700
3/30/2022,KOTA,50,50,50,50,5434600
3/30/2022,KOTA-W,43,43,37,37,5500
3/30/2022,KPAL,50,50,50,50,0
3/30/2022,KPAS,62,62,62,62,0
3/30/2022,KPIG,102,105,101,102,132873900
3/30/2022,KRAH,436,436,436,436,0
3/30/2022,KRAS,354,354,348,350,3632400
3/30/2022,KREN,63,66,62,62,15194500
3/30/2022,KUAS,69,71,69,70,4622200
3/30/2022,KUAS-W,16,17,16,17,1247100
3/30/2022,LABA,121,122,119,119,2203200
3/30/2022,LABA-W,23,23,22,23,1102400
3/30/2022,LAND,70,72,70,71,2516600
3/30/2022,LAPD,50,50,50,50,0
3/30/2022,LCGP,114,114,114,114,0
3/30/2022,LCKM,300,300,300,300,0
3/30/2022,LEAD,51,52,50,52,13726100
3/30/2022,LFLO,103,107,102,104,338000
3/30/2022,LFLO-W,3,3,1,1,120155000
3/30/2022,LIFE,5125,5125,5125,5125,0
3/30/2022,LINK,4370,4380,4290,4300,1732000
3/30/2022,LION,326,326,322,324,50500
3/30/2022,LMAS,50,50,50,50,805200
3/30/2022,LMPI,183,185,181,183,168800
3/30/2022,LMSH,700,720,700,705,2000
3/30/2022,LPCK,1270,1275,1245,1245,458200
3/30/2022,LPGI,10000,10500,10000,10500,36600
3/30/2022,LPIN,426,430,420,426,402000
3/30/2022,LPKR,140,141,134,136,101893200
3/30/2022,LPLI,242,248,242,244,49200
3/30/2022,LPPF,6200,6250,6075,6100,2058000
3/30/2022,LPPS,99,100,99,99,129600
3/30/2022,LRNA,191,197,187,196,35500
3/30/2022,LSIP,1445,1450,1400,1435,27517700
3/30/2022,LTLS,705,715,700,715,797200
3/30/2022,LUCK,276,300,276,284,4119100
3/30/2022,LUCY,105,110,92,104,14494900
3/30/2022,LUCY-W,40,43,32,32,29355800
3/30/2022,MABA,50,50,50,50,0
3/30/2022,MAGP,50,50,50,50,2100
3/30/2022,MAIN,690,710,690,700,3106800
3/30/2022,MAMI,50,50,50,50,0
3/30/2022,MAMI-W,6,6,6,6,0
3/30/2022,MAMIP,600,600,600,600,0
3/30/2022,MAPA,2630,2630,2590,2590,67000
3/30/2022,MAPB,1510,1560,1510,1560,1700
3/30/2022,MAPI,845,865,845,860,11149100
3/30/2022,MARI,290,294,288,290,10102300
3/30/2022,MARK,1250,1265,1235,1240,9053200
3/30/2022,MASA,4180,4180,4000,4090,5200
3/30/2022,MASB,3510,3510,3510,3510,3500
3/30/2022,MASB-W,338,340,318,336,145100
3/30/2022,MAYA,630,630,615,625,292400
3/30/2022,MBAP,4100,4580,4030,4350,1927000
3/30/2022,MBSS,1295,1300,1215,1240,1520600
3/30/2022,MBTO,120,122,119,121,311500
3/30/2022,MCAS,11950,12150,11925,12100,418900
3/30/2022,MCOL,3920,4160,3910,4090,3996800
3/30/2022,MCOR,98,104,97,100,32400100
3/30/2022,MDIA,50,50,50,50,309700
3/30/2022,MDKA,4580,4640,4450,4520,63582800
3/30/2022,MDKI,202,202,200,200,1733000
3/30/2022,MDLN,91,92,88,89,21260200
3/30/2022,MDRN,50,50,50,50,20000
3/30/2022,MEDC,570,580,540,560,143203600
3/30/2022,MEGA,6575,6575,6400,6450,78500
3/30/2022,MERK,4050,4050,3990,4010,64300
3/30/2022,META,114,116,113,114,581900
3/30/2022,MFIN,1345,1355,1340,1340,54100
3/30/2022,MFMI,925,925,865,900,10800
3/30/2022,MGLV,188,194,166,188,79200
3/30/2022,MGLV-W,11,12,11,12,3234300
3/30/2022,MGNA,50,50,50,50,0
3/30/2022,MGRO,880,895,830,890,5754100
3/30/2022,MICE,358,366,358,366,151200
3/30/2022,MIDI,2100,2190,2100,2190,7100
3/30/2022,MIKA,2250,2260,2170,2170,13907000
3/30/2022,MINA,50,50,50,50,4200
3/30/2022,MIRA,50,50,50,50,3400
3/30/2022,MITI,198,206,185,188,8056900
3/30/2022,MKNT,50,50,50,50,100
3/30/2022,MKPI,21600,24200,21600,24200,700
3/30/2022,MLBI,8375,8625,8375,8625,142500
3/30/2022,MLIA,2150,2150,2060,2060,6189900
3/30/2022,MLPL,254,262,252,252,124908800
3/30/2022,MLPT,3440,3440,3400,3410,49700
3/30/2022,MMLP,575,580,565,570,5457900
3/30/2022,MNCN,985,1005,980,990,49131500
3/30/2022,MOLI,350,350,324,326,427000
3/30/2022,MPMX,1155,1165,1075,1110,23842500
3/30/2022,MPOW,107,107,103,103,2562800
3/30/2022,MPPA,432,450,424,430,284968000
3/30/2022,MPRO,700,725,660,700,8500
3/30/2022,MRAT,204,204,199,202,386000
3/30/2022,MREI,3230,3230,3230,3230,100
3/30/2022,MSIN,5725,5725,5350,5600,1223500
3/30/2022,MSKY,480,486,466,466,6976800
3/30/2022,MTDL,690,700,680,685,9407100
3/30/2022,MTEL,765,770,765,770,40475400
3/30/2022,MTFN,50,50,50,50,200
3/30/2022,MTLA,338,338,330,338,197000
3/30/2022,MTPS,87,87,85,85,662800
3/30/2022,MTRA,244,244,244,244,0
3/30/2022,MTSM,270,280,268,280,9000
3/30/2022,MTWI,148,150,138,138,8638200
3/30/2022,MYOH,1810,1840,1810,1840,32500
3/30/2022,MYOR,1655,1735,1655,1725,20632700
3/30/2022,MYRX,50,50,50,50,0
3/30/2022,MYRXP,50,50,50,50,0
3/30/2022,MYTX,73,74,72,72,271600
3/30/2022,NANO,154,163,139,139,1031861900
3/30/2022,NANO-W,21,21,12,13,175876700
3/30/2022,NASA,50,50,50,50,201600
3/30/2022,NASI,410,424,390,394,35803600
3/30/2022,NATO,680,700,675,685,237030300
3/30/2022,NELY,306,320,302,302,8580900
3/30/2022,NETV,386,390,374,374,30634800
3/30/2022,NFCX,5000,5100,4960,5000,71700
3/30/2022,NICK,605,615,590,600,34500
3/30/2022,NICL,79,79,77,78,14918900
3/30/2022,NICL-W,10,10,9,10,7653400
3/30/2022,NIKL,960,965,945,950,464900
3/30/2022,NIPS,282,282,282,282,0
3/30/2022,NIRO,128,131,128,131,17800
3/30/2022,NISP,645,655,645,650,1123000
3/30/2022,NOBU,680,685,675,680,420600
3/30/2022,NPGF,78,92,78,84,192674600
3/30/2022,NRCA,274,276,270,272,196500
3/30/2022,NTBK,62,65,61,62,34062200
3/30/2022,NTBK-W,11,12,10,11,11840600
3/30/2022,NUSA,50,50,50,50,0
3/30/2022,NZIA,136,137,136,137,15800
3/30/2022,OASA,780,780,725,725,1750200
3/30/2022,OBMD,94,103,94,100,4056200
3/30/2022,OBMD-W,16,17,15,15,1693000
3/30/2022,OCAP,159,159,159,159,0
3/30/2022,OILS,242,242,234,242,3246800
3/30/2022,OILS-W,65,66,64,66,45100
3/30/2022,OKAS,57,61,56,59,20721300
3/30/2022,OMRE,720,745,720,745,1400
3/30/2022,OPMS,115,117,114,116,975500
3/30/2022,PADI,50,50,50,50,4200
3/30/2022,PALM,790,790,735,735,21785500
3/30/2022,PAMG,90,91,89,89,483200
3/30/2022,PANI,4510,4510,4290,4290,92100
3/30/2022,PANR,280,288,274,288,13344400
3/30/2022,PANS,1335,1360,1335,1355,179600
3/30/2022,PBID,1680,1695,1675,1690,753800
3/30/2022,PBRX,126,130,125,127,851600
3/30/2022,PBSA,690,735,635,715,8000
3/30/2022,PCAR,181,183,179,179,143200
3/30/2022,PDES,308,310,290,290,230200
3/30/2022,PEGE,880,920,840,880,106800
3/30/2022,PEHA,1055,1065,1050,1055,224200
3/30/2022,PGAS,1415,1415,1385,1395,56802800
3/30/2022,PGJO,76,76,71,76,77500
3/30/2022,PGLI,360,368,360,368,19400
3/30/2022,PGUN,860,860,820,820,90200
3/30/2022,PICO,102,110,100,100,35200
3/30/2022,PJAA,515,535,515,520,197600
3/30/2022,PKPK,180,184,178,178,3985800
3/30/2022,PLAN,34,35,34,34,1380700
3/30/2022,PLAN-W,9,10,8,10,2390700
3/30/2022,PLAS,50,50,50,50,0
3/30/2022,PLIN,2050,2100,2050,2060,500
3/30/2022,PMJS,137,141,137,141,199200
3/30/2022,PMMP,450,450,444,446,8427600
3/30/2022,PNBN,760,780,760,770,9081600
3/30/2022,PNBS,63,63,61,63,14778500
3/30/2022,PNGO,1495,1500,1495,1495,5500
3/30/2022,PNIN,680,680,670,680,60200
3/30/2022,PNLF,170,172,169,171,9517900
3/30/2022,PNSE,680,805,635,640,58100
3/30/2022,POLA,89,92,89,90,631800
3/30/2022,POLA-W,55,60,54,54,154600
3/30/2022,POLI,985,1000,915,980,5400
3/30/2022,POLL,590,595,560,560,1599800
3/30/2022,POLU,640,645,595,615,24000
3/30/2022,POLY,83,85,83,84,2225700
3/30/2022,POOL,50,50,50,50,0
3/30/2022,PORT,610,610,610,610,0
3/30/2022,POSA,50,50,50,50,0
3/30/2022,POWR,635,670,635,645,6450600
3/30/2022,PPGL,127,129,120,129,1377600
3/30/2022,PPGL-W,11,11,10,10,645300
3/30/2022,PPRE,176,181,173,173,6738100
3/30/2022,PPRO,52,53,51,53,139044800
3/30/2022,PRAS,236,244,236,240,1869000
3/30/2022,PRDA,7725,7850,7550,7725,932300
3/30/2022,PRIM,348,348,330,330,2186600
3/30/2022,PSAB,126,127,125,126,2998800
3/30/2022,PSDN,158,159,152,159,10500
3/30/2022,PSGO,197,198,189,191,8839900
3/30/2022,PSKT,94,95,89,89,179157100
3/30/2022,PSSI,458,468,458,464,3481800
3/30/2022,PTBA,3370,3380,3260,3280,43628200
3/30/2022,PTDU,119,120,110,111,56076800
3/30/2022,PTIS,244,266,228,232,258900
3/30/2022,PTPP,1005,1030,995,1000,49565100
3/30/2022,PTPW,830,850,825,850,485400
3/30/2022,PTRO,2720,2760,2710,2730,1051100
3/30/2022,PTSN,224,226,222,222,324800
3/30/2022,PTSP,6000,6000,6000,6000,0
3/30/2022,PUDP,324,326,318,322,3700
3/30/2022,PURA,50,50,50,50,3035400
3/30/2022,PURA-W,12,12,10,12,4844900
3/30/2022,PURE,70,72,69,69,4621300
3/30/2022,PURI,390,390,362,372,1000
3/30/2022,PWON,498,505,492,492,29459200
3/30/2022,PYFA,995,1005,990,1005,208300
3/30/2022,PZZA,615,620,610,610,488700
3/30/2022,R-ABFII,28600,28600,28600,28600,0
3/30/2022,R-LQ45X,1114,1114,1096,1110,30500
3/30/2022,RAJA,183,185,182,184,3969700
3/30/2022,RALS,770,775,750,765,12313300
3/30/2022,RANC,1640,1670,1590,1600,63800
3/30/2022,RBMS,70,71,68,68,8124100
3/30/2022,RDTX,7075,7075,7000,7000,400
3/30/2022,REAL,50,51,50,51,45155200
3/30/2022,RELI,488,498,440,454,1900
3/30/2022,RICY,71,72,70,71,732500
3/30/2022,RIGS,328,328,326,326,20600
3/30/2022,RIMO,50,50,50,50,0
3/30/2022,RISE,328,328,310,320,361700
3/30/2022,RMBA,306,306,306,306,0
3/30/2022,RMKE,414,430,396,430,17659400
3/30/2022,ROCK,580,580,560,560,400
3/30/2022,RODA,82,83,79,79,1616400
3/30/2022,RONY,800,800,800,800,0
3/30/2022,ROTI,1285,1295,1280,1285,1105000
3/30/2022,RSGK,1465,1485,1415,1465,19600
3/30/2022,RUIS,195,200,195,199,70700
3/30/2022,RUNS,181,210,172,210,2649000
3/30/2022,SAFE,197,234,197,222,2818100
3/30/2022,SAME,450,458,434,444,38633000
3/30/2022,SAMF,580,590,570,585,415100
3/30/2022,SAPX,1300,1340,1300,1325,3700
3/30/2022,SATU,110,112,108,110,6488500
3/30/2022,SBAT,50,50,50,50,12800
3/30/2022,SBAT-W,8,8,7,8,3208400
3/30/2022,SBAT-W2,12,13,11,12,970100
3/30/2022,SBMA,193,206,179,179,192372300
3/30/2022,SBMA-W,76,81,71,73,2767000
3/30/2022,SCCO,10150,10150,10150,10150,100
3/30/2022,SCMA,284,294,280,294,318950400
3/30/2022,SCNP,218,226,218,224,4052800
3/30/2022,SCPI,29000,29000,29000,29000,0
3/30/2022,SDMU,70,72,67,68,28388300
3/30/2022,SDPC,119,121,118,121,234900
3/30/2022,SDRA,560,575,560,570,138400
3/30/2022,SEMA,276,280,266,276,20523800
3/30/2022,SEMA-W,52,53,47,51,1082000
3/30/2022,SFAN,1530,1540,1530,1535,397900
3/30/2022,SGER,1950,2010,1855,1965,8147800
3/30/2022,SGER-W,2090,2090,2090,2090,0
3/30/2022,SGRO,2200,2380,2200,2280,771700
3/30/2022,SHID,2590,2630,2580,2630,3730500
3/30/2022,SHIP,1045,1050,980,1005,1862500
3/30/2022,SIDO,1005,1015,985,995,27236900
3/30/2022,SILO,7800,7850,7725,7800,568500
3/30/2022,SIMA,50,50,50,50,0
3/30/2022,SIMP,505,510,498,498,5423000
3/30/2022,SINI,262,270,240,256,11100
3/30/2022,SINI-W,142,142,142,142,500
3/30/2022,SIPD,1820,1820,1700,1730,5900
3/30/2022,SKBM,380,380,364,366,21700
3/30/2022,SKLT,2160,2180,2100,2150,9100
3/30/2022,SKRN,875,900,860,860,1470700
3/30/2022,SKYB,51,51,51,51,0
3/30/2022,SLIS,470,515,436,436,77435000
3/30/2022,SMAR,4750,4840,4750,4800,15900
3/30/2022,SMBR,555,555,540,545,1208100
3/30/2022,SMCB,1720,1730,1720,1730,740800
3/30/2022,SMDM,178,182,167,173,1441700
3/30/2022,SMDR,1450,1530,1440,1495,24808000
3/30/2022,SMGR,6750,6800,6675,6750,8232900
3/30/2022,SMKL,422,436,416,418,327500
3/30/2022,SMKL-W,46,53,44,51,795600
3/30/2022,SMKM,260,268,250,260,16570900
3/30/2022,SMMA,12050,12050,12050,12050,200
3/30/2022,SMMT,1075,1075,1075,1075,0
3/30/2022,SMRA,790,800,770,775,81985600
3/30/2022,SMRU,50,50,50,50,0
3/30/2022,SMSM,1425,1450,1405,1420,1304200
3/30/2022,SNLK,505,510,494,494,18900
3/30/2022,SOCI,208,214,204,206,25863900
3/30/2022,SOFA,38,38,37,38,248500
3/30/2022,SOHO,6500,6500,6500,6500,0
3/30/2022,SONA,3510,3510,3310,3350,500
3/30/2022,SOSS,392,412,392,408,16400
3/30/2022,SOSS-W,47,51,45,45,27400
3/30/2022,SOTS,236,236,236,236,4300
3/30/2022,SOTS-W,54,63,50,54,155000
3/30/2022,SPMA,770,775,735,735,3463700
3/30/2022,SPTO,555,555,550,555,647700
3/30/2022,SQMI,70,73,67,69,21345700
3/30/2022,SRAJ,236,236,214,216,1287000
3/30/2022,SRIL,146,146,146,146,0
3/30/2022,SRSN,56,57,55,56,4656400
3/30/2022,SRTG,2790,2800,2650,2680,22895500
3/30/2022,SSIA,402,408,392,398,9873900
3/30/2022,SSMS,1125,1140,1080,1090,3381900
3/30/2022,SSTM,770,770,770,770,0
3/30/2022,STAA,830,830,785,795,14925400
3/30/2022,STAR,137,140,137,137,1800
3/30/2022,STTP,6975,6975,6975,6975,300
3/30/2022,SUGI,50,50,50,50,0
3/30/2022,SULI,50,50,50,50,111200
3/30/2022,SUPR,51900,51900,48650,48650,200
3/30/2022,SURE,1975,1975,1975,1975,100
3/30/2022,SWAT,103,106,102,102,4531800
3/30/2022,TALF,300,300,298,298,1000
3/30/2022,TAMA,56,56,54,56,3055300
3/30/2022,TAMA-W,16,16,15,16,103900
3/30/2022,TAMU,50,50,50,50,1100
3/30/2022,TAPG,720,725,685,705,44946600
3/30/2022,TARA,50,50,50,50,11600
3/30/2022,TAXI,50,50,50,50,40100
3/30/2022,TAYS,212,216,196,210,279600
3/30/2022,TBIG,2880,2920,2850,2880,36362400
3/30/2022,TBLA,835,835,815,820,873400
3/30/2022,TBMS,1750,1750,1630,1750,6100
3/30/2022,TCID,4850,4870,4850,4850,2900
3/30/2022,TCPI,9825,9925,9475,9900,7030500
3/30/2022,TDPM,119,119,119,119,0
3/30/2022,TEBE,680,720,670,720,832600
3/30/2022,TECH,3650,4470,3550,4300,3115700
3/30/2022,TELE,121,121,121,121,0
3/30/2022,TFAS,4600,5500,4500,5500,149800
3/30/2022,TFCO,755,765,755,765,1400
3/30/2022,TGKA,7000,7000,7000,7000,1100
3/30/2022,TGRA,75,75,72,72,10686800
3/30/2022,TIFA,570,570,560,560,1800
3/30/2022,TINS,1840,1880,1780,1825,63086800
3/30/2022,TIRA,426,432,418,426,13800
3/30/2022,TIRT,93,95,91,93,1509500
3/30/2022,TKIM,7125,7150,7000,7025,2750700
3/30/2022,TLKM,4620,4620,4560,4580,118749100
3/30/2022,TMAS,1590,1600,1505,1525,4502100
3/30/2022,TMPO,132,134,132,133,9200
3/30/2022,TNCA,1070,1115,1060,1105,3272700
3/30/2022,TOBA,1155,1160,1070,1070,22519200
3/30/2022,TOPS,50,50,50,50,37900
3/30/2022,TOTL,296,298,294,294,2541900
3/30/2022,TOTO,202,206,202,204,228300
3/30/2022,TOWR,1065,1070,1050,1065,55758900
3/30/2022,TOYS,185,185,177,177,27088400
3/30/2022,TOYS-W,30,30,17,17,5772800
3/30/2022,TPIA,9950,10000,9925,10000,4829700
3/30/2022,TPMA,364,366,362,362,891300
3/30/2022,TRAM,50,50,50,50,0
3/30/2022,TRIL,50,50,50,50,0
3/30/2022,TRIM,328,332,306,310,48482600
3/30/2022,TRIN,478,488,468,470,14366100
3/30/2022,TRIN-W,108,111,104,108,1961500
3/30/2022,TRIO,426,426,426,426,0
3/30/2022,TRIS,192,193,179,185,1338400
3/30/2022,TRIS-W,6,6,6,6,0
3/30/2022,TRJA,452,452,422,422,27752000
3/30/2022,TRST,665,680,665,680,202800
3/30/2022,TRUE,104,105,101,102,6242600
3/30/2022,TRUE-W,18,19,18,18,3732400
3/30/2022,TRUK,192,194,189,190,5957000
3/30/2022,TRUS,416,458,416,416,111200
3/30/2022,TSPC,1480,1480,1440,1475,1048900
3/30/2022,TUGU,1450,1455,1445,1450,279200
3/30/2022,TURI,1300,1300,1300,1300,200
3/30/2022,UANG,710,710,710,710,0
3/30/2022,UCID,1400,1420,1390,1390,140700
3/30/2022,UFOE,2300,2370,2140,2140,4040300
3/30/2022,ULTJ,1485,1490,1465,1480,1019000
3/30/2022,UNIC,12000,12225,12000,12175,2800
3/30/2022,UNIQ,79,80,77,79,622100
3/30/2022,UNIT,316,316,316,316,0
3/30/2022,UNSP,120,122,118,122,98300
3/30/2022,UNTR,26000,26250,25600,25875,3899700
3/30/2022,UNVR,3500,3740,3500,3720,91287100
3/30/2022,URBN,474,474,462,470,116800
3/30/2022,UVCR,212,214,208,210,3862600
3/30/2022,UVCR-W,52,53,51,52,663400
3/30/2022,VICI,505,525,500,515,3261300
3/30/2022,VICO,177,181,173,173,498100
3/30/2022,VINS,174,174,167,167,57200
3/30/2022,VIVA,50,50,50,50,32000
3/30/2022,VOKS,176,193,166,180,622200
3/30/2022,VRNA,116,116,114,114,130500
3/30/2022,WAPO,139,139,131,131,1488300
3/30/2022,WEGE,184,190,183,186,11469000
3/30/2022,WEHA,180,180,175,178,3662300
3/30/2022,WGSH,226,232,214,222,10690600
3/30/2022,WICO,410,410,410,410,0
3/30/2022,WIFI,492,500,490,498,611500
3/30/2022,WIFI-W,165,165,165,165,0
3/30/2022,WIIM,424,440,422,440,5159000
3/30/2022,WIKA,1010,1030,995,995,26248500
3/30/2022,WINS,174,177,170,170,3357800
3/30/2022,WMPP,134,134,129,130,25591000
3/30/2022,WMUU,165,166,159,160,42735400
3/30/2022,WOMF,252,312,252,312,16630600
3/30/2022,WOOD,735,740,730,730,3823500
3/30/2022,WOWS,50,51,50,50,2469600
3/30/2022,WSBP,95,95,95,95,0
3/30/2022,WSKT,565,575,555,555,30560700
3/30/2022,WTON,216,224,216,218,6330400
3/30/2022,XAFA,1060,1060,1060,1060,100
3/30/2022,XAQA,1017,1017,1017,1017,0
3/30/2022,XBES,1017,1018,1017,1018,600
3/30/2022,XBID,579,579,579,579,0
3/30/2022,XBIG,572,572,568,568,23200
3/30/2022,XBIN,548,548,548,548,0
3/30/2022,XBLQ,522,522,522,522,0
3/30/2022,XBNI,1133,1133,1133,1133,0
3/30/2022,XBSK,423,423,423,423,0
3/30/2022,XCID,84,84,82,83,1000
3/30/2022,XCIS,105,105,105,105,0
3/30/2022,XCLQ,106,106,106,106,600
3/30/2022,XDIF,489,489,489,489,0
3/30/2022,XDSG,1073,1073,1073,1073,0
3/30/2022,XFES,137,137,137,137,0
3/30/2022,XIFE,113,113,112,112,1500
3/30/2022,XIHD,557,558,556,558,34300
3/30/2022,XIIC,1025,1025,1025,1025,100
3/30/2022,XIID,578,578,575,575,4100
3/30/2022,XIIF,560,560,560,560,1000
3/30/2022,XIIT,590,594,585,590,12000
3/30/2022,XIJI,630,635,629,634,18700
3/30/2022,XILV,126,126,126,126,1500
3/30/2022,XIML,278,278,278,278,0
3/30/2022,XIPI,201,201,201,201,0
3/30/2022,XISB,398,398,398,398,0
3/30/2022,XISC,725,725,725,725,1000
3/30/2022,XISI,348,348,348,348,0
3/30/2022,XISR,431,431,428,428,11600
3/30/2022,XKIV,510,510,510,510,0
3/30/2022,XKMS,1195,1195,1195,1195,0
3/30/2022,XMIG,199,199,199,199,0
3/30/2022,XMJM,1001,1001,1001,1001,0
3/30/2022,XMTS,498,498,498,498,100
3/30/2022,XNVE,162,162,159,159,10200
3/30/2022,XPCR,959,959,959,959,0
3/30/2022,XPDV,543,543,540,540,3400
3/30/2022,XPES,420,420,420,420,2300
3/30/2022,XPFT,580,580,580,580,0
3/30/2022,XPID,558,558,558,558,1000
3/30/2022,XPLC,509,509,509,509,0
3/30/2022,XPLQ,515,515,515,515,0
3/30/2022,XPMI,1010,1010,1010,1010,0
3/30/2022,XPSG,415,415,415,415,400
3/30/2022,XPTD,565,565,565,565,0
3/30/2022,XSBC,105,105,105,105,0
3/30/2022,XSMU,150,150,150,150,4800
3/30/2022,XSPI,750,750,750,750,0
3/30/2022,XSRI,194,194,193,193,200
3/30/2022,XSSI,76,77,73,75,310700
3/30/2022,XSSK,716,716,716,716,0
3/30/2022,YELO,117,119,115,116,14537100
3/30/2022,YPAS,970,1100,885,1020,899600
3/30/2022,YULE,2000,2020,2000,2020,55200
3/30/2022,ZBRA,600,635,600,630,637400
3/30/2022,ZINC,90,92,89,90,810694100
3/30/2022,ZONE,600,630,590,630,200200
3/30/2022,ZYRX,560,600,555,600,11387800
3/30/2022,ZYRX-W,96,101,94,99,915200
