<date>,<ticker>,<open>,<high>,<low>,<close>,<volume>
3/25/2022,IHSG,7050.553,7055.341,6978.399,7002.532,218175355
3/25/2022,AALI,12475,12800,12475,12700,4512100
3/25/2022,ABBA,302,304,292,296,15811000
3/25/2022,ABDA,6400,6400,6400,6400,200
3/25/2022,ABMM,1670,1670,1615,1625,2756600
3/25/2022,ACES,995,1025,995,1005,34041600
3/25/2022,ACST,198,199,193,194,4942000
3/25/2022,ADCP,95,96,93,93,25162800
3/25/2022,ADES,3640,3650,3620,3630,37700
3/25/2022,ADHI,740,745,725,735,6607500
3/25/2022,ADMF,8400,8425,8325,8375,143500
3/25/2022,ADMG,181,184,181,181,828000
3/25/2022,ADMR,1960,1980,1925,1945,95912100
3/25/2022,ADRO,2880,2880,2810,2820,89246500
3/25/2022,AGAR,372,372,354,368,4400
3/25/2022,AGII,1430,1435,1410,1415,3527700
3/25/2022,AGRO,1330,1345,1275,1285,30973700
3/25/2022,AGRS,140,142,137,137,5531700
3/25/2022,AHAP,69,71,69,70,4667500
3/25/2022,AIMS,278,278,270,276,29500
3/25/2022,AISA,179,182,178,179,3508800
3/25/2022,AKKU,50,50,50,50,10500
3/25/2022,AKPI,920,940,905,940,6800
3/25/2022,AKRA,880,930,880,920,83629800
3/25/2022,AKSI,480,480,476,476,5900
3/25/2022,ALDO,1080,1080,1035,1065,3390200
3/25/2022,ALDO-W,228,246,226,238,1600
3/25/2022,ALKA,308,314,290,300,98100
3/25/2022,ALMI,292,292,278,292,3600
3/25/2022,ALTO,230,230,214,214,167000
3/25/2022,AMAG,382,386,364,378,60800
3/25/2022,AMAN,540,540,535,535,697800
3/25/2022,AMAR,426,438,414,426,86983700
3/25/2022,AMFG,5025,5150,4980,5050,229100
3/25/2022,AMIN,166,167,163,164,168100
3/25/2022,AMOR,1680,1690,1675,1675,1300
3/25/2022,AMRT,1420,1425,1355,1390,36305800
3/25/2022,ANDI,50,50,50,50,3700
3/25/2022,ANJT,1065,1065,1035,1050,2247600
3/25/2022,ANTM,2660,2690,2610,2660,200436800
3/25/2022,APEX,800,815,750,750,753700
3/25/2022,APIC,1090,1090,1070,1070,12647900
3/25/2022,APII,183,189,183,186,495100
3/25/2022,APLI,192,192,192,192,200
3/25/2022,APLN,121,123,118,118,17503500
3/25/2022,ARCI,484,484,472,474,5775900
3/25/2022,ARGO,1425,1425,1425,1425,100
3/25/2022,ARII,244,244,240,244,38300
3/25/2022,ARKA,50,50,50,50,402900
3/25/2022,ARMY,50,50,50,50,0
3/25/2022,ARNA,890,895,875,885,893400
3/25/2022,ARTA,1840,1840,1800,1800,4600
3/25/2022,ARTI,50,50,50,50,0
3/25/2022,ARTO,14825,14900,14300,14350,15068500
3/25/2022,ASBI,292,300,290,290,3800
3/25/2022,ASDM,980,1000,965,980,8500
3/25/2022,ASGR,810,820,805,810,318200
3/25/2022,ASII,6550,6575,6375,6400,42984300
3/25/2022,ASJT,129,131,126,126,345900
3/25/2022,ASLC,274,276,264,270,20744000
3/25/2022,ASMI,176,176,173,173,13100
3/25/2022,ASPI,70,70,67,68,343600
3/25/2022,ASPI-W,13,15,12,15,8181000
3/25/2022,ASRI,171,173,168,169,33236300
3/25/2022,ASRM,1600,1600,1585,1585,400
3/25/2022,ASSA,2700,2720,2630,2700,7598400
3/25/2022,ATAP,142,143,139,139,3446000
3/25/2022,ATIC,515,520,505,505,42900
3/25/2022,AUTO,1095,1110,1080,1085,2892800
3/25/2022,AVIA,750,750,730,750,35096300
3/25/2022,AYLS,396,402,374,390,15079700
3/25/2022,BABP,182,185,180,180,42970100
3/25/2022,BABP-W3,118,118,118,118,10000
3/25/2022,BABP-W4,134,134,134,134,0
3/25/2022,BACA,208,208,200,202,11562300
3/25/2022,BACA-W2,99,99,99,99,0
3/25/2022,BAJA,288,306,286,296,2439800
3/25/2022,BALI,805,825,800,805,313300
3/25/2022,BANK,2120,2130,2080,2110,14860600
3/25/2022,BANK-W,1810,1810,1810,1810,0
3/25/2022,BAPA,114,115,111,112,6393200
3/25/2022,BAPI,50,50,50,50,22800
3/25/2022,BAPI-W,7,7,6,6,2308400
3/25/2022,BATA,472,472,470,470,1600
3/25/2022,BAUT,87,93,87,87,982936300
3/25/2022,BAUT-W,14,15,14,15,15827900
3/25/2022,BAYU,1080,1080,1080,1080,0
3/25/2022,BBCA,7900,7950,7900,7950,85101200
3/25/2022,BBHI,5100,5250,5050,5200,2297500
3/25/2022,BBKP,250,252,244,244,147809700
3/25/2022,BBLD,410,410,410,410,200
3/25/2022,BBMD,2000,2000,2000,2000,6500
3/25/2022,BBNI,8225,8275,8100,8225,29455400
3/25/2022,BBRI,4760,4760,4650,4710,137104800
3/25/2022,BBRM,50,51,50,50,4595600
3/25/2022,BBSI,5325,5350,5250,5325,11900
3/25/2022,BBSS,55,55,53,54,3269000
3/25/2022,BBTN,1760,1760,1710,1735,12726400
3/25/2022,BBYB,2280,2320,2200,2200,36751900
3/25/2022,BCAP,298,316,286,294,260435300
3/25/2022,BCIC,151,153,149,150,1000500
3/25/2022,BCIP,66,68,66,66,2837100
3/25/2022,BDMN,2340,2370,2340,2350,3420300
3/25/2022,BEBS,4650,4660,4500,4600,55051300
3/25/2022,BEEF,62,62,57,57,3170500
3/25/2022,BEKS,50,52,50,50,579143700
3/25/2022,BELL,58,62,58,60,7853400
3/25/2022,BESS,480,480,468,480,50700
3/25/2022,BESS-W,360,360,360,360,0
3/25/2022,BEST,105,106,104,104,10693000
3/25/2022,BFIN,1375,1385,1325,1345,22123100
3/25/2022,BGTG,198,198,193,193,34485400
3/25/2022,BHAT,985,995,985,985,1201000
3/25/2022,BHIT,58,60,58,60,142532500
3/25/2022,BIKA,230,230,220,222,13400
3/25/2022,BIKE,240,250,232,234,72432300
3/25/2022,BIKE-W,20,31,20,27,120818200
3/25/2022,BIMA,216,216,212,212,781500
3/25/2022,BINA,3460,3520,3440,3470,280200
3/25/2022,BINO,135,136,132,134,4732800
3/25/2022,BINO-W,27,28,27,27,630600
3/25/2022,BIPI,91,96,84,84,2558159500
3/25/2022,BIPI-W,22,22,15,15,144521800
3/25/2022,BIPP,52,52,51,52,167000
3/25/2022,BIRD,1305,1325,1285,1285,1179200
3/25/2022,BISI,1115,1250,1090,1220,5254100
3/25/2022,BJBR,1495,1510,1455,1480,27179800
3/25/2022,BJTM,815,825,815,820,64867900
3/25/2022,BKDP,94,98,93,94,10456500
3/25/2022,BKSL,56,56,52,54,89343000
3/25/2022,BKSW,140,143,140,141,1192300
3/25/2022,BLTA,50,50,50,50,6500
3/25/2022,BLTZ,3350,3350,2820,2830,1100
3/25/2022,BLUE,288,300,278,286,279600
3/25/2022,BMAS,1345,1345,1320,1320,7200
3/25/2022,BMHS,765,765,740,745,11680300
3/25/2022,BMRI,7950,7975,7775,7850,68041500
3/25/2022,BMSR,252,260,252,258,153600
3/25/2022,BMTR,254,254,250,250,13781000
3/25/2022,BNBA,2700,2740,2670,2700,1057900
3/25/2022,BNBR,50,50,50,50,59400
3/25/2022,BNGA,1080,1090,1075,1080,6579700
3/25/2022,BNII,300,302,298,300,1575100
3/25/2022,BNLI,1300,1300,1290,1300,194700
3/25/2022,BOBA,208,216,204,208,455100
3/25/2022,BOGA,1365,1375,1355,1360,108756200
3/25/2022,BOLA,470,505,452,462,74651500
3/25/2022,BOLT,1075,1110,1050,1100,18700
3/25/2022,BOSS,107,107,100,100,134951300
3/25/2022,BPFI,660,720,630,640,294300
3/25/2022,BPII,7300,7300,7200,7200,25100
3/25/2022,BPTR,324,328,312,314,255000
3/25/2022,BRAM,12200,12200,12200,12200,100
3/25/2022,BRIS,1510,1625,1510,1610,6514200
3/25/2022,BRMS,199,206,194,197,699769400
3/25/2022,BRNA,900,910,900,910,40900
3/25/2022,BRPT,905,910,880,900,39435900
3/25/2022,BSDE,1040,1050,1025,1035,19435500
3/25/2022,BSIM,640,650,640,640,155500
3/25/2022,BSML,535,665,535,665,49140200
3/25/2022,BSSR,3600,3650,3550,3610,1961900
3/25/2022,BSWD,1750,1750,1750,1750,0
3/25/2022,BTEK,50,50,50,50,20000
3/25/2022,BTEL,50,50,50,50,0
3/25/2022,BTON,356,358,350,350,158600
3/25/2022,BTPN,2610,2620,2610,2610,17400
3/25/2022,BTPS,3600,3610,3440,3500,5240100
3/25/2022,BUDI,188,206,185,193,101229700
3/25/2022,BUKA,328,328,308,308,557597900
3/25/2022,BUKK,1125,1125,1125,1125,400
3/25/2022,BULL,156,158,149,154,210033100
3/25/2022,BULL-W2,53,54,50,51,2521200
3/25/2022,BUMI,60,60,56,58,653675300
3/25/2022,BUVA,60,60,60,60,0
3/25/2022,BVIC,139,143,137,137,19599700
3/25/2022,BWPT,82,84,79,80,42042700
3/25/2022,BYAN,41625,42000,41400,41975,23800
3/25/2022,CAKK,91,93,90,90,5877400
3/25/2022,CAMP,262,266,260,266,1265900
3/25/2022,CANI,141,144,136,138,592500
3/25/2022,CARE,520,525,510,520,372019200
3/25/2022,CARS,50,50,50,50,100600
3/25/2022,CASA,565,590,560,560,3413600
3/25/2022,CASH,236,236,224,232,22080600
3/25/2022,CASS,350,350,330,346,33300
3/25/2022,CBMF,65,70,65,69,69654700
3/25/2022,CCSI,780,780,740,765,1627600
3/25/2022,CEKA,1860,1865,1840,1840,87500
3/25/2022,CENT,240,240,226,228,46471700
3/25/2022,CFIN,250,250,248,250,2066800
3/25/2022,CINT,228,228,216,220,111300
3/25/2022,CITA,2990,3020,2810,3020,10500
3/25/2022,CITY,165,173,154,158,1760300
3/25/2022,CLAY,745,805,745,795,900
3/25/2022,CLEO,426,430,424,426,4934500
3/25/2022,CLPI,1020,1020,1015,1020,29200
3/25/2022,CMNP,2200,2200,2170,2180,36700
3/25/2022,CMNP-W,1200,1200,1200,1200,0
3/25/2022,CMNT,1110,1115,1105,1110,45657600
3/25/2022,CMPP,600,770,600,760,119948800
3/25/2022,CMRY,3460,3460,3320,3400,3057400
3/25/2022,CNKO,50,50,50,50,12100
3/25/2022,CNTB,250,250,250,250,0
3/25/2022,CNTX,238,248,234,236,18900
3/25/2022,COCO,248,252,244,252,315800
3/25/2022,COWL,50,50,50,50,0
3/25/2022,CPIN,5750,5750,5550,5625,14282600
3/25/2022,CPRI,50,50,50,50,0
3/25/2022,CPRI-W,12,12,12,12,0
3/25/2022,CPRO,89,98,88,96,1199658300
3/25/2022,CSAP,494,494,486,488,814000
3/25/2022,CSIS,84,85,82,84,2324800
3/25/2022,CSMI,2900,3720,2900,3000,3500
3/25/2022,CSRA,720,740,715,720,669000
3/25/2022,CTBN,2600,2670,2420,2420,2600
3/25/2022,CTRA,1140,1140,1075,1075,42044500
3/25/2022,CTTH,50,50,50,50,15100
3/25/2022,DADA,50,50,50,50,56300
3/25/2022,DADA-W,9,9,8,8,3340400
3/25/2022,DART,222,224,218,222,241200
3/25/2022,DAYA,208,212,206,212,26400
3/25/2022,DCII,43700,43700,43700,43700,2300
3/25/2022,DEAL,50,50,50,50,26200
3/25/2022,DEFI,1455,1455,1455,1455,0
3/25/2022,DEPO,505,510,500,505,1575900
3/25/2022,DEWA,50,50,50,50,23138200
3/25/2022,DFAM,454,555,444,550,3046300
3/25/2022,DGIK,161,163,159,160,18175200
3/25/2022,DGNS,486,494,484,492,1216600
3/25/2022,DIGI,69,72,65,67,33988900
3/25/2022,DILD,144,144,142,144,1122200
3/25/2022,DIVA,1165,1300,1165,1180,155400
3/25/2022,DKFT,151,154,145,146,73755300
3/25/2022,DLTA,3790,3790,3780,3790,133200
3/25/2022,DMAS,187,188,185,185,17961600
3/25/2022,DMMX,1725,1765,1705,1710,2234800
3/25/2022,DMND,805,810,795,805,1900
3/25/2022,DNAR,248,250,246,250,1151800
3/25/2022,DNET,3200,3210,3180,3210,1800
3/25/2022,DOID,444,444,426,430,66837400
3/25/2022,DPNS,376,376,372,374,45200
3/25/2022,DPUM,50,50,50,50,0
3/25/2022,DRMA,625,630,600,600,16755700
3/25/2022,DSFI,99,99,94,94,13990400
3/25/2022,DSNG,680,700,680,690,25021500
3/25/2022,DSSA,44000,44000,44000,44000,0
3/25/2022,DUCK,176,176,176,176,0
3/25/2022,DUTI,3820,3930,3720,3730,19000
3/25/2022,DVLA,2770,2790,2720,2770,36100
3/25/2022,DWGL,182,184,178,179,11300
3/25/2022,DWGL-W,18,18,18,18,75800
3/25/2022,DYAN,73,75,72,73,2278600
3/25/2022,EAST,89,91,89,90,872900
3/25/2022,EAST-W,9,9,8,9,753500
3/25/2022,ECII,870,900,850,900,3500
3/25/2022,EDGE,20300,20300,20000,20275,3900
3/25/2022,EKAD,1440,1450,1425,1445,139500
3/25/2022,ELSA,308,308,300,300,30169100
3/25/2022,ELTY,50,50,50,50,300
3/25/2022,EMDE,153,154,145,154,35900
3/25/2022,EMTK,2270,2300,2240,2270,30681300
3/25/2022,ENAK,830,835,825,830,265400
3/25/2022,ENRG,168,170,163,166,43987500
3/25/2022,ENVY,50,50,50,50,0
3/25/2022,ENZO,50,50,50,50,982400
3/25/2022,ENZO-W,12,14,12,14,346300
3/25/2022,EPAC,50,50,50,50,3278600
3/25/2022,EPMT,2740,2740,2700,2710,33300
3/25/2022,ERAA,590,595,575,580,89539400
3/25/2022,ERTX,185,188,185,188,83300
3/25/2022,ESIP,108,112,105,107,50357000
3/25/2022,ESIP-W,33,37,30,31,9956700
3/25/2022,ESSA,930,985,930,955,88040600
3/25/2022,ESTA,276,276,268,270,12400
3/25/2022,ESTI,105,108,102,104,6507400
3/25/2022,ETWA,62,62,62,62,0
3/25/2022,EXCL,2770,2780,2700,2760,28565500
3/25/2022,FAPA,3520,3530,3500,3530,106800
3/25/2022,FAST,965,965,950,950,24800
3/25/2022,FASW,7300,7300,7300,7300,0
3/25/2022,FILM,1210,1215,1165,1190,5617200
3/25/2022,FIMP,56,60,54,56,333700
3/25/2022,FIMP-W,6,6,4,5,7475600
3/25/2022,FIRE,298,318,298,316,1342600
3/25/2022,FISH,7250,7475,6750,6775,4500
3/25/2022,FITT,294,294,292,292,436700
3/25/2022,FITT-W,81,81,81,81,100
3/25/2022,FLMC,75,81,75,80,258500
3/25/2022,FMII,350,392,344,346,8400
3/25/2022,FOOD,123,124,121,122,155300
3/25/2022,FORU,426,510,382,448,76655900
3/25/2022,FORZ,50,50,50,50,0
3/25/2022,FPNI,420,436,414,436,18976800
3/25/2022,FREN,72,72,68,68,1192012100
3/25/2022,FREN-W2,16,18,15,16,468476700
3/25/2022,FUJI,740,750,655,690,32800
3/25/2022,GAMA,50,50,50,50,2900
3/25/2022,GDST,95,99,95,96,2579500
3/25/2022,GDYR,1345,1345,1345,1345,5300
3/25/2022,GEMA,332,334,332,334,2200
3/25/2022,GEMS,4870,4920,4780,4800,49900
3/25/2022,GGRM,31200,31300,30850,30850,661600
3/25/2022,GGRP,790,790,770,785,32100
3/25/2022,GHON,2350,2350,2220,2260,29200
3/25/2022,GIAA,222,222,222,222,0
3/25/2022,GJTL,630,630,625,630,933200
3/25/2022,GLOB,236,246,232,246,10300
3/25/2022,GLVA,256,256,254,254,5300
3/25/2022,GMFI,72,72,70,72,877400
3/25/2022,GMTD,15600,15600,15600,15600,0
3/25/2022,GOLD,362,368,362,364,9700
3/25/2022,GOLL,50,50,50,50,0
3/25/2022,GOOD,530,540,520,535,7858000
3/25/2022,GPRA,79,79,76,78,1492300
3/25/2022,GPSO,103,104,99,99,833300
3/25/2022,GPSO-W,11,11,9,10,2982100
3/25/2022,GSMF,93,101,93,99,654200
3/25/2022,GTBO,75,75,75,75,0
3/25/2022,GTSI,56,57,55,56,24652900
3/25/2022,GWSA,147,149,147,147,312700
3/25/2022,GZCO,161,166,154,156,195145200
3/25/2022,HADE,50,50,50,50,300
3/25/2022,HAIS,234,236,216,220,17697200
3/25/2022,HDFA,181,189,181,181,113100
3/25/2022,HDIT,210,210,202,208,42100
3/25/2022,HDTX,120,120,120,120,0
3/25/2022,HEAL,1205,1210,1190,1195,11434200
3/25/2022,HELI,276,276,274,276,7500
3/25/2022,HERO,1700,1700,1600,1700,4300
3/25/2022,HEXA,5300,5350,5300,5350,204200
3/25/2022,HITS,438,545,436,545,14553700
3/25/2022,HKMU,50,50,50,50,12920700
3/25/2022,HMSP,930,930,910,910,41321900
3/25/2022,HOKI,160,160,155,156,3146200
3/25/2022,HOME,50,50,50,50,0
3/25/2022,HOMI,1335,1335,1310,1320,812900
3/25/2022,HOPE,71,72,70,70,1820700
3/25/2022,HOPE-W,13,13,13,13,1099700
3/25/2022,HOTL,50,50,50,50,0
3/25/2022,HRME,54,55,53,54,1173000
3/25/2022,HRTA,210,214,210,214,4233400
3/25/2022,HRUM,11625,11850,11225,11800,14637100
3/25/2022,IATA,218,218,200,202,166267500
3/25/2022,IBFN,97,97,97,97,0
3/25/2022,IBST,6700,6850,6700,6850,500
3/25/2022,ICBP,7550,7550,7200,7250,28613700
3/25/2022,ICON,76,79,75,75,5238700
3/25/2022,IDEA,60,66,60,66,9817400
3/25/2022,IDPR,172,179,170,172,2044500
3/25/2022,IFII,158,162,152,157,782400
3/25/2022,IFSH,1150,1190,1130,1145,12600
3/25/2022,IGAR,414,418,410,418,65300
3/25/2022,IIKP,50,50,50,50,0
3/25/2022,IKAI,50,50,50,50,10100
3/25/2022,IKAN,90,90,86,87,9432000
3/25/2022,IKBI,234,234,232,232,8600
3/25/2022,IMAS,785,790,775,775,882400
3/25/2022,IMJS,444,448,432,432,8587500
3/25/2022,IMPC,3030,3030,3000,3020,4117600
3/25/2022,INAF,1700,1700,1685,1685,86200
3/25/2022,INAI,290,300,290,300,20300
3/25/2022,INCF,61,64,56,56,98277600
3/25/2022,INCI,565,565,530,565,100400
3/25/2022,INCO,6775,6950,6650,6850,33906200
3/25/2022,INDF,5950,5950,5775,5775,21806000
3/25/2022,INDO,97,100,95,98,4233900
3/25/2022,INDO-W,12,14,12,13,24542200
3/25/2022,INDR,5250,5325,5125,5125,103700
3/25/2022,INDS,2200,2200,2200,2200,1900
3/25/2022,INDX,372,372,372,372,1016000
3/25/2022,INDY,2330,2350,2240,2260,26569400
3/25/2022,INKP,8175,8175,7900,7975,5752800
3/25/2022,INOV,250,256,238,242,7625700
3/25/2022,INPC,99,100,98,99,2453600
3/25/2022,INPP,500,540,482,484,4100
3/25/2022,INPS,1170,1170,1170,1170,0
3/25/2022,INRU,700,700,700,700,1300
3/25/2022,INTA,63,67,61,64,30174600
3/25/2022,INTD,226,282,220,282,1737200
3/25/2022,INTP,10925,10975,10625,10975,3242600
3/25/2022,IPAC,112,120,112,120,10900
3/25/2022,IPCC,510,515,498,500,2068000
3/25/2022,IPCM,298,304,294,296,5039000
3/25/2022,IPOL,157,163,157,159,414800
3/25/2022,IPPE,434,450,418,424,34852600
3/25/2022,IPTV,139,141,136,137,47660500
3/25/2022,IRRA,1740,1750,1710,1740,2621500
3/25/2022,ISAT,5325,5350,5200,5250,1321100
3/25/2022,ISSP,414,422,412,416,17507800
3/25/2022,ITIC,300,308,296,298,1721300
3/25/2022,ITMA,640,650,600,615,2021600
3/25/2022,ITMA-W,109,109,90,92,104100
3/25/2022,ITMG,28000,28600,28000,28525,9149000
3/25/2022,JAST,150,155,150,152,3655400
3/25/2022,JAWA,198,202,196,196,2010400
3/25/2022,JAYA,135,138,133,134,6156400
3/25/2022,JAYA-W,29,30,28,29,3600400
3/25/2022,JECC,5275,5275,5275,5275,0
3/25/2022,JGLE,50,50,50,50,0
3/25/2022,JIHD,322,324,322,324,46900
3/25/2022,JKON,77,78,76,76,7734800
3/25/2022,JKSW,60,60,60,60,0
3/25/2022,JMAS,130,132,128,129,207400
3/25/2022,JPFA,1620,1625,1605,1610,20716400
3/25/2022,JRPT,496,496,486,488,4695300
3/25/2022,JSKY,90,91,90,90,2824800
3/25/2022,JSMR,3860,3860,3770,3840,4959200
3/25/2022,JSPT,820,820,765,765,1600
3/25/2022,JTPE,955,955,955,955,39600
3/25/2022,KAEF,1755,1760,1740,1740,803600
3/25/2022,KARW,166,170,164,164,3452400
3/25/2022,KAYU,50,50,50,50,72200
3/25/2022,KBAG,50,50,50,50,622800
3/25/2022,KBAG-W,9,9,7,8,23086800
3/25/2022,KBLI,274,274,270,272,79800
3/25/2022,KBLM,197,200,195,200,95400
3/25/2022,KBLV,348,354,344,350,2128800
3/25/2022,KBRI,50,50,50,50,0
3/25/2022,KDSI,990,1010,975,1010,53400
3/25/2022,KEEN,492,498,480,480,1046900
3/25/2022,KEJU,1190,1195,1180,1190,16900
3/25/2022,KIAS,50,50,50,50,16200
3/25/2022,KICI,260,260,258,260,142500
3/25/2022,KIJA,172,174,172,172,471800
3/25/2022,KINO,3210,3350,3210,3260,3161200
3/25/2022,KIOS,440,442,428,428,2735700
3/25/2022,KJEN,410,410,382,382,390600
3/25/2022,KKGI,428,430,420,426,539200
3/25/2022,KLBF,1680,1690,1635,1670,52626100
3/25/2022,KMDS,410,418,410,416,7700
3/25/2022,KMTR,278,280,272,278,83500
3/25/2022,KOBX,278,280,274,276,1203800
3/25/2022,KOIN,156,156,154,154,124000
3/25/2022,KONI,2000,2050,1990,1995,11400
3/25/2022,KOPI,555,555,550,555,21600
3/25/2022,KOTA,50,50,50,50,456200
3/25/2022,KOTA-W,30,49,30,43,34900
3/25/2022,KPAL,50,50,50,50,0
3/25/2022,KPAS,62,62,62,62,0
3/25/2022,KPIG,106,107,102,103,127909900
3/25/2022,KRAH,436,436,436,436,0
3/25/2022,KRAS,352,356,346,350,4933800
3/25/2022,KREN,66,66,62,64,19055800
3/25/2022,KUAS,70,71,69,70,2745400
3/25/2022,KUAS-W,17,17,15,16,2414100
3/25/2022,LABA,127,128,119,120,5631200
3/25/2022,LABA-W,22,23,21,22,3963200
3/25/2022,LAND,72,72,70,71,5416400
3/25/2022,LAPD,50,50,50,50,0
3/25/2022,LCGP,114,114,114,114,0
3/25/2022,LCKM,310,310,310,310,0
3/25/2022,LEAD,52,52,50,51,14624100
3/25/2022,LFLO,122,122,110,115,978800
3/25/2022,LFLO-W,5,6,4,4,41373000
3/25/2022,LIFE,5500,5500,5500,5500,1100
3/25/2022,LINK,4350,4380,4310,4380,1701600
3/25/2022,LION,322,322,322,322,500
3/25/2022,LMAS,50,51,50,50,5070800
3/25/2022,LMPI,187,189,184,185,475100
3/25/2022,LMSH,710,720,680,710,2000
3/25/2022,LPCK,1250,1275,1230,1255,1128300
3/25/2022,LPGI,9800,9800,9800,9800,200
3/25/2022,LPIN,434,440,430,430,786600
3/25/2022,LPKR,140,141,138,139,106053400
3/25/2022,LPLI,246,246,240,240,25000
3/25/2022,LPPF,6025,6100,6000,6025,3206800
3/25/2022,LPPS,98,99,97,97,82100
3/25/2022,LRNA,188,204,187,192,386300
3/25/2022,LSIP,1435,1485,1430,1460,39144600
3/25/2022,LTLS,695,700,695,695,18200
3/25/2022,LUCK,298,302,294,294,2680900
3/25/2022,LUCY,79,85,79,85,18287800
3/25/2022,LUCY-W,28,42,28,37,69533200
3/25/2022,MABA,50,50,50,50,0
3/25/2022,MAGP,50,50,50,50,0
3/25/2022,MAIN,685,690,680,680,622000
3/25/2022,MAMI,50,50,50,50,0
3/25/2022,MAMI-W,6,6,6,6,0
3/25/2022,MAMIP,600,600,600,600,0
3/25/2022,MAPA,2660,2660,2580,2600,847300
3/25/2022,MAPB,1510,1550,1510,1550,2100
3/25/2022,MAPI,860,870,840,845,11130300
3/25/2022,MARI,302,308,290,294,28285800
3/25/2022,MARK,1230,1310,1230,1290,43529600
3/25/2022,MASA,4140,4400,4000,4190,64800
3/25/2022,MASB,3510,3520,3510,3520,3200
3/25/2022,MASB-W,340,340,320,340,1800
3/25/2022,MAYA,620,620,600,610,279200
3/25/2022,MBAP,3990,3990,3890,3890,270000
3/25/2022,MBSS,1440,1500,1375,1400,1797200
3/25/2022,MBTO,122,122,117,118,104000
3/25/2022,MCAS,11825,11825,11550,11550,61900
3/25/2022,MCOL,3620,3640,3580,3620,384900
3/25/2022,MCOR,96,98,96,97,7452900
3/25/2022,MDIA,50,50,50,50,95200
3/25/2022,MDKA,4750,4750,4620,4750,58220000
3/25/2022,MDKI,202,202,200,202,183100
3/25/2022,MDLN,92,92,86,88,60069000
3/25/2022,MDRN,50,50,50,50,0
3/25/2022,MEDC,610,610,580,580,81306600
3/25/2022,MEGA,6225,6250,6025,6125,48500
3/25/2022,MERK,3970,4010,3970,4000,68600
3/25/2022,META,111,114,110,114,1140800
3/25/2022,MFIN,1265,1270,1205,1265,13700
3/25/2022,MFMI,870,1000,845,920,21300
3/25/2022,MGLV,190,190,176,190,4300
3/25/2022,MGLV-W,12,12,11,11,1912100
3/25/2022,MGNA,50,50,50,50,0
3/25/2022,MGRO,880,890,880,880,4956100
3/25/2022,MICE,358,360,350,356,36700
3/25/2022,MIDI,2020,2070,2020,2070,400
3/25/2022,MIKA,2180,2180,2120,2140,19587700
3/25/2022,MINA,50,50,50,50,21300
3/25/2022,MIRA,50,50,50,50,0
3/25/2022,MITI,208,214,204,206,7715600
3/25/2022,MKNT,50,50,50,50,0
3/25/2022,MKPI,21600,21600,21600,21600,0
3/25/2022,MLBI,8250,8250,8200,8250,78000
3/25/2022,MLIA,2050,2120,2040,2100,7204200
3/25/2022,MLPL,240,270,236,260,665425800
3/25/2022,MLPT,3450,3480,3420,3450,39600
3/25/2022,MMLP,580,585,555,575,15355400
3/25/2022,MNCN,935,955,925,935,30142800
3/25/2022,MOLI,378,378,374,378,36700
3/25/2022,MPMX,1225,1230,1160,1160,19076700
3/25/2022,MPOW,117,117,109,109,13122100
3/25/2022,MPPA,408,428,402,406,332274200
3/25/2022,MPRO,700,780,680,705,2000
3/25/2022,MRAT,204,216,204,208,237100
3/25/2022,MREI,3450,3600,3450,3520,400
3/25/2022,MSIN,5775,5800,5375,5725,1582800
3/25/2022,MSKY,498,515,484,486,6996000
3/25/2022,MTDL,695,705,680,680,3057000
3/25/2022,MTEL,765,770,760,760,52985600
3/25/2022,MTFN,50,50,50,50,100
3/25/2022,MTLA,342,342,338,338,13300
3/25/2022,MTPS,88,88,86,87,758400
3/25/2022,MTRA,244,244,244,244,0
3/25/2022,MTSM,272,280,256,270,66800
3/25/2022,MTWI,137,138,134,135,662900
3/25/2022,MYOH,1830,1830,1785,1825,34400
3/25/2022,MYOR,1670,1675,1635,1655,3816300
3/25/2022,MYRX,50,50,50,50,0
3/25/2022,MYRXP,50,50,50,50,0
3/25/2022,MYTX,72,73,71,72,371600
3/25/2022,NANO,138,140,130,140,110286800
3/25/2022,NANO-W,14,14,12,13,175137600
3/25/2022,NASA,50,50,50,50,1506100
3/25/2022,NASI,332,354,328,342,7741600
3/25/2022,NATO,690,700,675,685,200828000
3/25/2022,NELY,320,322,312,314,2053000
3/25/2022,NETV,362,362,340,342,16242800
3/25/2022,NFCX,5725,5725,5175,5175,345200
3/25/2022,NICK,655,700,655,690,319600
3/25/2022,NICL,85,88,83,85,212037600
3/25/2022,NICL-W,11,11,10,10,12914400
3/25/2022,NIKL,995,1020,970,980,1032100
3/25/2022,NIPS,282,282,282,282,0
3/25/2022,NIRO,130,130,125,125,69900
3/25/2022,NISP,645,655,645,655,611800
3/25/2022,NOBU,670,680,670,670,415300
3/25/2022,NPGF,77,77,75,76,1735300
3/25/2022,NRCA,274,274,268,274,304900
3/25/2022,NTBK,62,64,61,62,9654000
3/25/2022,NTBK-W,11,11,10,11,5676500
3/25/2022,NUSA,50,50,50,50,0
3/25/2022,NZIA,136,139,133,133,89300
3/25/2022,OASA,775,820,745,775,3316400
3/25/2022,OBMD,103,103,94,100,6452600
3/25/2022,OBMD-W,15,15,14,14,772400
3/25/2022,OCAP,159,159,159,159,0
3/25/2022,OILS,240,242,230,234,3041600
3/25/2022,OILS-W,65,67,64,66,136700
3/25/2022,OKAS,54,59,53,54,28757000
3/25/2022,OMRE,815,815,710,735,8300
3/25/2022,OPMS,113,118,113,118,1195800
3/25/2022,PADI,50,50,50,50,600
3/25/2022,PALM,925,925,830,845,10534700
3/25/2022,PAMG,91,93,89,89,1482400
3/25/2022,PANI,4140,4140,4140,4140,207000
3/25/2022,PANR,290,290,270,270,6642300
3/25/2022,PANS,1310,1335,1310,1330,74800
3/25/2022,PBID,1660,1685,1645,1685,548500
3/25/2022,PBRX,125,127,122,125,1695800
3/25/2022,PBSA,700,700,635,670,1300
3/25/2022,PCAR,182,183,176,181,126900
3/25/2022,PDES,340,340,332,334,853700
3/25/2022,PEGE,925,925,880,880,46800
3/25/2022,PEHA,1065,1070,1060,1060,120200
3/25/2022,PGAS,1435,1435,1400,1415,60025700
3/25/2022,PGJO,72,75,72,75,136100
3/25/2022,PGLI,370,378,370,370,11700
3/25/2022,PGUN,710,710,665,665,1260500
3/25/2022,PICO,102,108,100,100,43300
3/25/2022,PJAA,515,520,510,520,42600
3/25/2022,PKPK,180,191,180,182,12296700
3/25/2022,PLAN,33,35,32,34,1158200
3/25/2022,PLAN-W,9,10,9,10,55600
3/25/2022,PLAS,50,50,50,50,0
3/25/2022,PLIN,2060,2070,2060,2070,400
3/25/2022,PMJS,134,139,134,135,313800
3/25/2022,PMMP,448,448,440,448,9248500
3/25/2022,PNBN,825,830,810,825,7756200
3/25/2022,PNBS,63,64,62,63,9638700
3/25/2022,PNGO,1500,1500,1495,1495,1600
3/25/2022,PNIN,685,685,675,680,2953500
3/25/2022,PNLF,172,175,171,173,26920200
3/25/2022,PNSE,690,690,690,690,0
3/25/2022,POLA,89,102,89,93,7194900
3/25/2022,POLA-W,54,59,53,55,356100
3/25/2022,POLI,1110,1190,1035,1040,44700
3/25/2022,POLL,595,595,560,570,11685800
3/25/2022,POLU,650,650,605,610,21900
3/25/2022,POLY,83,88,82,83,16668300
3/25/2022,POOL,50,50,50,50,0
3/25/2022,PORT,600,600,595,595,2300
3/25/2022,POSA,50,50,50,50,0
3/25/2022,POWR,625,635,600,635,2773900
3/25/2022,PPGL,120,125,120,122,2622200
3/25/2022,PPGL-W,10,11,10,11,3035400
3/25/2022,PPRE,176,177,171,172,8197900
3/25/2022,PPRO,53,53,51,52,22725800
3/25/2022,PRAS,222,224,218,220,212900
3/25/2022,PRDA,7725,7775,7700,7725,280000
3/25/2022,PRIM,348,348,334,340,1815600
3/25/2022,PSAB,132,135,128,128,4082900
3/25/2022,PSDN,159,159,151,158,23700
3/25/2022,PSGO,182,182,178,180,5984100
3/25/2022,PSKT,99,104,97,98,151476100
3/25/2022,PSSI,454,456,454,454,1262500
3/25/2022,PTBA,3360,3370,3310,3320,18989500
3/25/2022,PTDU,114,125,114,123,94689800
3/25/2022,PTIS,300,328,280,280,135800
3/25/2022,PTPP,1005,1005,985,990,14540400
3/25/2022,PTPW,805,805,800,800,264700
3/25/2022,PTRO,2720,2740,2710,2720,342500
3/25/2022,PTSN,226,232,222,224,1043000
3/25/2022,PTSP,5675,5975,5675,5975,2300
3/25/2022,PUDP,346,346,330,344,9400
3/25/2022,PURA,50,50,50,50,1317600
3/25/2022,PURA-W,12,13,12,13,186000
3/25/2022,PURE,73,74,68,71,7899700
3/25/2022,PURI,374,392,350,370,5700
3/25/2022,PWON,515,520,500,500,31240500
3/25/2022,PYFA,1000,1000,980,995,288000
3/25/2022,PZZA,620,620,610,610,502500
3/25/2022,R-ABFII,28600,28600,28600,28600,0
3/25/2022,R-LQ45X,1109,1109,1100,1103,15800
3/25/2022,RAJA,188,188,185,185,7063500
3/25/2022,RALS,720,730,715,715,2666800
3/25/2022,RANC,1450,1450,1430,1445,31200
3/25/2022,RBMS,71,72,68,69,14066200
3/25/2022,RDTX,6925,6925,6925,6925,0
3/25/2022,REAL,54,55,51,51,449798500
3/25/2022,RELI,480,480,450,450,20700
3/25/2022,RICY,72,73,70,71,824900
3/25/2022,RIGS,328,330,328,330,13800
3/25/2022,RIMO,50,50,50,50,0
3/25/2022,RISE,300,302,298,300,135300
3/25/2022,RMBA,306,306,306,306,0
3/25/2022,RMKE,444,450,430,430,8005500
3/25/2022,ROCK,575,610,545,590,8000
3/25/2022,RODA,84,84,79,80,1160600
3/25/2022,RONY,800,800,800,800,0
3/25/2022,ROTI,1295,1295,1280,1295,372400
3/25/2022,RSGK,1400,1400,1340,1395,20300
3/25/2022,RUIS,206,206,200,204,109700
3/25/2022,RUNS,234,234,234,234,690900
3/25/2022,SAFE,198,198,198,198,1024100
3/25/2022,SAME,410,434,408,422,145017800
3/25/2022,SAMF,565,590,565,590,309300
3/25/2022,SAPX,1340,1345,1300,1305,9800
3/25/2022,SATU,103,104,102,104,5480000
3/25/2022,SBAT,50,50,50,50,900
3/25/2022,SBAT-W,7,8,7,8,1525300
3/25/2022,SBAT-W2,12,13,11,12,517600
3/25/2022,SBMA,177,177,177,177,7904300
3/25/2022,SBMA-W,72,73,70,73,241400
3/25/2022,SCCO,10000,10200,10000,10200,1300
3/25/2022,SCMA,288,290,268,268,240912900
3/25/2022,SCNP,208,218,208,216,1653200
3/25/2022,SCPI,29000,29000,29000,29000,0
3/25/2022,SDMU,67,85,67,79,439535900
3/25/2022,SDPC,120,121,118,120,121000
3/25/2022,SDRA,565,565,555,560,60200
3/25/2022,SEMA,264,264,258,264,3344600
3/25/2022,SEMA-W,49,50,47,48,723400
3/25/2022,SFAN,1520,1525,1520,1525,267600
3/25/2022,SGER,2340,2400,2180,2180,5923300
3/25/2022,SGER-W,2090,2090,2090,2090,200
3/25/2022,SGRO,2110,2120,2090,2100,32200
3/25/2022,SHID,2500,2560,2500,2530,3515400
3/25/2022,SHIP,990,1010,970,990,1880700
3/25/2022,SIDO,1030,1040,1025,1035,6845500
3/25/2022,SILO,7675,7725,7600,7650,114200
3/25/2022,SIMA,50,50,50,50,0
3/25/2022,SIMP,500,515,500,510,11582300
3/25/2022,SINI,260,262,248,258,14900
3/25/2022,SINI-W,140,140,115,127,21400
3/25/2022,SIPD,1580,1580,1525,1575,4000
3/25/2022,SKBM,428,430,400,400,182900
3/25/2022,SKLT,2270,2330,2270,2330,7000
3/25/2022,SKRN,865,870,835,850,1233600
3/25/2022,SKYB,51,51,51,51,0
3/25/2022,SLIS,490,494,460,462,25418100
3/25/2022,SMAR,4740,4800,4740,4750,34700
3/25/2022,SMBR,550,555,540,540,1138300
3/25/2022,SMCB,1745,1745,1715,1720,924100
3/25/2022,SMDM,161,161,158,161,13100
3/25/2022,SMDR,1390,1410,1370,1370,7001000
3/25/2022,SMGR,6600,6675,6475,6500,10908100
3/25/2022,SMKL,424,426,412,416,191200
3/25/2022,SMKL-W,42,43,40,41,609600
3/25/2022,SMKM,240,244,222,232,13797100
3/25/2022,SMMA,12050,12050,12050,12050,0
3/25/2022,SMMT,1075,1075,1075,1075,0
3/25/2022,SMRA,800,805,780,785,110726500
3/25/2022,SMRU,50,50,50,50,0
3/25/2022,SMSM,1435,1465,1435,1465,3059500
3/25/2022,SNLK,540,540,520,520,102300
3/25/2022,SOCI,204,206,202,204,4316900
3/25/2022,SOFA,37,37,36,37,1429100
3/25/2022,SOHO,6525,6525,6500,6500,2000
3/25/2022,SONA,3700,3700,3700,3700,200
3/25/2022,SOSS,380,398,380,396,44300
3/25/2022,SOSS-W,48,48,42,45,38800
3/25/2022,SOTS,242,242,240,240,3800
3/25/2022,SOTS-W,57,57,51,51,1000
3/25/2022,SPMA,810,830,795,820,1700100
3/25/2022,SPTO,545,560,540,540,1816700
3/25/2022,SQMI,74,75,69,70,36828800
3/25/2022,SRAJ,220,238,216,220,5916800
3/25/2022,SRIL,146,146,146,146,0
3/25/2022,SRSN,56,57,55,56,4586900
3/25/2022,SRTG,2850,2900,2830,2860,8010800
3/25/2022,SSIA,366,400,360,400,5711100
3/25/2022,SSMS,1125,1140,1115,1120,9508700
3/25/2022,SSTM,770,770,770,770,0
3/25/2022,STAA,750,780,735,775,17965500
3/25/2022,STAR,139,142,139,142,900
3/25/2022,STTP,7175,7175,7175,7175,100
3/25/2022,SUGI,50,50,50,50,0
3/25/2022,SULI,50,50,50,50,200
3/25/2022,SUPR,52300,52300,52300,52300,100
3/25/2022,SURE,1995,1995,1995,1995,0
3/25/2022,SWAT,102,110,102,106,8807100
3/25/2022,TALF,310,320,294,300,5400
3/25/2022,TAMA,56,56,54,56,6557000
3/25/2022,TAMA-W,15,15,14,15,183900
3/25/2022,TAMU,50,50,50,50,400
3/25/2022,TAPG,725,755,720,730,54978000
3/25/2022,TARA,50,50,50,50,234300
3/25/2022,TAXI,50,50,50,50,900
3/25/2022,TAYS,200,204,195,200,146800
3/25/2022,TBIG,3000,3000,2850,2850,54838100
3/25/2022,TBLA,835,835,830,830,814600
3/25/2022,TBMS,1740,1740,1695,1695,300
3/25/2022,TCID,4880,4880,4880,4880,100
3/25/2022,TCPI,10075,10125,9725,9800,6534100
3/25/2022,TDPM,119,119,119,119,0
3/25/2022,TEBE,675,685,670,680,113100
3/25/2022,TECH,4200,4240,4000,4000,2601700
3/25/2022,TELE,121,121,121,121,0
3/25/2022,TFAS,4150,4300,4120,4300,52700
3/25/2022,TFCO,720,755,655,750,15100
3/25/2022,TGKA,7150,7150,7150,7150,300
3/25/2022,TGRA,72,72,70,71,3846300
3/25/2022,TIFA,555,580,535,580,15700
3/25/2022,TINS,1850,1865,1820,1845,76287100
3/25/2022,TIRA,410,410,410,410,2400
3/25/2022,TIRT,95,96,92,94,1602300
3/25/2022,TKIM,7200,7250,7100,7100,2237400
3/25/2022,TLKM,4510,4540,4480,4520,90053700
3/25/2022,TMAS,1765,1765,1720,1725,940300
3/25/2022,TMPO,132,134,132,132,80400
3/25/2022,TNCA,1100,1145,1080,1095,3946000
3/25/2022,TOBA,1215,1225,1180,1200,7830500
3/25/2022,TOPS,50,50,50,50,6800
3/25/2022,TOTL,292,298,292,292,1851900
3/25/2022,TOTO,202,206,202,202,358500
3/25/2022,TOWR,1080,1080,1055,1075,77353900
3/25/2022,TOYS,177,180,175,175,11434700
3/25/2022,TOYS-W,17,17,15,15,2075900
3/25/2022,TPIA,9575,9575,9500,9500,2658700
3/25/2022,TPMA,364,368,360,364,417000
3/25/2022,TRAM,50,50,50,50,0
3/25/2022,TRIL,50,50,50,50,0
3/25/2022,TRIM,338,338,328,328,4961400
3/25/2022,TRIN,498,505,476,476,24291000
3/25/2022,TRIN-W,114,117,109,110,4510900
3/25/2022,TRIO,426,426,426,426,0
3/25/2022,TRIS,189,198,189,191,3169500
3/25/2022,TRIS-W,6,6,6,6,0
3/25/2022,TRJA,520,540,520,520,5663500
3/25/2022,TRST,630,665,625,665,618800
3/25/2022,TRUE,102,104,101,102,5621800
3/25/2022,TRUE-W,19,19,18,18,10949200
3/25/2022,TRUK,202,214,198,198,70663500
3/25/2022,TRUS,400,418,364,414,97800
3/25/2022,TSPC,1470,1480,1460,1475,532300
3/25/2022,TUGU,1465,1465,1460,1465,38200
3/25/2022,TURI,1370,1370,1370,1370,400
3/25/2022,UANG,710,710,710,710,0
3/25/2022,UCID,1395,1400,1375,1395,65300
3/25/2022,UFOE,2230,2310,2210,2210,5822600
3/25/2022,ULTJ,1495,1495,1485,1485,271800
3/25/2022,UNIC,11775,12375,11700,12375,3700
3/25/2022,UNIQ,79,80,78,80,245000
3/25/2022,UNIT,316,316,316,316,0
3/25/2022,UNSP,121,122,119,121,221100
3/25/2022,UNTR,26600,26950,26200,26325,5235600
3/25/2022,UNVR,3390,3420,3380,3400,14146900
3/25/2022,URBN,478,494,470,494,132100
3/25/2022,UVCR,220,220,212,214,4335600
3/25/2022,UVCR-W,52,54,51,52,1299600
3/25/2022,VICI,492,520,490,510,4470400
3/25/2022,VICO,176,186,175,175,1695000
3/25/2022,VINS,168,173,164,165,127400
3/25/2022,VIVA,50,50,50,50,5100
3/25/2022,VOKS,177,177,175,176,40000
3/25/2022,VRNA,118,118,115,117,134000
3/25/2022,WAPO,140,140,130,131,511700
3/25/2022,WEGE,187,187,183,184,5454400
3/25/2022,WEHA,185,188,183,185,7304000
3/25/2022,WGSH,216,218,206,214,2351800
3/25/2022,WICO,430,430,400,400,700
3/25/2022,WIFI,496,500,494,494,145400
3/25/2022,WIFI-W,163,163,163,163,0
3/25/2022,WIIM,428,430,424,424,855700
3/25/2022,WIKA,1020,1020,990,1000,14470800
3/25/2022,WINS,178,179,173,173,4847700
3/25/2022,WMPP,131,132,129,132,20487100
3/25/2022,WMUU,155,155,150,152,10163500
3/25/2022,WOMF,254,254,244,244,182000
3/25/2022,WOOD,740,750,720,750,12100300
3/25/2022,WOWS,51,51,50,50,28632700
3/25/2022,WSBP,95,95,95,95,0
3/25/2022,WSKT,575,580,550,550,44342100
3/25/2022,WTON,222,222,214,216,5858700
3/25/2022,XAFA,1062,1062,1062,1062,0
3/25/2022,XAQA,1017,1017,1017,1017,100
3/25/2022,XBES,1025,1025,1025,1025,0
3/25/2022,XBID,579,579,579,579,200
3/25/2022,XBIG,576,576,576,576,0
3/25/2022,XBIN,551,551,551,551,0
3/25/2022,XBLQ,504,504,504,504,0
3/25/2022,XBNI,1130,1130,1130,1130,3500
3/25/2022,XBSK,425,425,425,425,0
3/25/2022,XCID,83,84,83,83,1700
3/25/2022,XCIS,105,105,105,105,0
3/25/2022,XCLQ,107,108,107,108,7100
3/25/2022,XDIF,489,489,489,489,0
3/25/2022,XDSG,1073,1073,1073,1073,0
3/25/2022,XFES,137,137,137,137,0
3/25/2022,XIFE,111,113,111,112,4200
3/25/2022,XIHD,554,554,553,553,12400
3/25/2022,XIIC,1025,1025,1025,1025,0
3/25/2022,XIID,570,570,570,570,1000
3/25/2022,XIIF,555,555,555,555,1000
3/25/2022,XIIT,585,585,584,585,17700
3/25/2022,XIJI,630,635,630,635,9500
3/25/2022,XILV,122,125,122,124,2000
3/25/2022,XIML,278,278,278,278,0
3/25/2022,XIPI,200,200,199,199,4200
3/25/2022,XISB,398,398,398,398,0
3/25/2022,XISC,722,722,721,721,1700
3/25/2022,XISI,344,344,344,344,100
3/25/2022,XISR,422,427,422,424,38100
3/25/2022,XKIV,512,512,512,512,0
3/25/2022,XKMS,1180,1180,1173,1173,5000100
3/25/2022,XMIG,193,193,193,193,0
3/25/2022,XMJM,1001,1001,1001,1001,0
3/25/2022,XMTS,476,476,476,476,0
3/25/2022,XNVE,160,160,158,158,1400
3/25/2022,XPCR,956,956,956,956,100
3/25/2022,XPDV,535,535,535,535,0
3/25/2022,XPES,414,414,414,414,100
3/25/2022,XPFT,584,584,580,580,4500
3/25/2022,XPID,546,546,546,546,0
3/25/2022,XPLC,495,495,495,495,0
3/25/2022,XPLQ,515,515,515,515,0
3/25/2022,XPMI,1010,1010,1010,1010,0
3/25/2022,XPSG,411,411,411,411,0
3/25/2022,XPTD,535,535,535,535,0
3/25/2022,XSBC,105,105,105,105,0
3/25/2022,XSMU,150,150,150,150,500
3/25/2022,XSPI,750,750,750,750,0
3/25/2022,XSRI,193,193,193,193,0
3/25/2022,XSSI,79,80,74,76,662600
3/25/2022,XSSK,709,709,709,709,0
3/25/2022,YELO,121,122,116,116,29894200
3/25/2022,YPAS,470,565,450,565,215400
3/25/2022,YULE,2010,2010,2010,2010,0
3/25/2022,ZBRA,630,645,615,615,351400
3/25/2022,ZINC,92,95,90,91,683847300
3/25/2022,ZONE,565,600,565,595,301000
3/25/2022,ZYRX,590,615,585,600,9209100
3/25/2022,ZYRX-W,92,103,92,95,2267300
