<date>,<ticker>,<open>,<high>,<low>,<close>,<volume>
2/10/2022,IHSG,6859.334,6874.351,6814.211,6823.642,285753905
2/10/2022,AALI,9975,10075,9925,9975,1760200
2/10/2022,ABBA,336,380,332,350,78213600
2/10/2022,ABDA,6350,6525,6350,6525,200
2/10/2022,ABMM,1420,1460,1420,1430,2256400
2/10/2022,ACES,1220,1240,1210,1230,12234000
2/10/2022,ACST,196,200,196,199,5011800
2/10/2022,ADES,3520,3580,3500,3550,116100
2/10/2022,ADHI,930,935,905,920,7583700
2/10/2022,ADMF,7725,7775,7700,7750,100200
2/10/2022,ADMG,180,184,178,181,797200
2/10/2022,ADMR,1165,1170,1085,1085,116545100
2/10/2022,ADRO,2200,2230,2150,2160,114009500
2/10/2022,AGAR,368,390,348,386,21000
2/10/2022,AGII,1500,1530,1500,1515,6205600
2/10/2022,AGRO,1450,1460,1375,1375,60950500
2/10/2022,AGRS,167,171,167,171,35246700
2/10/2022,AHAP,69,70,68,68,2588900
2/10/2022,AIMS,380,380,376,376,36600
2/10/2022,AISA,200,204,191,193,20846900
2/10/2022,AKKU,50,50,50,50,1800
2/10/2022,AKPI,1040,1045,1000,1010,103300
2/10/2022,AKRA,735,740,705,705,74260400
2/10/2022,AKSI,590,685,550,600,529200
2/10/2022,ALDO,1245,1250,1230,1240,8483700
2/10/2022,ALDO-W,246,250,242,248,69600
2/10/2022,ALKA,304,304,280,292,69400
2/10/2022,ALMI,296,296,290,290,13700
2/10/2022,ALTO,240,240,228,234,95900
2/10/2022,AMAG,364,364,358,358,57900
2/10/2022,AMAN,530,530,525,525,970800
2/10/2022,AMAR,585,680,585,655,174618200
2/10/2022,AMFG,4400,4480,4330,4400,146400
2/10/2022,AMIN,181,182,180,181,45400
2/10/2022,AMOR,1800,1845,1760,1780,414900
2/10/2022,AMRT,1275,1320,1270,1275,31531800
2/10/2022,ANDI,50,50,50,50,31800
2/10/2022,ANJT,1045,1050,1030,1050,45200
2/10/2022,ANTM,1795,1905,1790,1880,255038700
2/10/2022,APEX,730,775,710,745,499500
2/10/2022,APIC,1130,1135,1110,1125,12415900
2/10/2022,APII,202,214,200,202,3864100
2/10/2022,APLI,199,199,196,199,2200
2/10/2022,APLN,117,120,117,119,9926200
2/10/2022,ARCI,492,510,488,510,9772700
2/10/2022,ARGO,1660,1660,1560,1560,2500
2/10/2022,ARII,250,250,242,246,40300
2/10/2022,ARKA,50,50,50,50,1556800
2/10/2022,ARMY,50,50,50,50,0
2/10/2022,ARNA,835,845,830,845,986300
2/10/2022,ARTA,1910,1925,1895,1925,7000
2/10/2022,ARTI,50,50,50,50,0
2/10/2022,ARTO,16300,16500,15025,15100,59655200
2/10/2022,ASBI,294,294,286,286,1100
2/10/2022,ASDM,980,980,975,975,4600
2/10/2022,ASGR,795,800,780,800,158100
2/10/2022,ASII,5575,5625,5450,5450,93265400
2/10/2022,ASJT,134,136,133,133,482100
2/10/2022,ASLC,282,284,264,272,66097300
2/10/2022,ASMI,224,226,216,216,998400
2/10/2022,ASPI,77,78,75,77,1598900
2/10/2022,ASPI-W,18,18,17,17,294100
2/10/2022,ASRI,155,159,155,157,18279200
2/10/2022,ASRM,1605,1605,1605,1605,0
2/10/2022,ASSA,2610,2850,2610,2770,19098900
2/10/2022,ATAP,162,164,159,160,5191100
2/10/2022,ATIC,630,645,625,625,106100
2/10/2022,AUTO,1125,1135,1105,1105,2822600
2/10/2022,AVIA,855,860,850,850,34853600
2/10/2022,AYLS,312,314,306,308,7993200
2/10/2022,BABP,216,234,210,212,526594500
2/10/2022,BABP-W3,123,150,120,120,476100
2/10/2022,BABP-W4,167,180,160,164,401300
2/10/2022,BACA,238,242,230,236,14119000
2/10/2022,BACA-W2,37,37,37,37,0
2/10/2022,BAJA,296,316,296,300,704100
2/10/2022,BALI,800,840,800,815,627400
2/10/2022,BANK,2310,2430,2310,2410,38236000
2/10/2022,BANK-W,2150,2150,2150,2150,0
2/10/2022,BAPA,97,104,97,100,18306700
2/10/2022,BAPI,50,50,50,50,1300
2/10/2022,BAPI-W,6,7,6,7,3862000
2/10/2022,BATA,476,478,450,468,29700
2/10/2022,BAUT,171,191,168,170,104936600
2/10/2022,BAUT-W,25,29,17,20,1424933300
2/10/2022,BAYU,1120,1150,1120,1150,19000
2/10/2022,BBCA,7950,7950,7750,7750,93277000
2/10/2022,BBHI,5525,5650,5475,5650,6922800
2/10/2022,BBKP,292,294,282,282,161034400
2/10/2022,BBLD,378,378,378,378,7500
2/10/2022,BBMD,1940,1940,1940,1940,6200
2/10/2022,BBNI,7650,7750,7575,7675,71313400
2/10/2022,BBRI,4500,4500,4450,4470,112521600
2/10/2022,BBRM,50,50,50,50,110100
2/10/2022,BBSI,5100,5125,5000,5125,25800
2/10/2022,BBSS,60,62,57,60,42418200
2/10/2022,BBTN,1785,1795,1755,1770,34065000
2/10/2022,BBYB,2150,2380,2140,2260,130201200
2/10/2022,BCAP,228,228,228,228,0
2/10/2022,BCIC,194,196,186,190,4010600
2/10/2022,BCIP,86,87,80,80,47448300
2/10/2022,BDMN,2430,2480,2430,2470,1816100
2/10/2022,BEBS,6450,6850,6150,6525,32091500
2/10/2022,BEEF,58,58,56,57,2926800
2/10/2022,BEKS,50,50,50,50,19588200
2/10/2022,BELL,95,105,90,95,23070100
2/10/2022,BESS,720,745,670,670,345700
2/10/2022,BESS-W,565,570,565,570,5200
2/10/2022,BEST,109,111,107,109,18814900
2/10/2022,BFIN,1265,1275,1255,1260,18223600
2/10/2022,BGTG,270,278,252,264,180552600
2/10/2022,BHAT,1005,1005,995,1000,1384200
2/10/2022,BHIT,67,76,65,69,3539942100
2/10/2022,BIKA,212,220,208,218,272100
2/10/2022,BIMA,302,308,286,292,18375900
2/10/2022,BINA,4260,4280,4110,4250,1081800
2/10/2022,BINO,160,161,156,157,18413400
2/10/2022,BINO-W,24,24,21,22,10574100
2/10/2022,BIPI,52,53,51,52,1517497700
2/10/2022,BIPI-W,14,14,13,13,1713600
2/10/2022,BIPP,52,52,51,52,262800
2/10/2022,BIRD,1405,1420,1375,1380,1671200
2/10/2022,BISI,985,985,975,980,160400
2/10/2022,BJBR,1390,1400,1370,1380,3635300
2/10/2022,BJTM,760,770,755,760,4429300
2/10/2022,BKDP,93,93,93,93,1054500
2/10/2022,BKSL,54,58,53,57,279104900
2/10/2022,BKSW,172,176,170,170,7859200
2/10/2022,BLTA,50,50,50,50,319400
2/10/2022,BLTZ,3470,3470,3250,3250,400
2/10/2022,BLUE,364,366,360,364,103400
2/10/2022,BMAS,1640,1670,1550,1550,205900
2/10/2022,BMHS,770,770,720,740,28569300
2/10/2022,BMRI,7700,7750,7650,7725,53839700
2/10/2022,BMSR,256,260,250,252,433700
2/10/2022,BMTR,264,278,264,266,104666600
2/10/2022,BNBA,3130,3300,3090,3250,9492800
2/10/2022,BNBR,50,50,50,50,22800
2/10/2022,BNGA,965,980,960,960,11532900
2/10/2022,BNII,318,318,310,314,5261600
2/10/2022,BNLI,1420,1435,1420,1425,77400
2/10/2022,BOBA,212,214,202,206,1105300
2/10/2022,BOGA,1400,1415,1400,1400,96129600
2/10/2022,BOLA,560,565,530,530,10953000
2/10/2022,BOLT,950,965,920,950,8100
2/10/2022,BOSS,75,75,70,71,23858000
2/10/2022,BPFI,870,890,850,860,171300
2/10/2022,BPII,7650,7650,7650,7650,3912000
2/10/2022,BPTR,486,488,452,462,904100
2/10/2022,BRAM,10150,11775,10150,11775,48500
2/10/2022,BRIS,1675,1715,1660,1670,27043900
2/10/2022,BRMS,142,149,140,147,1168627400
2/10/2022,BRNA,920,935,860,920,47800
2/10/2022,BRPT,980,1060,980,1060,148301700
2/10/2022,BSDE,955,975,940,940,37448700
2/10/2022,BSIM,700,705,680,680,274800
2/10/2022,BSML,725,725,670,670,2672100
2/10/2022,BSSR,3140,3140,3000,3000,182500
2/10/2022,BSWD,1750,1750,1750,1750,0
2/10/2022,BTEK,50,50,50,50,2800
2/10/2022,BTEL,50,50,50,50,0
2/10/2022,BTON,386,406,386,404,215700
2/10/2022,BTPN,2650,2680,2630,2640,34100
2/10/2022,BTPS,3800,3990,3780,3900,6253100
2/10/2022,BUDI,168,171,168,170,3080000
2/10/2022,BUKA,406,412,386,388,245494900
2/10/2022,BUKK,1160,1190,1145,1180,6000
2/10/2022,BULL,140,141,133,136,14559500
2/10/2022,BULL-W2,16,17,15,15,1090500
2/10/2022,BUMI,81,82,78,79,453443500
2/10/2022,BUVA,60,60,60,60,0
2/10/2022,BVIC,169,171,163,167,27685600
2/10/2022,BWPT,73,78,73,75,101872000
2/10/2022,BYAN,37500,37500,36750,36900,21000
2/10/2022,CAKK,88,90,87,88,3584800
2/10/2022,CAMP,280,282,276,280,412500
2/10/2022,CANI,128,130,128,129,297900
2/10/2022,CARE,560,575,550,560,299336600
2/10/2022,CARS,50,50,50,50,60500
2/10/2022,CASA,560,560,550,555,1720600
2/10/2022,CASH,276,282,252,266,9240600
2/10/2022,CASS,378,388,378,378,67300
2/10/2022,CBMF,78,79,77,77,5032400
2/10/2022,CCSI,800,815,765,800,1024200
2/10/2022,CEKA,1930,1935,1915,1920,4800
2/10/2022,CENT,214,220,214,216,9418800
2/10/2022,CFIN,254,268,250,254,13245000
2/10/2022,CINT,228,228,216,216,9000
2/10/2022,CITA,2800,2810,2710,2810,10200
2/10/2022,CITY,152,154,148,154,7300
2/10/2022,CLAY,710,775,710,775,1500
2/10/2022,CLEO,426,434,426,432,9743900
2/10/2022,CLPI,1005,1020,1005,1015,37400
2/10/2022,CMNP,1730,1800,1695,1800,2358100
2/10/2022,CMNP-W,745,810,740,810,602300
2/10/2022,CMNT,1140,1150,1130,1145,44173100
2/10/2022,CMPP,565,565,565,565,0
2/10/2022,CMRY,3230,3280,3220,3260,893900
2/10/2022,CNKO,50,50,50,50,1200
2/10/2022,CNTB,250,250,250,250,0
2/10/2022,CNTX,270,332,270,330,1194200
2/10/2022,COCO,314,316,314,314,4942300
2/10/2022,COCO-W,274,274,128,156,4100
2/10/2022,COWL,50,50,50,50,0
2/10/2022,CPIN,5875,5950,5850,5850,5168400
2/10/2022,CPRI,50,50,50,50,0
2/10/2022,CPRI-W,12,12,12,12,0
2/10/2022,CPRO,105,107,97,97,1167940700
2/10/2022,CSAP,530,545,510,510,160600
2/10/2022,CSIS,109,113,109,110,5588600
2/10/2022,CSMI,3460,3460,3460,3460,0
2/10/2022,CSRA,570,595,570,580,1103100
2/10/2022,CTBN,2600,2600,2430,2590,400
2/10/2022,CTRA,940,965,935,945,10181000
2/10/2022,CTTH,50,50,50,50,12600
2/10/2022,DADA,50,50,50,50,9500
2/10/2022,DADA-W,9,9,8,8,4331900
2/10/2022,DART,236,236,232,232,294600
2/10/2022,DAYA,282,294,280,294,69100
2/10/2022,DCII,43000,43000,42550,42550,4500
2/10/2022,DEAL,50,50,50,50,3100
2/10/2022,DEFI,1455,1455,1455,1455,0
2/10/2022,DEPO,525,540,500,510,12677000
2/10/2022,DEWA,50,50,50,50,1053100
2/10/2022,DFAM,310,314,298,308,109400
2/10/2022,DGIK,178,180,166,166,33030200
2/10/2022,DGNS,750,765,725,730,4042900
2/10/2022,DIGI,90,92,87,89,8020400
2/10/2022,DILD,149,152,147,150,4836500
2/10/2022,DIVA,1585,1615,1505,1510,522600
2/10/2022,DKFT,115,118,112,113,11008400
2/10/2022,DLTA,3700,3720,3700,3700,13800
2/10/2022,DMAS,191,198,190,194,36253300
2/10/2022,DMMX,2330,2370,2290,2290,4754000
2/10/2022,DMND,815,825,810,825,19200
2/10/2022,DNAR,302,304,290,290,8513600
2/10/2022,DNET,3250,3250,3200,3240,28700
2/10/2022,DOID,276,280,270,276,70715200
2/10/2022,DPNS,392,396,386,388,73400
2/10/2022,DPUM,50,50,50,50,0
2/10/2022,DRMA,565,585,545,555,22214900
2/10/2022,DSFI,105,114,105,105,43756800
2/10/2022,DSNG,570,585,550,560,29530500
2/10/2022,DSSA,46000,46000,46000,46000,0
2/10/2022,DUCK,176,176,176,176,0
2/10/2022,DUTI,3620,3620,3620,3620,100
2/10/2022,DVLA,2950,3000,2950,3000,8200
2/10/2022,DWGL,175,185,173,178,17800
2/10/2022,DWGL-W,19,20,18,20,651500
2/10/2022,DYAN,74,74,72,72,2215800
2/10/2022,EAST,90,95,90,93,8791900
2/10/2022,EAST-W,9,9,8,9,5295900
2/10/2022,ECII,970,970,970,970,10000
2/10/2022,EDGE,22150,22150,21300,21600,15600
2/10/2022,EKAD,1415,1435,1415,1420,107700
2/10/2022,ELSA,284,288,280,282,19849600
2/10/2022,ELTY,50,50,50,50,200
2/10/2022,EMDE,158,159,158,159,1000
2/10/2022,EMTK,1990,2000,1925,1930,25550500
2/10/2022,ENAK,815,835,815,825,6150100
2/10/2022,ENRG,149,155,142,146,352273600
2/10/2022,ENVY,50,50,50,50,0
2/10/2022,ENZO,50,50,50,50,140200
2/10/2022,ENZO-W,14,15,14,14,1299400
2/10/2022,EPAC,50,51,50,50,18673000
2/10/2022,EPMT,2770,2780,2700,2760,37400
2/10/2022,ERAA,550,560,545,550,230156300
2/10/2022,ERTX,196,200,196,197,35400
2/10/2022,ESIP,170,178,167,169,26849700
2/10/2022,ESSA,615,640,590,630,43534700
2/10/2022,ESTA,232,236,228,232,40400
2/10/2022,ESTI,102,105,102,104,319400
2/10/2022,ETWA,62,62,62,62,0
2/10/2022,EXCL,3070,3140,3050,3090,12514900
2/10/2022,FAPA,3230,3240,3210,3240,170000
2/10/2022,FAST,980,980,965,975,7000
2/10/2022,FASW,6800,6800,6775,6800,2600
2/10/2022,FILM,945,965,890,950,13404900
2/10/2022,FIMP,50,50,47,48,1615200
2/10/2022,FIMP-W,18,18,17,17,1137400
2/10/2022,FIRE,378,388,376,380,1673400
2/10/2022,FISH,5675,5675,5675,5675,100
2/10/2022,FITT,595,610,595,605,3472300
2/10/2022,FITT-W,460,460,460,460,700
2/10/2022,FLMC,192,192,173,173,5135200
2/10/2022,FMII,364,374,364,374,8400
2/10/2022,FOOD,130,131,127,127,726800
2/10/2022,FORU,300,374,298,340,9090100
2/10/2022,FORZ,50,50,50,50,0
2/10/2022,FPNI,418,452,394,450,206016400
2/10/2022,FREN,87,88,86,86,599423300
2/10/2022,FREN-W2,26,27,25,25,166632100
2/10/2022,FUJI,760,760,715,715,7500
2/10/2022,GAMA,50,50,50,50,4700
2/10/2022,GDST,98,98,96,98,937800
2/10/2022,GDYR,1335,1345,1335,1345,6000
2/10/2022,GEMA,352,352,340,350,14300
2/10/2022,GEMS,6625,6750,6600,6650,12000
2/10/2022,GGRM,30625,30950,30500,30500,859400
2/10/2022,GGRP,660,670,645,650,750200
2/10/2022,GHON,2160,2180,2130,2150,19500
2/10/2022,GIAA,222,222,222,222,0
2/10/2022,GJTL,635,645,630,635,2105200
2/10/2022,GLOB,232,248,232,248,30400
2/10/2022,GLVA,266,266,266,266,29500
2/10/2022,GMFI,72,72,70,71,1938600
2/10/2022,GMTD,16725,16725,16725,16725,0
2/10/2022,GOLD,368,372,368,372,13900
2/10/2022,GOLL,50,50,50,50,0
2/10/2022,GOOD,500,505,496,500,7649500
2/10/2022,GPRA,77,85,77,82,31339600
2/10/2022,GPSO,134,137,134,136,1952300
2/10/2022,GPSO-W,23,23,21,23,1093800
2/10/2022,GSMF,136,139,133,133,4653700
2/10/2022,GTBO,75,75,75,75,0
2/10/2022,GTSI,63,64,61,62,14088700
2/10/2022,GWSA,159,166,158,165,484900
2/10/2022,GZCO,89,115,89,101,932313600
2/10/2022,HADE,50,50,50,50,100
2/10/2022,HAIS,170,175,168,173,3266900
2/10/2022,HDFA,218,230,204,204,1462100
2/10/2022,HDIT,260,260,244,244,591800
2/10/2022,HDTX,120,120,120,120,0
2/10/2022,HEAL,1090,1095,1025,1065,16348500
2/10/2022,HELI,282,282,268,272,20700
2/10/2022,HERO,1800,1860,1750,1860,6600
2/10/2022,HEXA,4780,4810,4780,4790,34600
2/10/2022,HITS,390,408,372,398,6100
2/10/2022,HKMU,50,50,50,50,6561900
2/10/2022,HMSP,965,975,960,975,14441600
2/10/2022,HOKI,161,163,158,160,4370700
2/10/2022,HOME,50,50,50,50,0
2/10/2022,HOMI,1555,1555,1535,1540,688300
2/10/2022,HOPE,73,74,72,73,3224600
2/10/2022,HOPE-W,14,14,13,14,1859500
2/10/2022,HOTL,50,50,50,50,250500
2/10/2022,HRME,53,53,51,53,3761000
2/10/2022,HRTA,212,214,210,212,1882800
2/10/2022,HRUM,10325,10400,9750,10025,18195500
2/10/2022,IATA,165,194,152,164,1999328500
2/10/2022,IBFN,97,97,97,97,0
2/10/2022,IBST,5400,5400,5400,5400,0
2/10/2022,ICBP,8675,8725,8625,8625,5007100
2/10/2022,ICON,96,96,94,94,3925600
2/10/2022,IDEA,90,90,82,82,9352100
2/10/2022,IDPR,194,195,192,194,397200
2/10/2022,IFII,164,164,159,163,211700
2/10/2022,IFSH,1800,1800,1800,1800,4500
2/10/2022,IGAR,436,436,430,434,77600
2/10/2022,IIKP,50,50,50,50,0
2/10/2022,IKAI,50,50,50,50,1300
2/10/2022,IKAN,85,86,84,85,2021100
2/10/2022,IKBI,246,246,234,246,8300
2/10/2022,IMAS,795,795,785,785,1427200
2/10/2022,IMJS,384,384,366,376,2607600
2/10/2022,IMPC,2830,3050,2830,3050,10823900
2/10/2022,INAF,2080,2110,2060,2060,268500
2/10/2022,INAI,306,306,302,302,4100
2/10/2022,INCF,82,84,79,80,18877300
2/10/2022,INCI,560,570,555,560,10400
2/10/2022,INCO,4700,4890,4700,4800,14257300
2/10/2022,INDF,6350,6400,6300,6325,8112700
2/10/2022,INDO,99,101,96,98,7381500
2/10/2022,INDO-W,13,13,12,12,16516900
2/10/2022,INDR,4020,4120,4020,4100,32100
2/10/2022,INDS,2180,2180,2180,2180,0
2/10/2022,INDX,189,190,176,176,12054400
2/10/2022,INDY,2100,2120,2040,2070,32429800
2/10/2022,INKP,7550,7700,7550,7600,4304800
2/10/2022,INOV,286,290,282,284,4507100
2/10/2022,INPC,115,117,114,114,6180200
2/10/2022,INPP,620,620,620,620,0
2/10/2022,INPS,1380,1380,1330,1380,400
2/10/2022,INRU,665,665,625,660,5700
2/10/2022,INTA,59,60,58,58,473800
2/10/2022,INTD,228,236,226,236,13300
2/10/2022,INTP,10875,11100,10850,10850,1839200
2/10/2022,IPAC,116,116,112,115,2700
2/10/2022,IPCC,505,505,500,500,1125500
2/10/2022,IPCM,286,292,284,286,1837600
2/10/2022,IPOL,168,171,168,169,17200
2/10/2022,IPPE,248,282,246,264,207135700
2/10/2022,IPTV,169,171,156,156,368651200
2/10/2022,IRRA,1835,1855,1800,1820,9554600
2/10/2022,ISAT,5525,5675,5525,5650,4207300
2/10/2022,ISSP,410,414,402,404,17773800
2/10/2022,ITIC,300,302,296,300,312600
2/10/2022,ITMA,630,635,600,620,345100
2/10/2022,ITMA-W,104,113,100,102,50300
2/10/2022,ITMG,21700,21750,21200,21250,1934600
2/10/2022,JAST,190,191,185,186,14017500
2/10/2022,JAWA,254,270,254,256,19842900
2/10/2022,JAYA,169,170,163,163,19733500
2/10/2022,JAYA-W,41,43,39,39,107800
2/10/2022,JECC,5400,5900,5150,5800,4600
2/10/2022,JGLE,50,50,50,50,600
2/10/2022,JIHD,406,406,390,390,6800
2/10/2022,JKON,107,107,103,103,14984800
2/10/2022,JKSW,60,60,60,60,0
2/10/2022,JMAS,160,160,156,158,681500
2/10/2022,JPFA,1585,1610,1580,1605,11186100
2/10/2022,JRPT,510,510,500,505,1676100
2/10/2022,JSKY,94,100,93,98,46505800
2/10/2022,JSMR,3400,3420,3340,3340,5839800
2/10/2022,JSPT,765,765,765,765,100
2/10/2022,JTPE,845,855,845,850,2028400
2/10/2022,KAEF,2240,2250,2200,2200,1143300
2/10/2022,KARW,212,214,202,206,8154000
2/10/2022,KAYU,50,50,50,50,153800
2/10/2022,KBAG,50,50,50,50,14921600
2/10/2022,KBAG-W,8,8,7,8,13694800
2/10/2022,KBLI,292,294,272,290,3302800
2/10/2022,KBLM,214,214,210,212,320400
2/10/2022,KBLV,432,474,428,450,25291800
2/10/2022,KBRI,50,50,50,50,0
2/10/2022,KDSI,1025,1025,1025,1025,300
2/10/2022,KEEN,530,540,520,520,1750200
2/10/2022,KEJU,1160,1160,1130,1150,27300
2/10/2022,KIAS,50,50,50,50,19000
2/10/2022,KICI,270,274,262,272,319300
2/10/2022,KIJA,162,163,160,161,4870500
2/10/2022,KINO,3670,3750,3600,3640,3570300
2/10/2022,KIOS,500,565,500,545,138704500
2/10/2022,KJEN,730,730,725,725,3500
2/10/2022,KKGI,320,320,312,318,407500
2/10/2022,KLBF,1660,1680,1640,1640,23853300
2/10/2022,KMDS,428,428,428,428,300
2/10/2022,KMTR,318,320,298,298,1467600
2/10/2022,KOBX,260,292,256,292,20538100
2/10/2022,KOIN,155,155,155,155,5100
2/10/2022,KONI,3470,3470,3470,3470,2200
2/10/2022,KOPI,565,575,550,560,24100
2/10/2022,KOTA,50,50,50,50,6318300
2/10/2022,KOTA-W,49,49,15,48,6400
2/10/2022,KPAL,50,50,50,50,0
2/10/2022,KPAS,62,62,62,62,0
2/10/2022,KPIG,106,138,106,117,2528112600
2/10/2022,KRAH,436,436,436,436,0
2/10/2022,KRAS,382,392,382,386,14510800
2/10/2022,KREN,79,81,79,81,5936500
2/10/2022,KUAS,78,79,77,78,8079300
2/10/2022,KUAS-W,18,18,17,18,4206200
2/10/2022,LABA,153,153,146,146,9612500
2/10/2022,LABA-W,23,24,22,22,1736400
2/10/2022,LAND,75,77,75,75,1597600
2/10/2022,LAPD,50,50,50,50,0
2/10/2022,LCGP,114,114,114,114,0
2/10/2022,LCKM,302,302,280,302,5300
2/10/2022,LEAD,51,52,51,52,11178600
2/10/2022,LFLO,172,174,153,153,527200
2/10/2022,LFLO-W,41,49,36,43,41635500
2/10/2022,LIFE,6200,6200,6200,6200,100
2/10/2022,LINK,4410,4420,4360,4410,3146200
2/10/2022,LION,324,326,320,320,2600
2/10/2022,LMAS,65,69,65,65,52887600
2/10/2022,LMPI,195,195,191,191,382900
2/10/2022,LMSH,730,730,700,705,3600
2/10/2022,LPCK,1335,1390,1300,1300,1032200
2/10/2022,LPGI,7200,7300,7200,7300,8900
2/10/2022,LPIN,575,600,560,560,6615200
2/10/2022,LPKR,134,141,134,139,65442500
2/10/2022,LPLI,248,258,242,248,76800
2/10/2022,LPPF,3870,4100,3860,4090,4394500
2/10/2022,LPPS,101,102,100,102,193800
2/10/2022,LRNA,182,185,174,181,187200
2/10/2022,LSIP,1275,1310,1275,1280,25795200
2/10/2022,LTLS,695,695,685,690,14600
2/10/2022,LUCK,350,354,342,344,8768700
2/10/2022,LUCY,72,75,72,73,1648800
2/10/2022,LUCY-W,20,22,19,20,4723700
2/10/2022,MABA,50,50,50,50,0
2/10/2022,MAGP,50,50,50,50,16700
2/10/2022,MAIN,660,670,655,660,892800
2/10/2022,MAMI,50,50,50,50,0
2/10/2022,MAMI-W,6,6,6,6,0
2/10/2022,MAMIP,600,600,600,600,0
2/10/2022,MAPA,2500,2500,2470,2470,148300
2/10/2022,MAPB,1590,1630,1590,1630,4400
2/10/2022,MAPI,785,820,775,795,29041800
2/10/2022,MARI,398,414,394,402,29232900
2/10/2022,MARK,1200,1205,1150,1150,4846200
2/10/2022,MASA,4900,4900,4900,4900,400
2/10/2022,MASB,3510,3560,3510,3530,7800
2/10/2022,MASB-W,350,380,300,376,15300
2/10/2022,MAYA,625,680,625,655,16877700
2/10/2022,MBAP,3560,3580,3560,3570,60600
2/10/2022,MBSS,825,835,800,805,743400
2/10/2022,MBTO,136,136,130,133,168900
2/10/2022,MCAS,11900,12200,11875,11875,1626900
2/10/2022,MCOL,3550,3640,3420,3490,1763000
2/10/2022,MCOR,109,110,106,107,8019200
2/10/2022,MDIA,50,50,50,50,1718400
2/10/2022,MDKA,3610,3670,3530,3530,73527200
2/10/2022,MDKI,208,210,204,208,286600
2/10/2022,MDLN,88,98,88,92,349038600
2/10/2022,MDRN,50,50,50,50,400
2/10/2022,MEDC,560,580,555,580,76219000
2/10/2022,MEGA,9625,9925,9575,9700,128800
2/10/2022,MERK,3780,3830,3770,3770,108500
2/10/2022,META,109,111,108,109,1734900
2/10/2022,MFIN,1105,1110,1105,1105,1500
2/10/2022,MFMI,900,900,900,900,300
2/10/2022,MGLV,196,206,195,200,25200
2/10/2022,MGLV-W,16,16,14,15,6681800
2/10/2022,MGNA,50,50,50,50,0
2/10/2022,MGRO,865,875,860,875,4037000
2/10/2022,MICE,380,382,372,380,140200
2/10/2022,MIDI,2090,2090,2070,2070,900
2/10/2022,MIKA,2330,2330,2250,2260,28505100
2/10/2022,MINA,50,50,50,50,10900
2/10/2022,MIRA,50,50,50,50,600
2/10/2022,MITI,270,272,254,256,13711900
2/10/2022,MKNT,50,50,50,50,2500
2/10/2022,MKPI,24925,24925,24925,24925,0
2/10/2022,MLBI,7725,7775,7700,7725,26000
2/10/2022,MLIA,2020,2150,1965,2130,7829400
2/10/2022,MLPL,248,256,238,240,141597100
2/10/2022,MLPT,3250,4060,3250,3790,15467600
2/10/2022,MMLP,458,472,450,458,4241200
2/10/2022,MNCN,885,910,880,900,44831700
2/10/2022,MOLI,408,450,408,410,74300
2/10/2022,MPMX,1040,1055,1035,1050,5415300
2/10/2022,MPOW,96,102,96,98,9671900
2/10/2022,MPPA,324,336,306,306,165642800
2/10/2022,MPRO,855,945,815,910,2600
2/10/2022,MRAT,264,270,258,268,589100
2/10/2022,MREI,3950,3950,3950,3950,100
2/10/2022,MSIN,4890,4900,4610,4620,7954200
2/10/2022,MSKY,286,320,286,300,15111300
2/10/2022,MTDL,715,725,705,710,8131300
2/10/2022,MTEL,785,795,780,780,53019600
2/10/2022,MTFN,50,50,50,50,100
2/10/2022,MTLA,348,350,348,350,59500
2/10/2022,MTPS,97,101,97,98,782800
2/10/2022,MTRA,244,244,244,244,0
2/10/2022,MTSM,376,390,358,372,2092900
2/10/2022,MTWI,176,177,171,172,3131200
2/10/2022,MYOH,1795,1795,1765,1790,25300
2/10/2022,MYOR,1815,1835,1815,1820,4080100
2/10/2022,MYRX,50,50,50,50,0
2/10/2022,MYRXP,50,50,50,50,0
2/10/2022,MYTX,84,86,81,81,3869100
2/10/2022,NASA,50,50,50,50,5606900
2/10/2022,NASI,515,520,476,476,9693800
2/10/2022,NATO,740,755,725,745,208889500
2/10/2022,NELY,362,372,344,346,8691400
2/10/2022,NETV,426,474,426,428,370787300
2/10/2022,NFCX,7675,8050,7400,7400,112000
2/10/2022,NICK,755,760,735,755,11300
2/10/2022,NICL,63,64,63,63,8142300
2/10/2022,NICL-W,9,10,8,10,14099500
2/10/2022,NIKL,900,910,890,890,513700
2/10/2022,NIPS,282,282,282,282,0
2/10/2022,NIRO,148,148,145,148,2400
2/10/2022,NISP,665,680,660,675,3305500
2/10/2022,NOBU,705,730,700,720,4557700
2/10/2022,NPGF,88,102,87,93,108819900
2/10/2022,NRCA,284,284,280,280,53700
2/10/2022,NTBK,165,165,126,126,132770500
2/10/2022,NTBK-W,45,47,23,23,521210600
2/10/2022,NUSA,50,50,50,50,0
2/10/2022,NZIA,153,153,146,149,99200
2/10/2022,OASA,665,690,620,620,3560800
2/10/2022,OBMD,115,121,115,119,1939200
2/10/2022,OBMD-W,18,19,17,19,3204000
2/10/2022,OCAP,159,159,159,159,0
2/10/2022,OILS,252,254,242,244,4693800
2/10/2022,OILS-W,79,81,75,79,107200
2/10/2022,OKAS,73,75,72,73,5674900
2/10/2022,OMRE,885,1025,780,780,7400
2/10/2022,OPMS,124,132,124,128,4038900
2/10/2022,PADI,50,50,50,50,900
2/10/2022,PALM,700,705,685,690,4265400
2/10/2022,PAMG,90,92,89,90,2777400
2/10/2022,PANI,1750,1790,1705,1785,95600
2/10/2022,PANR,266,278,262,276,17241200
2/10/2022,PANS,1255,1265,1250,1260,277900
2/10/2022,PBID,1630,1635,1615,1625,562300
2/10/2022,PBRX,138,140,138,139,1344700
2/10/2022,PBSA,735,780,735,780,1300
2/10/2022,PCAR,294,300,276,276,257900
2/10/2022,PDES,298,298,294,296,1064000
2/10/2022,PEGE,955,975,940,955,107700
2/10/2022,PEHA,1115,1145,1105,1145,438600
2/10/2022,PGAS,1410,1430,1375,1380,54837800
2/10/2022,PGJO,76,77,75,77,16800
2/10/2022,PGLI,450,476,420,420,532100
2/10/2022,PGUN,525,540,510,520,658300
2/10/2022,PICO,83,84,78,78,1265700
2/10/2022,PJAA,515,515,498,505,1233400
2/10/2022,PKPK,220,220,212,212,11564200
2/10/2022,PLAN,38,39,37,38,1615600
2/10/2022,PLAN-W,10,10,9,10,1954400
2/10/2022,PLAS,50,50,50,50,0
2/10/2022,PLIN,2050,2050,2050,2050,0
2/10/2022,PMJS,134,138,134,135,182200
2/10/2022,PMMP,448,450,440,444,12355000
2/10/2022,PNBN,810,820,785,800,13227600
2/10/2022,PNBS,75,79,74,76,101821600
2/10/2022,PNGO,1495,1495,1490,1490,500
2/10/2022,PNIN,715,720,695,705,3106200
2/10/2022,PNLF,176,179,175,176,32509400
2/10/2022,PNSE,620,725,620,690,17800
2/10/2022,POLA,127,138,127,133,521400
2/10/2022,POLA-W,57,57,51,55,10400
2/10/2022,POLI,1305,1395,1305,1395,800
2/10/2022,POLL,780,800,730,730,4359000
2/10/2022,POLU,515,540,505,515,70600
2/10/2022,POLY,103,105,100,101,16713800
2/10/2022,POOL,50,50,50,50,0
2/10/2022,PORT,670,670,625,630,21600
2/10/2022,POSA,50,50,50,50,0
2/10/2022,POWR,640,640,635,635,1517500
2/10/2022,PPGL,124,125,121,123,1976300
2/10/2022,PPGL-W,12,12,11,12,1425200
2/10/2022,PPRE,169,171,165,165,8143400
2/10/2022,PPRO,59,59,57,57,35776200
2/10/2022,PRAS,262,262,254,258,288000
2/10/2022,PRDA,8100,8200,7975,7975,747900
2/10/2022,PRIM,394,408,392,398,4833700
2/10/2022,PSAB,126,137,123,131,50950700
2/10/2022,PSDN,190,192,187,188,100100
2/10/2022,PSGO,208,210,204,206,13041700
2/10/2022,PSKT,117,119,106,109,581058500
2/10/2022,PSSI,400,404,400,404,1788000
2/10/2022,PTBA,2860,2890,2840,2840,9756900
2/10/2022,PTDU,169,177,161,163,20584600
2/10/2022,PTIS,322,334,322,334,900
2/10/2022,PTPP,1045,1050,995,1005,36783500
2/10/2022,PTPW,770,775,755,765,237800
2/10/2022,PTRO,2280,2320,2280,2320,673900
2/10/2022,PTSN,232,242,230,232,1866500
2/10/2022,PTSP,5875,6300,5525,5550,6400
2/10/2022,PUDP,326,340,320,324,2500
2/10/2022,PURA,50,51,50,50,37096400
2/10/2022,PURA-W,14,14,13,14,2717500
2/10/2022,PURE,70,70,65,66,2819700
2/10/2022,PURI,400,440,384,428,19900
2/10/2022,PWON,446,448,432,434,67294700
2/10/2022,PYFA,1005,1015,1005,1015,37000
2/10/2022,PZZA,655,670,650,650,54700
2/10/2022,R-ABFII,28600,28600,28600,28600,0
2/10/2022,R-LQ45X,1035,1050,1035,1040,56100
2/10/2022,RAJA,182,185,174,175,8072200
2/10/2022,RALS,625,635,625,630,1451700
2/10/2022,RANC,1585,1585,1530,1570,42100
2/10/2022,RBMS,84,85,81,81,32110100
2/10/2022,RDTX,6900,6900,6900,6900,0
2/10/2022,REAL,60,67,57,63,446686400
2/10/2022,RELI,460,464,428,464,3700
2/10/2022,RICY,81,82,79,80,6291800
2/10/2022,RIGS,330,340,330,336,1006800
2/10/2022,RIMO,50,50,50,50,0
2/10/2022,RISE,352,354,352,354,138700
2/10/2022,RMBA,306,306,306,306,0
2/10/2022,RMKE,408,424,394,394,53778000
2/10/2022,ROCK,660,660,660,660,100
2/10/2022,RODA,88,88,86,87,1490000
2/10/2022,RONY,800,800,800,800,0
2/10/2022,ROTI,1335,1345,1325,1335,112500
2/10/2022,RSGK,1615,1615,1580,1585,14000
2/10/2022,RUIS,200,200,199,199,74700
2/10/2022,RUNS,216,216,210,212,406900
2/10/2022,SAFE,210,220,208,216,1062500
2/10/2022,SAME,368,370,352,356,18750900
2/10/2022,SAMF,695,710,690,705,1893800
2/10/2022,SAPX,1285,1335,1285,1335,10500
2/10/2022,SATU,100,101,98,99,2060100
2/10/2022,SBAT,50,50,50,50,60500
2/10/2022,SBAT-W,9,9,8,8,1517600
2/10/2022,SBAT-W2,14,14,13,14,222300
2/10/2022,SBMA,352,368,342,360,23878100
2/10/2022,SBMA-W,75,85,75,80,285500
2/10/2022,SCCO,10800,10800,10800,10800,100
2/10/2022,SCMA,288,294,286,288,58657000
2/10/2022,SCNP,204,210,202,208,363800
2/10/2022,SCPI,29000,29000,29000,29000,0
2/10/2022,SDMU,69,75,69,72,6711900
2/10/2022,SDPC,132,140,132,135,776000
2/10/2022,SDRA,600,605,590,595,45000
2/10/2022,SEMA,282,284,270,270,26006700
2/10/2022,SEMA-W,46,51,44,47,10574600
2/10/2022,SFAN,1515,1515,1505,1505,162900
2/10/2022,SGER,1410,1425,1345,1360,4664500
2/10/2022,SGER-W,13,13,13,13,0
2/10/2022,SGRO,1985,2040,1985,2010,17900
2/10/2022,SHID,2600,2600,2600,2600,0
2/10/2022,SHIP,990,1030,985,995,307300
2/10/2022,SIDO,935,950,925,935,25677400
2/10/2022,SILO,8025,8050,7950,7950,126400
2/10/2022,SIMA,50,50,50,50,0
2/10/2022,SIMP,464,472,464,466,6584800
2/10/2022,SINI,248,254,236,254,4800
2/10/2022,SINI-W,167,167,137,154,1200
2/10/2022,SIPD,1630,1640,1620,1630,42600
2/10/2022,SKBM,360,364,358,358,9300
2/10/2022,SKLT,2430,2430,2430,2430,0
2/10/2022,SKRN,750,770,735,735,1576600
2/10/2022,SKYB,51,51,51,51,0
2/10/2022,SLIS,1310,1465,1230,1230,40248900
2/10/2022,SMAR,4440,4600,4440,4490,25700
2/10/2022,SMBR,590,600,580,585,1327000
2/10/2022,SMCB,1710,1710,1685,1685,1184600
2/10/2022,SMDM,175,178,170,175,248000
2/10/2022,SMDR,1145,1265,1140,1200,33453200
2/10/2022,SMGR,7350,7375,7225,7275,14347700
2/10/2022,SMKL,498,520,494,494,933600
2/10/2022,SMKL-W,87,89,84,85,1095800
2/10/2022,SMMA,12300,12300,12300,12300,0
2/10/2022,SMMT,354,360,328,328,28350900
2/10/2022,SMRA,720,740,705,710,31658900
2/10/2022,SMRU,50,50,50,50,0
2/10/2022,SMSM,1350,1350,1335,1340,101900
2/10/2022,SNLK,630,670,590,590,1205500
2/10/2022,SOCI,204,206,199,200,14326500
2/10/2022,SOFA,40,41,39,39,1955800
2/10/2022,SOHO,6500,6500,6500,6500,0
2/10/2022,SONA,4130,4130,4130,4130,0
2/10/2022,SOSS,384,416,384,410,24500
2/10/2022,SOSS-W,40,42,35,37,160300
2/10/2022,SOTS,274,280,270,280,4600
2/10/2022,SOTS-W,47,47,47,47,0
2/10/2022,SPMA,740,750,735,740,1018600
2/10/2022,SPTO,620,620,615,615,270900
2/10/2022,SQMI,54,71,53,71,507776100
2/10/2022,SRAJ,294,294,284,284,818600
2/10/2022,SRIL,146,146,146,146,0
2/10/2022,SRSN,62,64,62,63,33243000
2/10/2022,SRTG,2730,2740,2700,2720,5072200
2/10/2022,SSIA,392,398,388,392,11244700
2/10/2022,SSMS,970,985,970,970,8277800
2/10/2022,SSTM,765,810,765,810,13200
2/10/2022,STAR,164,164,156,158,336000
2/10/2022,STTP,7300,7525,7300,7525,2100
2/10/2022,SUGI,50,50,50,50,0
2/10/2022,SULI,50,50,50,50,74100
2/10/2022,SUPR,16600,16600,16550,16550,200
2/10/2022,SURE,1890,1895,1890,1895,200
2/10/2022,SWAT,144,151,144,149,8100800
2/10/2022,TALF,318,330,302,302,131000
2/10/2022,TAMA,53,54,52,53,4187200
2/10/2022,TAMA-W,14,15,14,15,1831400
2/10/2022,TAMU,50,50,50,50,3400
2/10/2022,TAPG,645,660,625,630,35500700
2/10/2022,TARA,50,50,50,50,17300
2/10/2022,TAXI,50,50,50,50,4300
2/10/2022,TAYS,200,204,196,196,763900
2/10/2022,TBIG,2850,2860,2750,2750,36713600
2/10/2022,TBLA,770,785,770,780,1611600
2/10/2022,TBMS,1730,1980,1655,1670,40900
2/10/2022,TCID,5400,5400,5400,5400,0
2/10/2022,TCPI,10600,10800,10525,10750,5712000
2/10/2022,TDPM,119,119,119,119,0
2/10/2022,TEBE,655,685,655,680,100400
2/10/2022,TECH,4700,4800,4610,4650,1304200
2/10/2022,TELE,121,121,121,121,0
2/10/2022,TFAS,4800,4850,4670,4670,69600
2/10/2022,TFCO,650,650,650,650,0
2/10/2022,TGKA,7000,7000,7000,7000,0
2/10/2022,TGRA,79,81,77,78,9753400
2/10/2022,TIFA,575,600,575,575,6600
2/10/2022,TINS,1390,1440,1390,1415,21775800
2/10/2022,TIRA,394,394,374,388,9100
2/10/2022,TIRT,105,114,105,105,5380300
2/10/2022,TKIM,7050,7125,7000,7050,1699600
2/10/2022,TLKM,4400,4470,4340,4460,233984700
2/10/2022,TMAS,2300,2370,2240,2290,3893300
2/10/2022,TMPO,148,150,138,139,3056900
2/10/2022,TNCA,1520,1645,1510,1550,13350900
2/10/2022,TOBA,1655,1655,1590,1590,16934400
2/10/2022,TOPS,50,50,50,50,576500
2/10/2022,TOTL,316,316,308,316,292000
2/10/2022,TOTO,210,210,204,206,108300
2/10/2022,TOWR,1020,1065,1020,1050,71972400
2/10/2022,TOYS,206,224,200,210,190934800
2/10/2022,TOYS-W,23,24,22,23,22580500
2/10/2022,TPIA,10600,10775,10575,10775,7664000
2/10/2022,TPMA,344,376,344,368,15701900
2/10/2022,TRAM,50,50,50,50,0
2/10/2022,TRIL,50,50,50,50,0
2/10/2022,TRIM,340,344,322,328,11154600
2/10/2022,TRIN,396,406,374,404,28889000
2/10/2022,TRIN-W,30,32,29,31,1883300
2/10/2022,TRIO,426,426,426,426,0
2/10/2022,TRIS,206,206,198,198,571800
2/10/2022,TRIS-W,6,6,6,6,0
2/10/2022,TRJA,510,540,476,476,41411800
2/10/2022,TRST,555,555,555,555,800
2/10/2022,TRUE,115,115,107,107,54874000
2/10/2022,TRUE-W,18,18,17,18,9625500
2/10/2022,TRUK,206,210,200,204,41133200
2/10/2022,TRUS,408,424,396,408,4400
2/10/2022,TSPC,1520,1530,1490,1525,645600
2/10/2022,TUGU,1595,1600,1575,1580,84300
2/10/2022,TURI,1315,1315,1315,1315,0
2/10/2022,UANG,730,750,730,750,200
2/10/2022,UCID,1455,1465,1445,1460,22600
2/10/2022,UFOE,1000,1080,970,1015,241000
2/10/2022,ULTJ,1605,1605,1595,1600,441200
2/10/2022,UNIC,12950,12950,12225,12950,8900
2/10/2022,UNIQ,87,87,85,87,145400
2/10/2022,UNIT,316,316,316,316,0
2/10/2022,UNSP,117,121,115,120,319100
2/10/2022,UNTR,22700,23200,22650,22800,3513700
2/10/2022,UNVR,3960,4040,3960,3980,21580200
2/10/2022,URBN,700,810,620,620,1715300
2/10/2022,UVCR,330,354,306,310,20079600
2/10/2022,UVCR-W,69,77,65,66,5046300
2/10/2022,VICI,505,510,505,510,3652000
2/10/2022,VICO,178,182,172,179,356300
2/10/2022,VINS,172,172,165,171,138600
2/10/2022,VIVA,50,50,50,50,272900
2/10/2022,VOKS,182,184,179,181,164900
2/10/2022,VRNA,132,132,128,129,558900
2/10/2022,WAPO,133,146,133,141,981100
2/10/2022,WEGE,178,180,177,178,7404300
2/10/2022,WEHA,189,202,189,190,33978700
2/10/2022,WGSH,172,178,166,173,7241300
2/10/2022,WICO,410,410,410,410,0
2/10/2022,WIFI,585,600,575,585,5101800
2/10/2022,WIFI-W,199,199,193,198,11100
2/10/2022,WIIM,408,422,406,422,5230300
2/10/2022,WIKA,1135,1145,1095,1105,20198800
2/10/2022,WINS,196,198,193,193,13172000
2/10/2022,WMPP,125,127,123,125,21496200
2/10/2022,WMUU,139,141,136,137,6081700
2/10/2022,WOMF,240,242,236,236,133400
2/10/2022,WOOD,770,780,760,780,5261900
2/10/2022,WOWS,52,52,51,51,12394600
2/10/2022,WSBP,95,95,95,95,0
2/10/2022,WSKT,675,680,655,655,43293000
2/10/2022,WTON,230,234,230,230,3114300
2/10/2022,XAFA,1000,1000,1000,1000,0
2/10/2022,XAQA,948,948,948,948,0
2/10/2022,XBES,1011,1011,996,996,300
2/10/2022,XBID,545,545,545,545,100
2/10/2022,XBIG,518,518,518,518,0
2/10/2022,XBIN,520,520,520,520,1000
2/10/2022,XBLQ,479,479,479,479,0
2/10/2022,XBNI,1087,1087,1087,1087,100
2/10/2022,XBSK,399,399,399,399,0
2/10/2022,XCID,83,84,83,83,6000
2/10/2022,XCIS,105,105,105,105,0
2/10/2022,XCLQ,100,102,100,102,1600
2/10/2022,XDIF,478,478,478,478,100
2/10/2022,XDSG,1034,1034,1034,1034,0
2/10/2022,XFES,132,132,132,132,0
2/10/2022,XIFE,105,105,105,105,2000
2/10/2022,XIHD,516,521,516,521,15700
2/10/2022,XIIC,976,976,976,976,100
2/10/2022,XIID,533,533,533,533,100
2/10/2022,XIIF,540,540,540,540,0
2/10/2022,XIIT,550,554,549,549,692200
2/10/2022,XIJI,605,614,605,611,104900
2/10/2022,XILV,119,119,118,118,400
2/10/2022,XIML,268,268,268,268,5000
2/10/2022,XIPI,190,190,190,190,800
2/10/2022,XISB,398,398,398,398,0
2/10/2022,XISC,685,685,685,685,0
2/10/2022,XISI,330,334,330,334,10300
2/10/2022,XISR,396,405,396,397,15600
2/10/2022,XKIV,465,465,465,465,0
2/10/2022,XKMS,1133,1133,1133,1133,0
2/10/2022,XMIG,190,190,190,190,100
2/10/2022,XMJM,1001,1001,1001,1001,0
2/10/2022,XMTS,450,450,450,450,0
2/10/2022,XNVE,145,146,144,146,50200
2/10/2022,XPCR,899,899,899,899,0
2/10/2022,XPDV,498,498,498,498,0
2/10/2022,XPES,390,390,390,390,0
2/10/2022,XPFT,557,557,557,557,100
2/10/2022,XPID,525,525,525,525,30200
2/10/2022,XPLC,457,457,457,457,0
2/10/2022,XPLQ,476,476,476,476,0
2/10/2022,XPMI,990,990,990,990,0
2/10/2022,XPSG,386,386,386,386,0
2/10/2022,XPTD,505,505,505,505,0
2/10/2022,XSBC,105,105,105,105,100
2/10/2022,XSMU,145,145,145,145,0
2/10/2022,XSPI,750,750,750,750,0
2/10/2022,XSRI,186,186,186,186,200
2/10/2022,XSSI,77,77,77,77,2000
2/10/2022,XSSK,671,671,671,671,0
2/10/2022,YELO,162,166,160,161,147391800
2/10/2022,YPAS,550,600,550,575,2700
2/10/2022,YULE,2070,2070,1910,2010,19600
2/10/2022,ZBRA,765,790,750,780,1626600
2/10/2022,ZINC,98,99,94,95,543722000
2/10/2022,ZONE,426,436,426,436,66500
2/10/2022,ZYRX,515,515,505,510,564500
2/10/2022,ZYRX-W,63,68,63,63,1482500
