<date>,<ticker>,<open>,<high>,<low>,<close>,<volume>
4/27/2022,IHSG,7211.711,7226.019,7175.067,7196.764,225243499
4/27/2022,AALI,12800,12950,12625,12875,3096900
4/27/2022,ABBA,204,206,197,200,9721200
4/27/2022,ABDA,6275,6275,6275,6275,0
4/27/2022,ABMM,2360,2470,2360,2430,3057100
4/27/2022,ACES,1040,1045,1020,1030,12938600
4/27/2022,ACST,172,173,171,172,3370600
4/27/2022,ADCP,78,78,76,78,16851600
4/27/2022,ADES,4190,4250,4080,4080,467000
4/27/2022,ADHI,715,725,705,715,5446900
4/27/2022,ADMF,8300,8325,8225,8300,161400
4/27/2022,ADMG,177,181,177,179,314900
4/27/2022,ADMR,2450,2740,2450,2670,244074000
4/27/2022,ADRO,3130,3230,3110,3170,94218600
4/27/2022,AGAR,324,360,324,348,13300
4/27/2022,AGII,2290,2440,2290,2320,13176300
4/27/2022,AGRO,990,1040,980,1020,20813100
4/27/2022,AGRS,122,128,121,124,12686500
4/27/2022,AHAP,63,65,62,63,3606800
4/27/2022,AIMS,258,258,256,256,12800
4/27/2022,AISA,173,174,171,172,3637600
4/27/2022,AKKU,50,50,50,50,176100
4/27/2022,AKPI,920,935,900,935,70100
4/27/2022,AKRA,1030,1030,990,995,39950700
4/27/2022,AKSI,302,312,288,290,9145600
4/27/2022,ALDO,940,940,875,885,4965700
4/27/2022,ALDO-W,8,187,8,170,18700
4/27/2022,ALKA,296,302,296,302,8600
4/27/2022,ALMI,288,288,268,270,3500
4/27/2022,ALTO,212,212,202,202,500
4/27/2022,AMAG,390,390,380,380,59000
4/27/2022,AMAN,525,525,525,525,339800
4/27/2022,AMAR,382,384,370,376,8465000
4/27/2022,AMFG,5900,6475,5800,6000,48100
4/27/2022,AMIN,149,149,141,146,97900
4/27/2022,AMOR,1540,1650,1540,1650,37700
4/27/2022,AMRT,1685,1715,1675,1705,64743400
4/27/2022,ANDI,50,50,50,50,14400
4/27/2022,ANJT,980,995,970,980,1928600
4/27/2022,ANTM,2500,2610,2500,2560,161589400
4/27/2022,APEX,476,476,464,470,145400
4/27/2022,APIC,1090,1100,1080,1085,16363000
4/27/2022,APII,246,266,226,226,21559900
4/27/2022,APLI,197,197,197,197,100
4/27/2022,APLN,114,114,111,112,3702500
4/27/2022,ARCI,410,412,394,402,29541300
4/27/2022,ARGO,1400,1400,1400,1400,100
4/27/2022,ARII,240,242,240,240,3000
4/27/2022,ARKA,50,50,50,50,7900
4/27/2022,ARMY,50,50,50,50,0
4/27/2022,ARNA,955,1040,935,990,10422600
4/27/2022,ARTA,1800,1800,1760,1760,3200
4/27/2022,ARTI,50,50,50,50,0
4/27/2022,ARTO,12225,12400,11750,11850,13700400
4/27/2022,ASBI,292,302,292,302,21200
4/27/2022,ASDM,990,995,985,995,5700
4/27/2022,ASGR,990,1000,935,965,2685200
4/27/2022,ASII,7175,7200,7050,7125,34988500
4/27/2022,ASJT,127,128,127,128,23500
4/27/2022,ASLC,226,234,218,220,64116200
4/27/2022,ASMI,143,164,143,156,260000
4/27/2022,ASPI,72,76,70,73,1562400
4/27/2022,ASPI-W,15,16,14,16,945500
4/27/2022,ASRI,160,161,157,158,7220300
4/27/2022,ASRM,1560,1600,1555,1600,700
4/27/2022,ASSA,2530,2560,2430,2450,13425800
4/27/2022,ATAP,117,119,113,113,1100800
4/27/2022,ATIC,464,470,464,466,40400
4/27/2022,AUTO,1140,1145,1120,1130,3158000
4/27/2022,AVIA,830,835,775,790,68547700
4/27/2022,AYLS,290,296,270,270,15855900
4/27/2022,BABP,150,154,149,150,55444800
4/27/2022,BABP-W3,117,117,113,113,1600
4/27/2022,BABP-W4,141,149,101,145,1100
4/27/2022,BACA,162,171,161,167,12067700
4/27/2022,BACA-W2,30,30,30,30,200
4/27/2022,BAJA,250,264,250,250,2636500
4/27/2022,BALI,790,805,770,785,483300
4/27/2022,BANK,2010,2030,1990,2010,17249700
4/27/2022,BANK-W,1710,1710,1710,1710,1000
4/27/2022,BAPA,109,110,106,107,6640000
4/27/2022,BAPI,50,50,50,50,3200
4/27/2022,BAPI-W,7,7,6,7,240000
4/27/2022,BATA,470,470,460,468,21100
4/27/2022,BAUT,55,56,54,55,15924700
4/27/2022,BAUT-W,12,13,11,11,28083200
4/27/2022,BAYU,1055,1145,1055,1145,1100
4/27/2022,BBCA,8075,8200,8075,8200,89463100
4/27/2022,BBHI,6400,6525,6250,6350,4771600
4/27/2022,BBKP,212,216,208,216,60716800
4/27/2022,BBLD,408,408,400,400,300
4/27/2022,BBMD,2070,2170,2070,2110,300
4/27/2022,BBNI,9600,9625,9400,9450,51713300
4/27/2022,BBRI,4900,4930,4850,4850,191955100
4/27/2022,BBRM,50,50,50,50,14400
4/27/2022,BBSI,5100,5300,4900,4990,23100
4/27/2022,BBSS,50,51,50,50,1091200
4/27/2022,BBTN,1835,1860,1810,1835,38522500
4/27/2022,BBYB,1730,1730,1610,1630,84715000
4/27/2022,BCAP,208,216,200,204,54748900
4/27/2022,BCIC,140,144,140,142,462400
4/27/2022,BCIP,59,59,55,56,6017600
4/27/2022,BDMN,2420,2470,2400,2470,8577900
4/27/2022,BEBS,4360,4430,4160,4370,70533900
4/27/2022,BEEF,52,52,50,51,1873300
4/27/2022,BEKS,50,50,50,50,710700
4/27/2022,BELL,167,204,156,171,354851700
4/27/2022,BESS,530,530,530,530,287400
4/27/2022,BESS-W,374,488,374,388,1600
4/27/2022,BEST,107,108,105,107,10281900
4/27/2022,BFIN,1320,1325,1280,1295,34473600
4/27/2022,BGTG,158,166,158,163,21276700
4/27/2022,BHAT,985,995,985,990,1142000
4/27/2022,BHIT,55,57,54,55,225390500
4/27/2022,BIKA,240,244,226,232,2734300
4/27/2022,BIKE,199,210,193,202,24205900
4/27/2022,BIKE-W,23,24,22,22,9310000
4/27/2022,BIMA,268,294,252,254,46900500
4/27/2022,BINA,2980,3450,2980,3400,7435000
4/27/2022,BINO,137,137,132,134,5113800
4/27/2022,BINO-W,25,25,24,25,2013100
4/27/2022,BIPI,86,90,83,88,1110169300
4/27/2022,BIPI-W,13,14,12,13,18251300
4/27/2022,BIPP,51,52,50,51,13600
4/27/2022,BIRD,1260,1305,1225,1280,5639500
4/27/2022,BISI,1415,1435,1400,1405,422100
4/27/2022,BJBR,1465,1470,1460,1460,4617300
4/27/2022,BJTM,790,795,780,785,9814900
4/27/2022,BKDP,88,90,87,90,1431400
4/27/2022,BKSL,52,52,51,52,17417000
4/27/2022,BKSW,137,142,137,142,2654600
4/27/2022,BLTA,50,50,50,50,7900
4/27/2022,BLTZ,2800,3070,2800,2810,400
4/27/2022,BLUE,274,276,274,276,31000
4/27/2022,BMAS,1305,1305,1280,1300,19200
4/27/2022,BMHS,695,700,665,700,18920500
4/27/2022,BMRI,8275,8425,8225,8225,59136400
4/27/2022,BMSR,234,240,222,226,211000
4/27/2022,BMTR,268,272,264,266,18612700
4/27/2022,BNBA,2210,2260,2200,2250,1177300
4/27/2022,BNBR,50,52,50,50,253758500
4/27/2022,BNGA,1050,1055,1040,1040,8994300
4/27/2022,BNII,282,282,280,282,1148900
4/27/2022,BNLI,1200,1200,1190,1195,89900
4/27/2022,BOBA,202,204,195,195,452800
4/27/2022,BOGA,1350,1370,1350,1350,103737300
4/27/2022,BOLA,386,390,372,384,5438300
4/27/2022,BOLT,1010,1100,1010,1080,13200
4/27/2022,BOSS,67,75,67,70,47065100
4/27/2022,BPFI,650,715,650,695,152300
4/27/2022,BPII,7200,7200,7200,7200,0
4/27/2022,BPTR,234,254,228,252,1260800
4/27/2022,BRAM,10000,11975,9775,11675,2500
4/27/2022,BRIS,1530,1545,1520,1530,5100600
4/27/2022,BRMS,214,228,210,220,800264900
4/27/2022,BRNA,1000,1015,1000,1015,1500
4/27/2022,BRPT,870,875,855,865,25460800
4/27/2022,BSDE,960,965,950,955,18029300
4/27/2022,BSIM,635,640,615,630,39800
4/27/2022,BSML,1475,1810,1475,1805,27583300
4/27/2022,BSSR,4320,4520,4320,4520,3529200
4/27/2022,BSWD,1750,1750,1750,1750,0
4/27/2022,BTEK,50,50,50,50,0
4/27/2022,BTEL,50,50,50,50,0
4/27/2022,BTON,350,400,350,398,147700
4/27/2022,BTPN,2580,2610,2580,2590,22000
4/27/2022,BTPS,3220,3360,3220,3360,5535800
4/27/2022,BUDI,212,222,204,214,18539000
4/27/2022,BUKA,358,372,356,372,339629700
4/27/2022,BUKK,1110,1110,1110,1110,3300
4/27/2022,BULL,157,160,155,160,132977900
4/27/2022,BULL-W2,35,35,30,30,1357600
4/27/2022,BUMI,54,58,53,56,1587269000
4/27/2022,BUVA,60,60,60,60,0
4/27/2022,BVIC,154,161,152,160,31897600
4/27/2022,BWPT,77,80,77,78,35540000
4/27/2022,BYAN,42000,42975,41950,42000,22200
4/27/2022,CAKK,91,91,88,88,2758100
4/27/2022,CAMP,272,276,270,274,798300
4/27/2022,CANI,139,139,138,139,97300
4/27/2022,CARE,525,525,505,515,410909900
4/27/2022,CARS,50,50,50,50,200
4/27/2022,CASA,565,565,555,560,1082800
4/27/2022,CASH,166,166,151,155,2623800
4/27/2022,CASS,364,364,340,354,24600
4/27/2022,CBMF,58,59,56,58,5287100
4/27/2022,CCSI,735,750,705,735,464500
4/27/2022,CEKA,2050,2060,1960,2040,232400
4/27/2022,CENT,204,210,202,208,9869300
4/27/2022,CFIN,242,242,240,240,3032900
4/27/2022,CINT,230,234,230,230,3600
4/27/2022,CITA,2960,3050,2960,3000,7300
4/27/2022,CITY,153,159,150,155,258400
4/27/2022,CLAY,755,800,755,755,2400
4/27/2022,CLEO,440,440,436,440,7919200
4/27/2022,CLPI,1055,1060,1045,1055,24100
4/27/2022,CMNP,2240,2250,2230,2230,25900
4/27/2022,CMNP-W,1190,1190,1190,1190,0
4/27/2022,CMNT,1085,1090,1075,1085,50406700
4/27/2022,CMPP,610,615,590,590,4354100
4/27/2022,CMRY,4160,4190,3940,4020,2560600
4/27/2022,CNKO,50,50,50,50,4600
4/27/2022,CNTB,250,250,250,250,0
4/27/2022,CNTX,260,260,232,232,13300
4/27/2022,COCO,236,236,230,234,311600
4/27/2022,COWL,50,50,50,50,0
4/27/2022,CPIN,5050,5075,4980,5050,11853100
4/27/2022,CPRI,50,50,50,50,0
4/27/2022,CPRO,69,73,66,71,173236200
4/27/2022,CSAP,575,575,540,575,78900
4/27/2022,CSIS,86,90,86,87,2443200
4/27/2022,CSMI,4570,4570,4570,4570,200
4/27/2022,CSRA,725,745,700,730,1442000
4/27/2022,CTBN,2590,2900,2430,2510,9400
4/27/2022,CTRA,1060,1065,1020,1030,23110700
4/27/2022,CTTH,50,50,50,50,1600
4/27/2022,DADA,50,50,50,50,17000
4/27/2022,DADA-W,10,10,9,9,5521200
4/27/2022,DART,226,228,218,226,10900
4/27/2022,DAYA,256,256,222,228,49800
4/27/2022,DCII,39300,39400,39000,39000,3800
4/27/2022,DEAL,50,50,50,50,12500
4/27/2022,DEFI,1455,1455,1455,1455,0
4/27/2022,DEPO,505,505,500,500,416000
4/27/2022,DEWA,51,57,50,56,299300300
4/27/2022,DFAM,610,620,570,570,4544500
4/27/2022,DGIK,157,157,147,151,45399300
4/27/2022,DGNS,352,382,352,360,964600
4/27/2022,DIGI,64,64,62,64,34558800
4/27/2022,DILD,146,146,143,145,1295900
4/27/2022,DIVA,1000,1020,930,935,555800
4/27/2022,DKFT,124,128,122,126,16946800
4/27/2022,DLTA,3870,3870,3830,3850,30400
4/27/2022,DMAS,171,172,170,171,34501700
4/27/2022,DMMX,1880,1910,1840,1890,3575700
4/27/2022,DMND,805,810,800,810,2600
4/27/2022,DNAR,222,222,212,216,1658500
4/27/2022,DNET,3190,3210,3180,3200,65500
4/27/2022,DOID,505,545,498,545,131136200
4/27/2022,DPNS,376,398,374,386,13100
4/27/2022,DPUM,50,50,50,50,0
4/27/2022,DRMA,620,630,600,620,15335700
4/27/2022,DSFI,91,95,91,92,2616400
4/27/2022,DSNG,620,635,615,620,16985700
4/27/2022,DSSA,30000,30000,30000,30000,600
4/27/2022,DUCK,176,176,176,176,0
4/27/2022,DUTI,3920,4100,3900,4100,2100
4/27/2022,DVLA,2470,2560,2470,2550,49400
4/27/2022,DWGL,210,210,196,210,639400
4/27/2022,DWGL-W,21,22,20,21,1218800
4/27/2022,DYAN,75,76,73,73,1345800
4/27/2022,EAST,90,93,90,92,1721400
4/27/2022,EAST-W,9,9,8,8,3361800
4/27/2022,ECII,750,750,750,750,1000
4/27/2022,EDGE,20350,20350,20300,20300,300
4/27/2022,EKAD,1430,1430,1425,1430,39300
4/27/2022,ELSA,286,290,284,288,21563700
4/27/2022,ELTY,50,50,50,50,102900
4/27/2022,EMDE,155,155,152,154,900
4/27/2022,EMTK,2930,3070,2910,3000,78596100
4/27/2022,ENAK,945,1010,935,995,6994400
4/27/2022,ENRG,178,194,178,191,118464700
4/27/2022,ENVY,50,50,50,50,0
4/27/2022,ENZO,50,55,50,52,59878600
4/27/2022,ENZO-W,16,18,16,17,10167100
4/27/2022,EPAC,50,50,50,50,15900
4/27/2022,EPMT,2790,2890,2790,2830,79100
4/27/2022,ERAA,530,530,520,520,35056000
4/27/2022,ERTX,184,185,177,184,34000
4/27/2022,ESIP,114,121,110,116,78714500
4/27/2022,ESIP-W,24,24,22,24,5647700
4/27/2022,ESSA,1205,1305,1170,1290,93596900
4/27/2022,ESTA,424,434,402,408,86800
4/27/2022,ESTI,111,121,108,110,16424600
4/27/2022,ETWA,62,62,62,62,0
4/27/2022,EXCL,3160,3220,3130,3180,23364600
4/27/2022,FAPA,3510,3530,3510,3530,46500
4/27/2022,FAST,950,950,945,950,301100
4/27/2022,FASW,6050,6225,6050,6225,1300
4/27/2022,FILM,1185,1185,1125,1160,14002100
4/27/2022,FIMP,47,47,45,47,50900
4/27/2022,FIRE,230,232,224,230,906200
4/27/2022,FISH,6800,6875,6800,6850,600
4/27/2022,FITT,270,272,268,268,334400
4/27/2022,FITT-W,52,52,52,52,0
4/27/2022,FLMC,93,93,85,87,330800
4/27/2022,FMII,350,352,332,340,3100
4/27/2022,FOOD,112,112,107,108,1395500
4/27/2022,FORU,300,306,292,294,757100
4/27/2022,FORZ,50,50,50,50,0
4/27/2022,FPNI,388,408,362,386,42286500
4/27/2022,FREN,85,85,82,84,473650500
4/27/2022,FREN-W2,20,21,19,19,138365000
4/27/2022,FUJI,655,730,655,730,9900
4/27/2022,GAMA,50,51,50,50,424700
4/27/2022,GDST,91,93,91,92,503700
4/27/2022,GDYR,1325,1335,1300,1335,3600
4/27/2022,GEMA,326,344,322,322,26200
4/27/2022,GEMS,5875,6000,5800,5900,55700
4/27/2022,GGRM,31000,31650,30900,31375,1113900
4/27/2022,GGRP,695,695,650,650,677000
4/27/2022,GHON,2180,2210,2180,2210,4800
4/27/2022,GIAA,222,222,222,222,0
4/27/2022,GJTL,630,640,625,625,2820400
4/27/2022,GLOB,158,158,145,150,14100
4/27/2022,GLVA,254,272,244,272,78200
4/27/2022,GMFI,85,90,80,82,26059800
4/27/2022,GMTD,15600,15600,15600,15600,0
4/27/2022,GOLD,362,364,344,346,5700
4/27/2022,GOLL,50,50,50,50,0
4/27/2022,GOOD,560,570,555,565,8057400
4/27/2022,GOTO,300,310,290,290,2077577300
4/27/2022,GPRA,78,82,78,78,10255600
4/27/2022,GPSO,105,107,102,104,1839800
4/27/2022,GPSO-W,16,16,14,15,2808400
4/27/2022,GSMF,91,93,90,91,915300
4/27/2022,GTBO,75,75,75,75,0
4/27/2022,GTSI,60,61,57,59,7439900
4/27/2022,GWSA,137,142,137,138,171600
4/27/2022,GZCO,202,210,190,194,340253500
4/27/2022,HADE,50,50,50,50,100
4/27/2022,HAIS,172,180,171,175,11753200
4/27/2022,HDFA,168,168,161,164,119600
4/27/2022,HDIT,188,194,188,194,27700
4/27/2022,HDTX,120,120,120,120,0
4/27/2022,HEAL,1390,1400,1365,1395,20030900
4/27/2022,HELI,286,286,286,286,6400
4/27/2022,HERO,1720,1725,1720,1725,3300
4/27/2022,HEXA,5975,6100,5975,6050,419100
4/27/2022,HITS,1175,1175,1175,1175,0
4/27/2022,HKMU,50,50,50,50,14000
4/27/2022,HMSP,945,975,940,970,41115200
4/27/2022,HOKI,154,155,153,153,1465800
4/27/2022,HOME,50,50,50,50,0
4/27/2022,HOMI,1335,1340,1320,1320,819800
4/27/2022,HOPE,173,174,173,173,3315600
4/27/2022,HOPE-W,16,17,16,16,9022900
4/27/2022,HOTL,50,50,50,50,100
4/27/2022,HRME,53,54,52,53,696500
4/27/2022,HRTA,210,214,210,210,3299300
4/27/2022,HRUM,11100,11625,10600,11500,25374500
4/27/2022,IATA,220,224,206,212,201770300
4/27/2022,IBFN,97,97,97,97,0
4/27/2022,IBOS,113,116,112,115,40655300
4/27/2022,IBOS-W,17,18,14,15,68913200
4/27/2022,IBST,6525,6525,6525,6525,100
4/27/2022,ICBP,7575,7600,7450,7600,7890200
4/27/2022,ICON,76,81,74,76,26482200
4/27/2022,IDEA,65,67,62,63,1074500
4/27/2022,IDPR,164,168,163,167,44200
4/27/2022,IFII,154,155,151,151,1224700
4/27/2022,IFSH,1095,1140,1000,1025,70100
4/27/2022,IGAR,424,430,422,430,171700
4/27/2022,IIKP,50,50,50,50,0
4/27/2022,IKAI,50,50,50,50,300
4/27/2022,IKAN,71,80,71,73,26296700
4/27/2022,IKBI,248,248,232,240,26300
4/27/2022,IMAS,735,750,730,750,615200
4/27/2022,IMJS,386,386,374,376,750200
4/27/2022,IMPC,3490,3590,3480,3530,5421900
4/27/2022,INAF,1250,1265,1250,1260,34100
4/27/2022,INAI,288,296,288,296,5100
4/27/2022,INCF,51,52,50,51,7811700
4/27/2022,INCI,545,545,535,540,1700
4/27/2022,INCO,6900,7400,6800,7175,72764700
4/27/2022,INDF,6300,6400,6250,6350,10374300
4/27/2022,INDO,109,123,105,111,65454300
4/27/2022,INDO-W,21,23,21,22,46224800
4/27/2022,INDR,5800,5950,5625,5950,40400
4/27/2022,INDS,2200,2220,2160,2160,17400
4/27/2022,INDX,242,272,242,252,3626100
4/27/2022,INDY,2500,2650,2480,2650,21461500
4/27/2022,INKP,7400,7525,7350,7425,4052300
4/27/2022,INOV,208,222,206,216,3972100
4/27/2022,INPC,92,96,90,94,4193900
4/27/2022,INPP,436,464,436,462,4200
4/27/2022,INPS,1075,1270,1075,1270,700
4/27/2022,INRU,645,685,645,675,39600
4/27/2022,INTA,68,68,64,66,690100
4/27/2022,INTD,310,354,310,354,4334300
4/27/2022,INTP,10475,10550,10325,10425,1659100
4/27/2022,IPAC,112,125,112,119,15700
4/27/2022,IPCC,550,595,545,585,9780300
4/27/2022,IPCM,290,300,286,290,6640700
4/27/2022,IPOL,159,160,159,160,125300
4/27/2022,IPPE,292,302,292,296,14182500
4/27/2022,IPTV,100,107,100,103,59059600
4/27/2022,IRRA,1420,1460,1390,1460,5910100
4/27/2022,ISAT,7075,7300,7000,7125,5338900
4/27/2022,ISSP,308,318,306,316,9865800
4/27/2022,ITIC,280,294,278,282,1842500
4/27/2022,ITMA,530,540,525,530,131300
4/27/2022,ITMA-W,86,86,86,86,0
4/27/2022,ITMG,26300,27225,26300,27100,3240100
4/27/2022,JAST,139,143,138,140,5808400
4/27/2022,JAWA,151,166,151,165,1673100
4/27/2022,JAYA,170,200,168,185,208740400
4/27/2022,JAYA-W,36,44,34,37,63213700
4/27/2022,JECC,5000,5000,5000,5000,0
4/27/2022,JGLE,50,50,50,50,0
4/27/2022,JIHD,308,354,308,326,31000
4/27/2022,JKON,109,110,102,102,104739100
4/27/2022,JKSW,60,60,60,60,0
4/27/2022,JMAS,119,119,115,118,35500
4/27/2022,JPFA,1460,1480,1435,1460,27496500
4/27/2022,JRPT,494,494,490,494,435500
4/27/2022,JSKY,72,73,70,72,6785100
4/27/2022,JSMR,4020,4050,3920,4000,8073600
4/27/2022,JSPT,740,740,740,740,0
4/27/2022,JTPE,1165,1180,1155,1180,123100
4/27/2022,KAEF,1405,1435,1385,1435,1300300
4/27/2022,KARW,137,177,135,177,81499500
4/27/2022,KAYU,50,50,50,50,9100
4/27/2022,KBAG,50,50,50,50,246600
4/27/2022,KBAG-W,9,9,8,9,5420000
4/27/2022,KBLI,280,280,276,276,397200
4/27/2022,KBLM,202,204,198,198,1000
4/27/2022,KBLV,230,234,220,222,1668200
4/27/2022,KBRI,50,50,50,50,0
4/27/2022,KDSI,995,1000,995,1000,96300
4/27/2022,KEEN,458,460,452,458,887400
4/27/2022,KEJU,1250,1280,1245,1270,51700
4/27/2022,KIAS,50,50,50,50,300
4/27/2022,KICI,316,316,290,290,2986300
4/27/2022,KIJA,169,169,166,169,1709100
4/27/2022,KINO,4930,4930,4600,4800,1170300
4/27/2022,KIOS,358,360,342,344,72062500
4/27/2022,KJEN,132,183,132,132,4337800
4/27/2022,KKGI,464,480,462,468,4636600
4/27/2022,KLBF,1620,1630,1600,1615,30454300
4/27/2022,KMDS,430,452,420,442,39700
4/27/2022,KMTR,292,292,278,292,28500
4/27/2022,KOBX,350,356,338,352,4204500
4/27/2022,KOIN,156,160,156,157,125200
4/27/2022,KONI,1840,1840,1785,1790,8700
4/27/2022,KOPI,560,560,535,535,200
4/27/2022,KOTA,50,50,50,50,500100
4/27/2022,KOTA-W,8,8,8,8,100
4/27/2022,KPAL,50,50,50,50,0
4/27/2022,KPAS,62,62,62,62,0
4/27/2022,KPIG,87,91,86,88,35462800
4/27/2022,KRAH,436,436,436,436,0
4/27/2022,KRAS,360,368,356,366,6589600
4/27/2022,KREN,50,51,50,50,22081900
4/27/2022,KUAS,74,74,72,74,4774300
4/27/2022,KUAS-W,17,18,17,18,2297900
4/27/2022,LABA,106,112,105,109,1946400
4/27/2022,LABA-W,21,22,21,22,406300
4/27/2022,LAND,113,119,105,105,152276400
4/27/2022,LAPD,50,50,50,50,0
4/27/2022,LCGP,114,114,114,114,0
4/27/2022,LCKM,316,318,284,306,9100
4/27/2022,LEAD,51,52,50,51,2982600
4/27/2022,LFLO,89,92,86,88,31900
4/27/2022,LIFE,5900,5900,5900,5900,4000
4/27/2022,LINK,4480,4490,4410,4430,3348000
4/27/2022,LION,322,326,314,314,46200
4/27/2022,LMAS,50,51,50,50,1185400
4/27/2022,LMPI,176,176,173,176,35600
4/27/2022,LMSH,680,755,680,710,4300
4/27/2022,LPCK,1150,1150,1100,1100,9570000
4/27/2022,LPGI,9875,9875,9875,9875,0
4/27/2022,LPIN,438,442,436,438,621600
4/27/2022,LPKR,120,122,119,120,67217500
4/27/2022,LPLI,268,272,260,272,149400
4/27/2022,LPPF,5650,5800,5600,5800,4419000
4/27/2022,LPPS,101,101,100,100,38700
4/27/2022,LRNA,195,200,195,195,7000
4/27/2022,LSIP,1390,1415,1375,1405,22828400
4/27/2022,LTLS,800,965,795,955,9202200
4/27/2022,LUCK,228,244,226,226,8658400
4/27/2022,LUCY,101,107,98,105,26506300
4/27/2022,LUCY-W,50,55,50,54,1059800
4/27/2022,MABA,50,50,50,50,0
4/27/2022,MAGP,50,50,50,50,0
4/27/2022,MAIN,645,650,635,640,1450600
4/27/2022,MAMI,50,50,50,50,0
4/27/2022,MAMI-W,6,6,6,6,0
4/27/2022,MAMIP,600,600,600,600,0
4/27/2022,MAPA,2880,2960,2880,2940,160000
4/27/2022,MAPB,1525,1530,1525,1530,29700
4/27/2022,MAPI,915,930,900,920,9090800
4/27/2022,MARI,248,256,240,246,10426700
4/27/2022,MARK,1180,1215,1150,1170,36441200
4/27/2022,MASA,3830,3860,3700,3830,8000
4/27/2022,MASB,3550,3550,3520,3520,10500
4/27/2022,MASB-W,276,280,250,280,56200
4/27/2022,MAYA,585,595,585,585,178800
4/27/2022,MBAP,4750,4800,4700,4800,113200
4/27/2022,MBSS,1185,1250,1170,1250,1155900
4/27/2022,MBTO,115,122,115,118,70700
4/27/2022,MCAS,13000,13075,12875,13000,241100
4/27/2022,MCOL,6200,6400,6125,6250,651700
4/27/2022,MCOR,93,95,93,93,4745000
4/27/2022,MDIA,51,51,50,51,21630800
4/27/2022,MDKA,5050,5375,5000,5300,49009400
4/27/2022,MDKI,200,200,198,200,463900
4/27/2022,MDLN,83,83,80,81,5016900
4/27/2022,MDRN,50,50,50,50,400
4/27/2022,MEDC,535,540,525,535,41167900
4/27/2022,MEGA,6150,6250,6150,6200,25400
4/27/2022,MERK,3790,3810,3740,3780,26700
4/27/2022,META,113,115,112,114,655300
4/27/2022,MFIN,1225,1245,1225,1225,13500
4/27/2022,MFMI,895,895,860,895,3900
4/27/2022,MGLV,162,174,162,165,5800
4/27/2022,MGLV-W,10,10,9,10,1703700
4/27/2022,MGNA,50,50,50,50,0
4/27/2022,MGRO,875,895,870,895,8677200
4/27/2022,MICE,364,364,356,358,122000
4/27/2022,MIDI,2110,2180,2110,2170,1700
4/27/2022,MIKA,2570,2610,2540,2550,12608900
4/27/2022,MINA,50,50,50,50,900
4/27/2022,MIRA,50,50,50,50,7300
4/27/2022,MITI,162,165,160,162,607900
4/27/2022,MKNT,50,50,50,50,0
4/27/2022,MKPI,22700,22700,22700,22700,0
4/27/2022,MLBI,9125,9125,9025,9125,194600
4/27/2022,MLIA,2280,2330,2230,2260,6363900
4/27/2022,MLPL,199,202,195,196,33307600
4/27/2022,MLPT,3130,3250,3130,3150,18000
4/27/2022,MMLP,580,595,565,570,5878600
4/27/2022,MNCN,1030,1030,1000,1005,17152600
4/27/2022,MOLI,288,290,284,290,19400
4/27/2022,MPMX,1375,1400,1320,1375,37128000
4/27/2022,MPOW,93,96,91,91,6234700
4/27/2022,MPPA,330,334,312,318,55630200
4/27/2022,MPRO,810,810,710,730,2400
4/27/2022,MRAT,179,180,177,177,173400
4/27/2022,MREI,3500,4200,3490,3660,2800
4/27/2022,MSIN,5575,5775,5575,5650,1033800
4/27/2022,MSKY,366,370,356,360,2150200
4/27/2022,MTDL,720,720,700,700,6539300
4/27/2022,MTEL,760,765,750,750,59262100
4/27/2022,MTFN,50,50,50,50,100
4/27/2022,MTLA,352,358,352,352,118800
4/27/2022,MTMH,1545,1585,1515,1580,35964200
4/27/2022,MTPS,82,87,81,83,7998700
4/27/2022,MTRA,244,244,244,244,0
4/27/2022,MTSM,248,248,214,214,113400
4/27/2022,MTWI,152,178,150,159,78511300
4/27/2022,MYOH,1825,1825,1810,1810,31000
4/27/2022,MYOR,1750,1820,1710,1765,23704600
4/27/2022,MYRX,50,50,50,50,0
4/27/2022,MYRXP,50,50,50,50,0
4/27/2022,MYTX,65,69,62,65,155900
4/27/2022,NANO,66,67,61,62,28722600
4/27/2022,NANO-W,11,12,10,11,18477900
4/27/2022,NASA,50,50,50,50,7600
4/27/2022,NASI,300,300,280,280,11575100
4/27/2022,NATO,675,675,650,650,283557000
4/27/2022,NELY,284,292,284,290,1180200
4/27/2022,NETV,326,326,308,312,11016300
4/27/2022,NFCX,4820,4830,4800,4820,19800
4/27/2022,NICK,460,490,448,470,64400
4/27/2022,NICL,70,73,68,69,23000900
4/27/2022,NICL-W,9,10,9,10,15464200
4/27/2022,NIKL,910,925,910,915,416000
4/27/2022,NIPS,282,282,282,282,0
4/27/2022,NIRO,141,141,136,140,68800
4/27/2022,NISP,640,645,635,640,2270200
4/27/2022,NOBU,610,610,585,585,982700
4/27/2022,NPGF,105,108,99,100,14629800
4/27/2022,NRCA,286,288,284,286,205400
4/27/2022,NTBK,52,54,51,52,43300600
4/27/2022,NTBK-W,10,11,9,10,59554800
4/27/2022,NUSA,50,50,50,50,0
4/27/2022,NZIA,154,161,154,154,2809400
4/27/2022,OASA,595,660,590,650,949100
4/27/2022,OBMD,97,97,93,94,1337200
4/27/2022,OBMD-W,16,17,16,17,130900
4/27/2022,OCAP,159,159,159,159,0
4/27/2022,OILS,195,234,195,210,12269800
4/27/2022,OILS-W,64,80,62,67,3092100
4/27/2022,OKAS,56,60,55,56,14665900
4/27/2022,OMRE,540,635,540,605,4600
4/27/2022,OPMS,107,113,106,111,3584800
4/27/2022,PADI,50,50,50,50,400
4/27/2022,PALM,905,925,875,900,9894400
4/27/2022,PAMG,87,88,86,87,64200
4/27/2022,PANI,4140,4150,4090,4100,80200
4/27/2022,PANR,230,230,222,224,3077300
4/27/2022,PANS,1400,1440,1385,1435,722600
4/27/2022,PBID,1755,1760,1750,1755,321800
4/27/2022,PBRX,146,151,144,147,5712800
4/27/2022,PBSA,650,685,610,635,13700
4/27/2022,PCAR,159,159,152,157,165300
4/27/2022,PDES,264,264,250,250,221300
4/27/2022,PEGE,795,805,780,795,117800
4/27/2022,PEHA,1000,1005,995,1000,164900
4/27/2022,PGAS,1355,1380,1350,1370,38451600
4/27/2022,PGJO,73,73,67,68,36300
4/27/2022,PGLI,340,350,330,330,17900
4/27/2022,PGUN,730,730,715,715,1800
4/27/2022,PICO,100,101,96,100,14600
4/27/2022,PJAA,555,560,540,550,177800
4/27/2022,PKPK,172,177,170,173,7234000
4/27/2022,PLAN,37,37,36,37,543600
4/27/2022,PLAN-W,8,9,8,9,3348200
4/27/2022,PLAS,50,50,50,50,0
4/27/2022,PLIN,2040,2040,2040,2040,0
4/27/2022,PMJS,131,134,129,131,275400
4/27/2022,PMMP,444,444,436,442,12735500
4/27/2022,PNBN,940,945,920,925,4328900
4/27/2022,PNBS,62,63,61,62,12778500
4/27/2022,PNGO,1470,1500,1470,1475,7300
4/27/2022,PNIN,695,705,685,690,1481300
4/27/2022,PNLF,224,228,220,220,48862100
4/27/2022,PNSE,610,610,575,575,200
4/27/2022,POLA,96,96,91,93,1549700
4/27/2022,POLA-W,62,62,56,61,97900
4/27/2022,POLI,1160,1170,1160,1170,914500
4/27/2022,POLL,456,462,440,456,7183900
4/27/2022,POLU,650,650,590,590,1200
4/27/2022,POLY,66,72,66,70,4147000
4/27/2022,POOL,50,50,50,50,0
4/27/2022,PORT,585,585,585,585,600
4/27/2022,POSA,50,50,50,50,0
4/27/2022,POWR,680,695,675,695,6712000
4/27/2022,PPGL,142,142,138,140,2426100
4/27/2022,PPGL-W,13,13,12,12,821800
4/27/2022,PPRE,160,163,159,161,3601800
4/27/2022,PPRO,50,51,50,50,21999000
4/27/2022,PRAS,220,220,206,216,23200
4/27/2022,PRDA,6675,6950,6650,6925,181700
4/27/2022,PRIM,314,314,296,300,692500
4/27/2022,PSAB,127,130,127,130,1347800
4/27/2022,PSDN,148,148,144,148,3800
4/27/2022,PSGO,180,187,180,185,8759100
4/27/2022,PSKT,72,77,72,76,20179500
4/27/2022,PSSI,525,540,510,535,2216400
4/27/2022,PTBA,3620,3700,3620,3700,20516600
4/27/2022,PTDU,54,60,53,55,35671200
4/27/2022,PTIS,220,250,194,195,3283800
4/27/2022,PTPP,915,935,910,930,11590600
4/27/2022,PTPW,830,855,825,855,468600
4/27/2022,PTRO,2820,2880,2780,2880,809300
4/27/2022,PTSN,208,208,206,206,318400
4/27/2022,PTSP,4480,5275,4460,4460,2600
4/27/2022,PUDP,300,300,300,300,200
4/27/2022,PURA,50,50,50,50,211900
4/27/2022,PURA-W,12,12,11,12,1015100
4/27/2022,PURE,55,55,51,51,23017100
4/27/2022,PURI,354,394,350,350,15900
4/27/2022,PWON,580,585,560,575,45265700
4/27/2022,PYFA,1025,1025,1005,1025,163000
4/27/2022,PZZA,650,660,640,650,685200
4/27/2022,R-ABFII,28600,28600,28600,28600,0
4/27/2022,R-LQ45X,1150,1170,1150,1160,43300
4/27/2022,RAJA,188,191,185,189,6838600
4/27/2022,RALS,695,710,680,690,4828800
4/27/2022,RANC,1520,1530,1520,1530,10200
4/27/2022,RBMS,62,62,59,59,6328400
4/27/2022,RDTX,7650,7650,7650,7650,0
4/27/2022,REAL,50,50,50,50,124700
4/27/2022,RELI,390,390,390,390,1200
4/27/2022,RICY,69,70,69,70,72800
4/27/2022,RIGS,324,342,322,340,42600
4/27/2022,RIMO,50,50,50,50,0
4/27/2022,RISE,310,354,308,350,2325500
4/27/2022,RMBA,306,306,306,306,0
4/27/2022,RMKE,388,400,382,400,3067800
4/27/2022,ROCK,605,690,600,605,9000
4/27/2022,RODA,75,75,66,69,2316100
4/27/2022,RONY,800,800,800,800,0
4/27/2022,ROTI,1290,1305,1285,1290,498400
4/27/2022,RSGK,1340,1340,1310,1315,33800
4/27/2022,RUIS,192,192,190,190,54400
4/27/2022,RUNS,246,248,236,242,666100
4/27/2022,SAFE,232,236,222,234,1047100
4/27/2022,SAME,420,444,420,438,35448100
4/27/2022,SAMF,650,655,650,650,448500
4/27/2022,SAPX,1290,1355,1290,1350,58600
4/27/2022,SATU,104,104,102,102,4375600
4/27/2022,SBAT,50,50,50,50,10196600
4/27/2022,SBAT-W,9,9,8,8,2916600
4/27/2022,SBAT-W2,13,14,12,13,1427400
4/27/2022,SBMA,155,157,152,152,5829800
4/27/2022,SBMA-W,63,66,63,63,23400
4/27/2022,SCCO,9675,9675,9675,9675,1300
4/27/2022,SCMA,246,250,240,248,157450500
4/27/2022,SCNP,212,212,208,212,167500
4/27/2022,SCPI,29000,29000,29000,29000,0
4/27/2022,SDMU,117,117,117,117,5305600
4/27/2022,SDPC,120,120,116,116,175600
4/27/2022,SDRA,560,565,560,560,73400
4/27/2022,SEMA,260,260,250,250,5059700
4/27/2022,SEMA-W,52,53,51,51,966800
4/27/2022,SFAN,1550,1555,1545,1555,326800
4/27/2022,SGER,1930,2080,1930,2060,6662000
4/27/2022,SGER-W,2110,2110,2110,2110,0
4/27/2022,SGRO,2350,2350,2190,2230,1835800
4/27/2022,SHID,2230,2230,2200,2200,645300
4/27/2022,SHIP,1000,1015,975,980,2305400
4/27/2022,SICO,240,240,168,168,8617100
4/27/2022,SICO-W,68,70,51,53,7662100
4/27/2022,SIDO,940,950,930,940,32384200
4/27/2022,SILO,1065,1075,1030,1035,2100000
4/27/2022,SIMA,50,50,50,50,0
4/27/2022,SIMP,505,510,500,500,2981300
4/27/2022,SINI,276,280,260,262,1800
4/27/2022,SINI-W,145,145,145,145,100
4/27/2022,SIPD,1710,1710,1650,1655,4200
4/27/2022,SKBM,378,396,378,396,1300
4/27/2022,SKLT,2100,2270,2060,2140,4500
4/27/2022,SKRN,985,1095,920,920,203900
4/27/2022,SKYB,51,51,51,51,0
4/27/2022,SLIS,282,282,264,268,39157800
4/27/2022,SMAR,4640,4650,4580,4610,44600
4/27/2022,SMBR,505,515,500,510,1465800
4/27/2022,SMCB,1685,1690,1685,1685,426700
4/27/2022,SMDM,160,173,157,168,2442000
4/27/2022,SMDR,1840,1880,1820,1880,4986200
4/27/2022,SMGR,6425,6525,6275,6475,12598000
4/27/2022,SMKL,412,420,404,406,110700
4/27/2022,SMKL-W,34,35,32,34,1454600
4/27/2022,SMKM,248,258,238,248,20547600
4/27/2022,SMMA,12000,12000,12000,12000,0
4/27/2022,SMMT,1330,1360,1270,1295,38380700
4/27/2022,SMRA,715,715,685,690,36819000
4/27/2022,SMRU,50,50,50,50,0
4/27/2022,SMSM,1520,1580,1510,1545,7281400
4/27/2022,SNLK,645,685,635,655,5906700
4/27/2022,SOCI,196,202,195,199,9972000
4/27/2022,SOFA,36,36,35,36,664400
4/27/2022,SOHO,6450,6450,6450,6450,300
4/27/2022,SONA,3250,3250,3250,3250,0
4/27/2022,SOSS,402,438,402,430,104000
4/27/2022,SOSS-W,45,60,44,46,68900
4/27/2022,SOTS,258,272,258,270,3300
4/27/2022,SOTS-W,48,50,48,50,400
4/27/2022,SPMA,680,695,640,645,3084000
4/27/2022,SPTO,580,600,580,580,444800
4/27/2022,SQMI,59,64,57,60,14213200
4/27/2022,SRAJ,196,199,194,194,92000
4/27/2022,SRIL,146,146,146,146,0
4/27/2022,SRSN,56,57,54,56,8626700
4/27/2022,SRTG,3630,3710,3580,3670,19355300
4/27/2022,SSIA,378,386,374,386,2092300
4/27/2022,SSMS,1100,1105,1070,1085,7879700
4/27/2022,SSTM,810,810,765,765,10900
4/27/2022,STAA,885,915,885,905,13445800
4/27/2022,STAR,140,141,134,139,7300
4/27/2022,STTP,7200,7200,6825,6825,600
4/27/2022,SUGI,50,50,50,50,0
4/27/2022,SULI,78,102,77,99,334933200
4/27/2022,SUPR,50900,51000,50875,50875,1400
4/27/2022,SURE,1820,1855,1820,1855,24000
4/27/2022,SWAT,93,101,88,95,34223900
4/27/2022,TALF,308,312,308,312,5200
4/27/2022,TAMA,55,56,54,55,1057700
4/27/2022,TAMA-W,16,17,16,16,2461600
4/27/2022,TAMU,50,50,50,50,1100
4/27/2022,TAPG,630,650,625,650,48152100
4/27/2022,TARA,50,50,50,50,5500
4/27/2022,TAXI,50,50,50,50,1900
4/27/2022,TAYS,200,204,197,197,232100
4/27/2022,TBIG,3080,3090,3020,3060,27049600
4/27/2022,TBLA,810,815,795,800,1217200
4/27/2022,TBMS,1805,1805,1700,1700,2000
4/27/2022,TCID,4880,4980,4880,4900,9000
4/27/2022,TCPI,9275,9500,9200,9500,9032300
4/27/2022,TDPM,119,119,119,119,0
4/27/2022,TEBE,700,705,695,700,216000
4/27/2022,TECH,3680,3820,3650,3770,2806700
4/27/2022,TELE,121,121,121,121,0
4/27/2022,TFAS,4420,4420,4380,4380,8700
4/27/2022,TFCO,795,795,795,795,0
4/27/2022,TGKA,7500,7900,7500,7875,13500
4/27/2022,TGRA,62,67,62,62,5218300
4/27/2022,TIFA,535,545,535,545,1900
4/27/2022,TINS,1800,1880,1790,1865,33470500
4/27/2022,TIRA,378,414,378,402,4800
4/27/2022,TIRT,120,131,115,122,30304100
4/27/2022,TKIM,6450,6625,6400,6500,3208500
4/27/2022,TLDN,680,680,650,670,7704000
4/27/2022,TLKM,4720,4790,4720,4770,136485600
4/27/2022,TMAS,1970,2050,1900,1935,4807900
4/27/2022,TMPO,130,132,129,132,12700
4/27/2022,TNCA,825,845,795,840,2620700
4/27/2022,TOBA,1020,1120,1020,1090,12256600
4/27/2022,TOPS,50,50,50,50,22800
4/27/2022,TOTL,294,296,292,294,7636500
4/27/2022,TOTO,206,208,206,208,138800
4/27/2022,TOWR,1040,1040,1015,1015,45336700
4/27/2022,TOYS,163,173,154,154,123615200
4/27/2022,TOYS-W,18,19,17,17,7268100
4/27/2022,TPIA,10225,10275,10150,10200,1673300
4/27/2022,TPMA,352,364,350,354,609000
4/27/2022,TRAM,50,50,50,50,0
4/27/2022,TRIL,50,50,50,50,0
4/27/2022,TRIM,308,310,300,308,3702200
4/27/2022,TRIN,436,458,424,424,14168200
4/27/2022,TRIN-W,95,98,93,94,103300
4/27/2022,TRIO,426,426,426,426,0
4/27/2022,TRIS,170,183,170,174,1077600
4/27/2022,TRIS-W,6,6,6,6,0
4/27/2022,TRJA,244,254,228,232,71146300
4/27/2022,TRST,735,735,715,735,64000
4/27/2022,TRUE,90,91,87,89,9903500
4/27/2022,TRUE-W,19,19,18,19,2968600
4/27/2022,TRUK,174,186,170,172,51137900
4/27/2022,TRUS,390,424,364,392,74600
4/27/2022,TSPC,1465,1465,1455,1465,365200
4/27/2022,TUGU,1380,1410,1380,1400,70100
4/27/2022,TURI,1380,1390,1330,1330,7700
4/27/2022,UANG,780,780,730,730,13400
4/27/2022,UCID,1285,1295,1275,1295,102800
4/27/2022,UFOE,950,1135,890,1125,13106800
4/27/2022,ULTJ,1600,1600,1540,1550,1251800
4/27/2022,UNIC,12600,12650,12125,12650,4800
4/27/2022,UNIQ,75,75,72,73,277200
4/27/2022,UNIT,316,316,316,316,0
4/27/2022,UNSP,121,124,114,116,4435600
4/27/2022,UNTR,28850,29100,28750,28900,4676300
4/27/2022,UNVR,3890,3900,3770,3810,36437100
4/27/2022,URBN,402,418,394,418,74900
4/27/2022,UVCR,206,214,202,214,2625300
4/27/2022,UVCR-W,44,45,42,42,1102700
4/27/2022,VICI,510,515,505,510,2154900
4/27/2022,VICO,169,169,161,165,472300
4/27/2022,VINS,163,163,158,162,33400
4/27/2022,VIVA,50,50,50,50,40100
4/27/2022,VOKS,177,177,173,173,119700
4/27/2022,VRNA,112,112,108,109,71300
4/27/2022,WAPO,127,128,124,127,298800
4/27/2022,WEGE,183,184,181,184,7016600
4/27/2022,WEHA,175,177,174,175,3714700
4/27/2022,WGSH,164,178,164,177,7196700
4/27/2022,WICO,398,416,384,396,400
4/27/2022,WIFI,386,392,366,370,47607600
4/27/2022,WIFI-W,139,139,137,137,600
4/27/2022,WIIM,515,575,505,560,46637200
4/27/2022,WIKA,940,955,935,945,8259000
4/27/2022,WINR,192,244,184,242,1828680700
4/27/2022,WINR-W,31,36,25,27,1758914400
4/27/2022,WINS,157,167,157,161,5419700
4/27/2022,WIRG,1010,1215,940,1165,652519000
4/27/2022,WIRG-W,655,950,645,935,22734400
4/27/2022,WMPP,129,138,127,134,36051800
4/27/2022,WMUU,142,148,141,143,17999300
4/27/2022,WOMF,274,278,268,272,1538000
4/27/2022,WOOD,695,710,690,705,3632300
4/27/2022,WOWS,52,53,51,52,13291500
4/27/2022,WSBP,95,95,95,95,0
4/27/2022,WSKT,525,530,520,520,25481600
4/27/2022,WTON,212,214,210,214,2584000
4/27/2022,XAFA,1050,1050,1050,1050,100
4/27/2022,XAQA,1075,1075,1075,1075,0
4/27/2022,XBES,1054,1054,1054,1054,0
4/27/2022,XBID,605,605,605,605,0
4/27/2022,XBIG,600,600,600,600,300
4/27/2022,XBIN,576,576,576,576,0
4/27/2022,XBLQ,527,527,527,527,0
4/27/2022,XBNI,1157,1173,1157,1173,200
4/27/2022,XBSK,443,443,443,443,0
4/27/2022,XCID,95,95,95,95,135600
4/27/2022,XCIS,108,108,103,103,13000
4/27/2022,XCLQ,114,114,114,114,3100
4/27/2022,XDIF,526,526,526,526,100
4/27/2022,XDSG,1092,1092,1092,1092,0
4/27/2022,XFES,145,145,145,145,0
4/27/2022,XIFE,120,120,120,120,2800
4/27/2022,XIHD,590,592,584,591,33800
4/27/2022,XIIC,1017,1017,1017,1017,0
4/27/2022,XIID,608,608,606,606,27500
4/27/2022,XIIF,556,556,556,556,0
4/27/2022,XIIT,610,620,610,616,174800
4/27/2022,XIJI,652,669,652,660,48500
4/27/2022,XILV,128,131,128,131,12500
4/27/2022,XIML,280,280,280,280,0
4/27/2022,XIPI,213,213,213,213,900
4/27/2022,XISB,398,398,398,398,0
4/27/2022,XISC,750,750,745,745,2800
4/27/2022,XISI,354,354,354,354,0
4/27/2022,XISR,442,445,442,443,7500
4/27/2022,XKIV,539,539,539,539,0
4/27/2022,XKMS,1230,1241,1227,1241,1100300
4/27/2022,XMIG,207,207,207,207,0
4/27/2022,XMJM,1001,1001,1001,1001,0
4/27/2022,XMTS,527,527,527,527,0
4/27/2022,XNVE,167,167,167,167,2100
4/27/2022,XPCR,1008,1008,1008,1008,0
4/27/2022,XPDV,578,578,577,577,1500
4/27/2022,XPES,438,438,438,438,0
4/27/2022,XPFT,599,599,599,599,0
4/27/2022,XPID,589,589,589,589,500
4/27/2022,XPLC,514,514,514,514,0
4/27/2022,XPLQ,556,556,556,556,500
4/27/2022,XPMI,1010,1010,1010,1010,0
4/27/2022,XPSG,422,422,422,422,0
4/27/2022,XPTD,550,550,550,550,0
4/27/2022,XSBC,121,121,121,121,3400
4/27/2022,XSMU,161,161,160,160,300
4/27/2022,XSPI,750,750,750,750,0
4/27/2022,XSRI,212,212,212,212,5900
4/27/2022,XSSI,80,83,79,79,267400
4/27/2022,XSSK,744,754,744,754,10500
4/27/2022,YELO,97,98,94,96,14058200
4/27/2022,YPAS,745,855,695,715,65500
4/27/2022,YULE,2020,2020,2010,2010,8400
4/27/2022,ZBRA,600,600,590,595,214200
4/27/2022,ZINC,87,88,84,86,582404600
4/27/2022,ZONE,1060,1115,1035,1105,1573900
4/27/2022,ZYRX,545,545,525,535,1865500
4/27/2022,ZYRX-W,80,84,77,82,456500
