<date>,<ticker>,<open>,<high>,<low>,<close>,<volume>
6/9/2022,IHSG,7193.395,7257.997,7174.82,7182.83,1567959055
6/9/2022,AALI,12050,12075,11475,11475,5019400
6/9/2022,ABBA,202,214,202,212,22981400
6/9/2022,ABDA,5950,5950,5950,5950,600
6/9/2022,ABMM,2720,2740,2660,2680,4767800
6/9/2022,ACES,985,990,930,945,130851800
6/9/2022,ACST,171,185,171,178,24810400
6/9/2022,ADCP,82,89,80,81,138556900
6/9/2022,ADES,6125,6475,5950,6000,253600
6/9/2022,ADHI,775,790,765,770,21595100
6/9/2022,ADMF,8225,8250,8175,8225,200100
6/9/2022,ADMG,183,184,181,181,418100
6/9/2022,ADMR,2240,2500,2210,2450,267215700
6/9/2022,ADRO,3630,3690,3600,3600,106573000
6/9/2022,AGAR,310,340,310,336,64100
6/9/2022,AGII,2350,2350,2170,2210,6399900
6/9/2022,AGRO,920,925,900,900,8585300
6/9/2022,AGRS,127,129,124,124,5422600
6/9/2022,AHAP,61,62,60,61,1245300
6/9/2022,AIMS,252,260,252,258,22800
6/9/2022,AISA,156,158,154,155,7670900
6/9/2022,AKKU,50,50,50,50,700
6/9/2022,AKPI,1650,1685,1615,1675,199500
6/9/2022,AKRA,1110,1215,1110,1170,108808500
6/9/2022,AKSI,340,340,318,330,382200
6/9/2022,ALDO,1025,1080,1020,1040,6689300
6/9/2022,ALDO-W,228,230,210,210,22400
6/9/2022,ALKA,306,322,300,300,193200
6/9/2022,ALMI,286,286,282,284,2600
6/9/2022,ALTO,206,206,206,206,58800
6/9/2022,AMAG,422,446,420,438,388600
6/9/2022,AMAN,515,515,510,515,170200
6/9/2022,AMAR,342,356,328,328,21412400
6/9/2022,AMFG,8000,8200,7900,7925,202100
6/9/2022,AMIN,136,137,135,135,65200
6/9/2022,AMOR,1555,1580,1515,1515,1900
6/9/2022,AMRT,1865,1865,1805,1855,42735700
6/9/2022,ANDI,50,50,50,50,115900
6/9/2022,ANJT,1050,1070,1020,1025,3376000
6/9/2022,ANTM,2420,2450,2380,2400,59980800
6/9/2022,APEX,414,418,412,412,337900
6/9/2022,APIC,1110,1115,1080,1090,16564500
6/9/2022,APII,226,246,220,224,25979200
6/9/2022,APLI,195,195,195,195,300
6/9/2022,APLN,117,121,117,118,13135600
6/9/2022,ARCI,380,382,378,378,2497700
6/9/2022,ARGO,1310,1310,1270,1290,400
6/9/2022,ARII,242,244,238,244,32300
6/9/2022,ARKA,50,50,50,50,1603900
6/9/2022,ARMY,50,50,50,50,0
6/9/2022,ARNA,1100,1100,1055,1065,8294000
6/9/2022,ARTA,1810,1810,1800,1800,1800
6/9/2022,ARTI,50,50,50,50,0
6/9/2022,ARTO,8550,9000,8550,8900,17259400
6/9/2022,ASBI,296,298,288,288,41300
6/9/2022,ASDM,1025,1080,1025,1060,4700
6/9/2022,ASGR,975,985,965,965,256500
6/9/2022,ASHA,288,376,288,376,785962800
6/9/2022,ASII,7150,7350,7150,7200,37787500
6/9/2022,ASJT,133,135,133,133,141400
6/9/2022,ASLC,192,197,186,189,59760200
6/9/2022,ASMI,137,143,131,143,21800
6/9/2022,ASPI,78,78,77,77,355000
6/9/2022,ASPI-W,13,13,13,13,785100
6/9/2022,ASRI,183,192,180,181,102359800
6/9/2022,ASRM,1575,1575,1530,1550,6900
6/9/2022,ASSA,2190,2220,2160,2170,5097100
6/9/2022,ATAP,110,111,107,107,583000
6/9/2022,ATIC,432,442,432,434,158800
6/9/2022,AUTO,1250,1260,1205,1230,5071600
6/9/2022,AVIA,770,810,765,780,52505300
6/9/2022,AYLS,220,244,216,234,60490500
6/9/2022,BABP,152,153,148,149,60270700
6/9/2022,BABP-W3,83,83,82,82,52300
6/9/2022,BABP-W4,82,125,82,115,58800
6/9/2022,BACA,164,168,161,161,11569200
6/9/2022,BACA-W2,131,165,43,154,33800
6/9/2022,BAJA,195,214,193,197,8130300
6/9/2022,BALI,870,875,850,865,464000
6/9/2022,BANK,1990,2020,1965,2000,20700300
6/9/2022,BANK-W,1950,1950,1950,1950,0
6/9/2022,BAPA,94,98,91,92,8408800
6/9/2022,BAPI,50,50,50,50,4700
6/9/2022,BAPI-W,4,5,4,4,8554700
6/9/2022,BATA,480,510,472,498,3500
6/9/2022,BAUT,50,51,50,50,10443800
6/9/2022,BAUT-W,9,10,9,9,3586300
6/9/2022,BAYU,1130,1130,1100,1100,3900
6/9/2022,BBCA,7500,7575,7500,7500,107828300
6/9/2022,BBHI,3850,4100,3850,3940,7204700
6/9/2022,BBKP,204,204,200,200,69084900
6/9/2022,BBLD,452,520,432,460,578200
6/9/2022,BBMD,2000,2010,2000,2010,300
6/9/2022,BBNI,8850,9000,8675,8675,52284300
6/9/2022,BBRI,4500,4520,4480,4490,161768800
6/9/2022,BBRM,50,50,50,50,6000
6/9/2022,BBSI,4990,4990,4850,4930,4500
6/9/2022,BBSS,50,52,50,51,15058900
6/9/2022,BBTN,1625,1645,1620,1625,14903800
6/9/2022,BBYB,1350,1455,1350,1425,54923300
6/9/2022,BCAP,155,156,151,155,76258300
6/9/2022,BCIC,160,165,149,152,7699800
6/9/2022,BCIP,54,57,54,56,5399400
6/9/2022,BDMN,2530,2570,2520,2550,3360900
6/9/2022,BEBS,4280,4410,4230,4370,67305100
6/9/2022,BEEF,50,51,50,50,546000
6/9/2022,BEKS,50,50,50,50,1050300
6/9/2022,BELL,450,474,450,466,64969500
6/9/2022,BESS,550,580,505,515,384000
6/9/2022,BESS-W,430,430,408,408,17000
6/9/2022,BEST,124,126,121,121,31720700
6/9/2022,BFIN,1190,1210,1130,1145,42295600
6/9/2022,BGTG,147,152,147,152,23689800
6/9/2022,BHAT,995,1005,990,1005,1870700
6/9/2022,BHIT,73,73,61,68,1569017700
6/9/2022,BIKA,158,159,155,158,82100
6/9/2022,BIKE,228,230,222,226,2643900
6/9/2022,BIKE-W,17,18,16,17,1187600
6/9/2022,BIMA,326,348,302,302,79838200
6/9/2022,BINA,3800,3900,3800,3890,158500
6/9/2022,BINO,137,138,134,137,5385800
6/9/2022,BINO-W,23,24,23,24,2374100
6/9/2022,BIPI,120,126,116,118,1263308700
6/9/2022,BIPI-W,10,11,9,10,48834500
6/9/2022,BIPP,53,54,52,52,946500
6/9/2022,BIRD,1640,1675,1600,1610,6527900
6/9/2022,BISI,1745,1865,1705,1845,2306000
6/9/2022,BJBR,1475,1475,1455,1460,3064500
6/9/2022,BJTM,760,765,755,755,2775700
6/9/2022,BKDP,84,84,81,81,2072200
6/9/2022,BKSL,51,52,50,51,18573800
6/9/2022,BKSW,130,134,129,131,3428900
6/9/2022,BLTA,50,50,50,50,100
6/9/2022,BLTZ,2620,2620,2620,2620,0
6/9/2022,BLUE,322,330,316,322,3212200
6/9/2022,BMAS,1420,1420,1365,1375,33200
6/9/2022,BMHS,610,640,590,630,32542000
6/9/2022,BMRI,8400,8500,8350,8425,108402200
6/9/2022,BMSR,850,1040,845,985,6918800
6/9/2022,BMTR,286,296,284,296,86082000
6/9/2022,BNBA,1785,1815,1755,1755,603300
6/9/2022,BNBR,50,50,50,50,2020000
6/9/2022,BNGA,1050,1060,1045,1050,4715800
6/9/2022,BNII,278,280,274,276,699200
6/9/2022,BNLI,1240,1255,1235,1240,114200
6/9/2022,BOBA,218,222,212,216,882000
6/9/2022,BOGA,1335,1350,1330,1340,130565800
6/9/2022,BOLA,350,370,350,370,3284700
6/9/2022,BOLT,1045,1045,975,985,18900
6/9/2022,BOSS,55,57,54,56,9934800
6/9/2022,BPFI,650,650,630,635,3800
6/9/2022,BPII,7900,7900,7900,7900,0
6/9/2022,BPTR,206,210,202,206,314800
6/9/2022,BRAM,11875,11875,11875,11875,0
6/9/2022,BRIS,1460,1475,1450,1455,5411100
6/9/2022,BRMS,228,230,222,222,370201400
6/9/2022,BRNA,1085,1085,1085,1085,0
6/9/2022,BRPT,810,815,805,805,34055900
6/9/2022,BSDE,935,945,920,920,30542700
6/9/2022,BSIM,600,610,600,605,54500
6/9/2022,BSML,1105,1155,1070,1145,7944200
6/9/2022,BSSR,3940,3950,3850,3860,1777600
6/9/2022,BSWD,1750,1750,1750,1750,0
6/9/2022,BTEK,50,50,50,50,400
6/9/2022,BTEL,50,50,50,50,0
6/9/2022,BTON,322,322,296,296,144500
6/9/2022,BTPN,2520,2530,2500,2520,52900
6/9/2022,BTPS,3030,3130,3030,3080,3642600
6/9/2022,BUDI,228,230,218,222,5436200
6/9/2022,BUKA,290,304,288,290,598351400
6/9/2022,BUKK,1070,1075,1065,1070,4000
6/9/2022,BULL,163,167,161,165,180501400
6/9/2022,BULL-W2,27,29,22,24,7280200
6/9/2022,BUMI,58,61,57,59,1866440600
6/9/2022,BUVA,60,60,60,60,0
6/9/2022,BVIC,144,147,141,142,17555000
6/9/2022,BWPT,75,75,73,73,21351900
6/9/2022,BYAN,54950,62000,54900,58900,85500
6/9/2022,CAKK,93,93,89,89,5451700
6/9/2022,CAMP,280,282,278,280,417000
6/9/2022,CANI,128,129,124,129,105300
6/9/2022,CARE,510,515,500,505,426775300
6/9/2022,CARS,50,50,50,50,260700
6/9/2022,CASA,595,605,585,590,5266400
6/9/2022,CASH,168,170,162,166,1193600
6/9/2022,CASS,438,440,426,438,347300
6/9/2022,CBMF,54,57,53,54,24699100
6/9/2022,CCSI,750,750,720,730,65700
6/9/2022,CEKA,2480,2530,2350,2350,153300
6/9/2022,CENT,191,193,189,189,4168500
6/9/2022,CFIN,278,282,270,278,11604400
6/9/2022,CINT,238,238,222,230,93200
6/9/2022,CITA,3020,3050,2960,3000,2800
6/9/2022,CITY,154,156,154,156,18400
6/9/2022,CLAY,660,855,660,690,3900
6/9/2022,CLEO,478,484,472,474,6995500
6/9/2022,CLPI,1105,1120,1105,1110,56600
6/9/2022,CMNP,2090,2090,2070,2090,8500
6/9/2022,CMNP-W,1195,1195,1195,1195,0
6/9/2022,CMNT,890,925,885,900,28261900
6/9/2022,CMPP,294,296,274,284,7418300
6/9/2022,CMRY,4010,4040,3890,3900,2107900
6/9/2022,CNKO,50,50,50,50,800
6/9/2022,CNTB,250,250,250,250,0
6/9/2022,CNTX,224,232,208,226,98900
6/9/2022,COCO,210,212,206,208,561200
6/9/2022,COWL,50,50,50,50,0
6/9/2022,CPIN,5175,5200,4950,4950,14796800
6/9/2022,CPRI,50,50,50,50,0
6/9/2022,CPRO,69,71,69,69,66310500
6/9/2022,CSAP,645,660,600,600,1991800
6/9/2022,CSIS,82,84,80,82,3366900
6/9/2022,CSMI,3880,3980,3710,3710,400
6/9/2022,CSRA,895,895,830,830,2537700
6/9/2022,CTBN,2450,2450,2450,2450,0
6/9/2022,CTRA,980,990,955,965,18255500
6/9/2022,CTTH,50,50,50,50,410500
6/9/2022,DADA,50,50,50,50,7300
6/9/2022,DADA-W,9,9,8,9,2206300
6/9/2022,DART,210,216,210,214,6300
6/9/2022,DAYA,220,230,210,214,76600
6/9/2022,DCII,35800,35800,35000,35000,1900
6/9/2022,DEAL,50,50,50,50,21400
6/9/2022,DEFI,1455,1455,1455,1455,0
6/9/2022,DEPO,484,486,480,482,302500
6/9/2022,DEWA,54,56,54,54,47185400
6/9/2022,DFAM,438,438,438,438,359500
6/9/2022,DGIK,112,121,109,114,93690600
6/9/2022,DGNS,296,320,296,302,4873800
6/9/2022,DIGI,89,89,89,89,9719900
6/9/2022,DILD,148,148,146,147,4903500
6/9/2022,DIVA,935,980,895,935,323700
6/9/2022,DKFT,143,150,142,147,34903400
6/9/2022,DLTA,4100,4110,4070,4090,96900
6/9/2022,DMAS,176,176,172,172,81717200
6/9/2022,DMMX,1690,1705,1660,1675,2672200
6/9/2022,DMND,815,815,800,810,24900
6/9/2022,DNAR,195,196,193,195,567700
6/9/2022,DNET,3150,3190,3150,3180,2000
6/9/2022,DOID,414,430,408,418,128862500
6/9/2022,DPNS,412,418,412,412,91800
6/9/2022,DPUM,50,50,50,50,0
6/9/2022,DRMA,615,620,605,610,8729800
6/9/2022,DSFI,98,101,98,100,10133400
6/9/2022,DSNG,555,555,545,555,13718000
6/9/2022,DSSA,36750,36750,36750,36750,100
6/9/2022,DUCK,176,176,176,176,0
6/9/2022,DUTI,4320,4380,4300,4380,500
6/9/2022,DVLA,2600,2600,2540,2550,29900
6/9/2022,DWGL,214,214,200,202,57700
6/9/2022,DWGL-W,31,33,30,30,140400
6/9/2022,DYAN,73,73,70,71,3808700
6/9/2022,EAST,92,92,88,89,4894700
6/9/2022,EAST-W,5,5,3,4,24536600
6/9/2022,ECII,585,585,570,570,20200
6/9/2022,EDGE,21250,21250,21225,21250,600
6/9/2022,EKAD,1415,1420,1415,1420,67900
6/9/2022,ELSA,334,340,328,328,95915800
6/9/2022,ELTY,50,50,50,50,700
6/9/2022,EMDE,154,154,154,154,500
6/9/2022,EMTK,1825,1830,1780,1790,38640600
6/9/2022,ENAK,1310,1350,1285,1350,15382800
6/9/2022,ENRG,334,334,274,274,497693500
6/9/2022,ENVY,50,50,50,50,0
6/9/2022,ENZO,55,57,54,56,21821700
6/9/2022,ENZO-W,15,16,15,16,403400
6/9/2022,EPAC,50,50,50,50,20900
6/9/2022,EPMT,2800,2850,2780,2790,176900
6/9/2022,ERAA,510,510,498,505,65078200
6/9/2022,ERTX,197,212,195,206,612300
6/9/2022,ESIP,105,109,104,104,21354700
6/9/2022,ESIP-W,13,13,12,13,6699000
6/9/2022,ESSA,1045,1065,975,1030,91929300
6/9/2022,ESTA,770,810,760,800,8022500
6/9/2022,ESTI,98,100,98,98,1583500
6/9/2022,ETWA,62,62,62,62,0
6/9/2022,EXCL,2670,2670,2600,2600,26752200
6/9/2022,FAPA,3580,3610,3580,3600,15700
6/9/2022,FAST,960,970,960,960,5100
6/9/2022,FASW,6700,6700,6700,6700,200
6/9/2022,FILM,1765,1815,1755,1810,17671300
6/9/2022,FIMP,46,46,45,46,113400
6/9/2022,FIRE,236,242,230,232,1636000
6/9/2022,FISH,7125,7225,7125,7175,2800
6/9/2022,FITT,258,258,254,258,359800
6/9/2022,FITT-W,110,110,110,110,0
6/9/2022,FLMC,85,86,82,82,252900
6/9/2022,FMII,342,384,342,350,37500
6/9/2022,FOOD,104,108,103,103,2718000
6/9/2022,FORU,280,282,272,274,728500
6/9/2022,FORZ,50,50,50,50,0
6/9/2022,FPNI,360,374,360,364,2887500
6/9/2022,FREN,85,86,83,85,534454600
6/9/2022,FREN-W2,19,20,19,19,101076700
6/9/2022,FUJI,665,665,625,630,10100
6/9/2022,GAMA,50,51,50,50,2203200
6/9/2022,GDST,98,103,96,97,8298500
6/9/2022,GDYR,1340,1340,1340,1340,5000
6/9/2022,GEMA,342,348,342,348,1100
6/9/2022,GEMS,6975,6975,6700,6850,149300
6/9/2022,GGRM,31600,31850,31500,31525,814200
6/9/2022,GGRP,685,715,685,715,494300
6/9/2022,GHON,2280,2680,2280,2360,209100
6/9/2022,GIAA,222,222,222,222,0
6/9/2022,GJTL,710,725,695,700,11198900
6/9/2022,GLOB,148,148,147,147,22900
6/9/2022,GLVA,260,260,254,254,66800
6/9/2022,GMFI,77,78,75,76,749000
6/9/2022,GMTD,15600,15600,15600,15600,0
6/9/2022,GOLD,354,372,344,344,19100
6/9/2022,GOLL,50,50,50,50,0
6/9/2022,GOOD,550,565,550,555,6530500
6/9/2022,GOTO,378,404,370,384,6857099000
6/9/2022,GPRA,90,102,87,88,75218100
6/9/2022,GPSO,105,133,103,112,106819700
6/9/2022,GPSO-W,11,13,11,11,11431000
6/9/2022,GSMF,85,90,85,90,1616000
6/9/2022,GTBO,75,75,75,75,0
6/9/2022,GTSI,58,59,57,58,2331100
6/9/2022,GWSA,149,151,149,151,158400
6/9/2022,GZCO,193,194,184,186,72735100
6/9/2022,HADE,50,50,50,50,200
6/9/2022,HAIS,302,302,280,280,41615500
6/9/2022,HDFA,210,210,210,210,27100
6/9/2022,HDIT,161,174,150,150,1972600
6/9/2022,HDTX,120,120,120,120,0
6/9/2022,HEAL,1375,1385,1350,1365,23318000
6/9/2022,HELI,282,298,282,284,29100
6/9/2022,HERO,1565,1600,1490,1595,168500
6/9/2022,HEXA,6550,6550,6450,6475,402400
6/9/2022,HITS,1095,1095,1020,1020,6900
6/9/2022,HKMU,50,50,50,50,299800
6/9/2022,HMSP,1155,1170,1130,1130,39460300
6/9/2022,HOKI,149,153,146,146,2317500
6/9/2022,HOME,50,50,50,50,0
6/9/2022,HOMI,1325,1325,1305,1305,1095800
6/9/2022,HOPE,143,143,133,136,32426300
6/9/2022,HOPE-W,15,16,15,16,3009700
6/9/2022,HOTL,50,50,50,50,100
6/9/2022,HRME,55,55,53,53,1619900
6/9/2022,HRTA,212,212,210,210,1317900
6/9/2022,HRUM,2180,2230,2150,2180,63319100
6/9/2022,IATA,164,173,164,173,106048600
6/9/2022,IBFN,97,97,97,97,0
6/9/2022,IBOS,119,119,116,118,480600
6/9/2022,IBOS-W,10,11,10,11,859500
6/9/2022,IBST,7725,7725,7400,7400,1400
6/9/2022,ICBP,8575,8650,8550,8625,6835000
6/9/2022,ICON,85,87,83,84,2921400
6/9/2022,IDEA,60,63,57,63,8165700
6/9/2022,IDPR,177,182,174,176,412200
6/9/2022,IFII,147,150,145,150,337500
6/9/2022,IFSH,1630,1790,1630,1680,12300
6/9/2022,IGAR,460,468,450,460,495400
6/9/2022,IIKP,50,50,50,50,0
6/9/2022,IKAI,50,50,50,50,221500
6/9/2022,IKAN,80,80,79,80,4230200
6/9/2022,IKBI,214,226,208,226,9700
6/9/2022,IMAS,865,870,850,850,1172500
6/9/2022,IMJS,372,382,364,366,916800
6/9/2022,IMPC,3670,3680,3600,3650,3729900
6/9/2022,INAF,1080,1095,1080,1080,137300
6/9/2022,INAI,320,328,320,320,10300
6/9/2022,INCF,52,52,51,51,7107600
6/9/2022,INCI,720,745,700,740,247200
6/9/2022,INCO,7700,7700,7450,7650,18689000
6/9/2022,INDF,6975,6975,6800,6875,15634600
6/9/2022,INDO,101,106,99,104,29102100
6/9/2022,INDO-W,18,18,17,18,11693300
6/9/2022,INDR,10800,11375,10700,10800,402300
6/9/2022,INDS,2240,2280,2240,2250,14000
6/9/2022,INDX,334,350,312,312,18851900
6/9/2022,INDY,3000,3060,2960,2990,22433400
6/9/2022,INKP,8350,8450,8250,8275,6401400
6/9/2022,INOV,198,228,197,202,20926000
6/9/2022,INPC,93,95,92,93,2670200
6/9/2022,INPP,400,400,400,400,0
6/9/2022,INPS,1450,1450,1310,1340,1100
6/9/2022,INRU,635,665,635,665,13100
6/9/2022,INTA,74,74,74,74,0
6/9/2022,INTD,246,246,236,240,369200
6/9/2022,INTP,9675,9700,9500,9500,6586300
6/9/2022,IPAC,110,122,109,118,1500
6/9/2022,IPCC,640,650,630,640,2893300
6/9/2022,IPCM,314,320,312,312,4267300
6/9/2022,IPOL,164,167,161,162,1022100
6/9/2022,IPPE,244,300,240,300,280356000
6/9/2022,IPTV,130,130,120,126,115180200
6/9/2022,IRRA,1380,1415,1380,1395,6131100
6/9/2022,ISAT,6200,6650,6025,6425,25404900
6/9/2022,ISSP,314,324,312,320,13147600
6/9/2022,ITIC,268,270,264,270,287700
6/9/2022,ITMA,545,580,540,580,1822800
6/9/2022,ITMA-W,75,98,75,90,40000
6/9/2022,ITMG,35150,35325,34800,35000,3010800
6/9/2022,JAST,121,126,119,121,13418100
6/9/2022,JAST-W,25,27,23,24,1760900
6/9/2022,JAWA,156,177,155,156,32485700
6/9/2022,JAYA,142,147,137,138,17752400
6/9/2022,JAYA-W,35,37,34,34,1996400
6/9/2022,JECC,4370,4370,4370,4370,300
6/9/2022,JGLE,50,50,50,50,0
6/9/2022,JIHD,294,312,294,304,629500
6/9/2022,JKON,88,88,84,84,25299200
6/9/2022,JKSW,60,60,60,60,0
6/9/2022,JMAS,100,102,98,99,1606300
6/9/2022,JPFA,1460,1475,1430,1430,19950300
6/9/2022,JRPT,490,492,484,490,1027100
6/9/2022,JSKY,64,64,63,64,4328400
6/9/2022,JSMR,3940,4030,3930,3950,8493000
6/9/2022,JSPT,775,775,775,775,100
6/9/2022,JTPE,1000,1000,980,995,99000
6/9/2022,KAEF,1450,1455,1445,1445,483000
6/9/2022,KARW,132,141,132,135,3366300
6/9/2022,KAYU,50,50,50,50,10700
6/9/2022,KBAG,50,50,50,50,543000
6/9/2022,KBAG-W,8,9,7,9,1677200
6/9/2022,KBLI,326,326,318,320,390200
6/9/2022,KBLM,254,270,254,256,6818800
6/9/2022,KBLV,246,254,236,244,2465300
6/9/2022,KBRI,50,50,50,50,0
6/9/2022,KDSI,1130,1190,1120,1125,287500
6/9/2022,KEEN,464,464,456,458,1114000
6/9/2022,KEJU,1250,1275,1240,1250,112000
6/9/2022,KIAS,50,50,50,50,126000
6/9/2022,KICI,194,195,191,194,387500
6/9/2022,KIJA,168,169,166,167,753000
6/9/2022,KINO,3640,3800,3640,3750,2483700
6/9/2022,KIOS,292,300,290,292,1837800
6/9/2022,KJEN,102,104,97,100,347700
6/9/2022,KKGI,615,620,590,590,19823900
6/9/2022,KLBF,1625,1655,1620,1635,65482700
6/9/2022,KMDS,600,620,600,610,129700
6/9/2022,KMTR,296,296,296,296,24700
6/9/2022,KOBX,610,645,585,620,4520900
6/9/2022,KOIN,151,151,151,151,0
6/9/2022,KONI,1805,1900,1780,1885,2400
6/9/2022,KOPI,580,580,545,545,5900
6/9/2022,KOTA,50,50,50,50,17600
6/9/2022,KOTA-W,25,29,24,25,117400
6/9/2022,KPAL,50,50,50,50,0
6/9/2022,KPAS,62,62,62,62,0
6/9/2022,KPIG,93,95,92,92,48511500
6/9/2022,KRAH,436,436,436,436,0
6/9/2022,KRAS,390,398,386,388,8583000
6/9/2022,KREN,50,50,50,50,167100
6/9/2022,KUAS,77,81,74,81,44566900
6/9/2022,KUAS-W,16,17,15,16,8426900
6/9/2022,LABA,193,194,180,180,21917100
6/9/2022,LABA-W,26,28,23,23,19784100
6/9/2022,LAND,200,214,186,186,97799900
6/9/2022,LAPD,50,50,50,50,0
6/9/2022,LCGP,114,114,114,114,0
6/9/2022,LCKM,298,314,288,308,900
6/9/2022,LEAD,50,50,50,50,1586300
6/9/2022,LFLO,83,85,76,80,1053300
6/9/2022,LIFE,5900,5900,5900,5900,0
6/9/2022,LINK,4530,4560,4500,4560,2430700
6/9/2022,LION,398,450,392,424,394000
6/9/2022,LMAS,50,50,50,50,100700
6/9/2022,LMPI,169,174,168,173,36400
6/9/2022,LMSH,680,695,675,690,6000
6/9/2022,LPCK,1335,1360,1300,1325,6575900
6/9/2022,LPGI,9275,9275,9200,9200,400
6/9/2022,LPIN,480,498,472,480,2559500
6/9/2022,LPKR,128,128,126,128,18059400
6/9/2022,LPLI,266,270,260,268,228000
6/9/2022,LPPF,5125,5150,4900,4990,4935300
6/9/2022,LPPS,98,99,97,98,178300
6/9/2022,LRNA,199,202,195,200,68300
6/9/2022,LSIP,1400,1405,1355,1355,11653000
6/9/2022,LTLS,1540,1580,1470,1510,2490500
6/9/2022,LUCK,236,236,224,226,778000
6/9/2022,LUCY,111,113,105,107,11074500
6/9/2022,LUCY-W,66,67,65,65,1023400
6/9/2022,MABA,50,50,50,50,0
6/9/2022,MAGP,50,50,50,50,100
6/9/2022,MAIN,615,620,605,610,675800
6/9/2022,MAMI,50,50,50,50,0
6/9/2022,MAMI-W,6,6,6,6,0
6/9/2022,MAMIP,600,600,600,600,0
6/9/2022,MAPA,3130,3140,3030,3030,697000
6/9/2022,MAPB,1655,1655,1655,1655,4900
6/9/2022,MAPI,965,970,940,950,34474900
6/9/2022,MARI,177,188,176,188,20600900
6/9/2022,MARK,1115,1115,1065,1100,20342600
6/9/2022,MASA,3190,3380,3170,3320,227800
6/9/2022,MASB,3510,3510,3510,3510,43900
6/9/2022,MASB-W,300,300,264,288,10600
6/9/2022,MAYA,595,610,580,605,477900
6/9/2022,MBAP,7725,7725,7550,7650,290600
6/9/2022,MBSS,1180,1190,1120,1140,2080800
6/9/2022,MBTO,113,114,112,112,17100
6/9/2022,MCAS,13175,13275,12450,13150,952800
6/9/2022,MCOL,7075,7350,7050,7225,3491400
6/9/2022,MCOR,94,94,93,94,2491400
6/9/2022,MDIA,50,50,50,50,8500
6/9/2022,MDKA,5150,5275,5100,5150,55379800
6/9/2022,MDKI,206,208,206,208,1909700
6/9/2022,MDLN,112,115,105,106,131805500
6/9/2022,MDRN,50,50,50,50,2000
6/9/2022,MEDC,670,680,635,645,138174700
6/9/2022,MEGA,5800,5900,5775,5775,11200
6/9/2022,MERK,4020,4040,3980,4020,76500
6/9/2022,META,113,115,112,115,697200
6/9/2022,MFIN,1515,1515,1445,1450,40300
6/9/2022,MFMI,775,800,775,790,9700
6/9/2022,MGLV,180,182,165,170,61300
6/9/2022,MGLV-W,1,1,1,1,0
6/9/2022,MGNA,50,50,50,50,0
6/9/2022,MGRO,845,845,830,835,3595400
6/9/2022,MICE,428,428,418,418,60900
6/9/2022,MIDI,2150,2250,2150,2250,40000
6/9/2022,MIKA,2700,2700,2580,2620,11245400
6/9/2022,MINA,50,50,50,50,900
6/9/2022,MIRA,50,50,50,50,300
6/9/2022,MITI,160,177,160,168,14276500
6/9/2022,MKNT,50,50,50,50,0
6/9/2022,MKPI,22475,22475,22475,22475,15000
6/9/2022,MLBI,9975,11000,9900,10275,112600
6/9/2022,MLIA,3290,3290,3090,3130,6648400
6/9/2022,MLPL,178,181,177,178,22634900
6/9/2022,MLPT,3100,3150,3100,3150,20500
6/9/2022,MMLP,500,500,488,490,4054900
6/9/2022,MNCN,1020,1025,990,1000,22434300
6/9/2022,MOLI,304,312,296,310,186700
6/9/2022,MPMX,1100,1120,1100,1100,13623700
6/9/2022,MPOW,97,99,96,96,1432800
6/9/2022,MPPA,258,258,244,248,20823500
6/9/2022,MPRO,605,630,605,630,500
6/9/2022,MRAT,184,188,181,187,1030200
6/9/2022,MREI,3480,3480,3430,3460,600
6/9/2022,MSIN,4700,5225,4600,5075,3750700
6/9/2022,MSKY,358,360,338,342,2971700
6/9/2022,MTDL,680,685,650,655,22044500
6/9/2022,MTEL,725,735,710,710,47879900
6/9/2022,MTFN,50,50,50,50,100
6/9/2022,MTLA,358,358,354,354,33500
6/9/2022,MTMH,2520,2580,2500,2540,10273100
6/9/2022,MTPS,50,51,50,50,1012300
6/9/2022,MTRA,244,244,244,244,0
6/9/2022,MTSM,220,220,208,218,3100
6/9/2022,MTWI,148,154,147,150,10802400
6/9/2022,MYOH,1685,1685,1645,1645,42800
6/9/2022,MYOR,1700,1705,1665,1690,4883000
6/9/2022,MYRX,50,50,50,50,0
6/9/2022,MYRXP,50,50,50,50,0
6/9/2022,MYTX,60,60,59,59,14900
6/9/2022,NANO,52,52,51,52,5603000
6/9/2022,NANO-W,9,10,9,9,1984200
6/9/2022,NASA,50,52,50,50,6657400
6/9/2022,NASI,352,358,328,328,41673000
6/9/2022,NATO,610,620,605,605,265099000
6/9/2022,NELY,358,374,340,346,6449500
6/9/2022,NETV,352,374,346,374,19618400
6/9/2022,NFCX,8800,9125,8725,9000,5263200
6/9/2022,NICK,458,470,434,470,81700
6/9/2022,NICL,105,111,101,109,109402700
6/9/2022,NICL-W,11,12,11,12,40589000
6/9/2022,NIKL,895,900,890,895,152100
6/9/2022,NIPS,282,282,282,282,0
6/9/2022,NIRO,138,148,138,145,201100
6/9/2022,NISP,645,645,635,640,28445400
6/9/2022,NOBU,560,575,555,565,461200
6/9/2022,NPGF,62,77,59,70,413115200
6/9/2022,NRCA,294,302,294,294,566500
6/9/2022,NTBK,50,50,50,50,339500
6/9/2022,NTBK-W,8,9,8,8,4512200
6/9/2022,NUSA,50,50,50,50,0
6/9/2022,NZIA,142,145,137,141,103000
6/9/2022,OASA,640,675,640,655,2292900
6/9/2022,OBMD,134,167,134,150,44865100
6/9/2022,OBMD-W,32,40,29,32,49145200
6/9/2022,OCAP,159,159,159,159,0
6/9/2022,OILS,228,228,214,214,3059800
6/9/2022,OILS-W,60,61,56,56,252900
6/9/2022,OKAS,57,58,56,56,4344900
6/9/2022,OLIV,101,102,100,102,1033000
6/9/2022,OLIV-W,9,10,8,9,14978900
6/9/2022,OMRE,515,515,515,515,0
6/9/2022,OPMS,115,116,114,116,804500
6/9/2022,PADI,50,50,50,50,300
6/9/2022,PALM,990,1010,945,950,18662300
6/9/2022,PAMG,84,85,83,83,286800
6/9/2022,PANI,5725,5725,5325,5325,97700
6/9/2022,PANR,246,264,232,242,26232200
6/9/2022,PANS,1550,1595,1525,1560,1129100
6/9/2022,PBID,1705,1715,1690,1700,804300
6/9/2022,PBRX,136,141,134,140,4504000
6/9/2022,PBSA,830,830,800,820,199900
6/9/2022,PCAR,151,153,147,153,126700
6/9/2022,PDES,206,208,202,204,2332300
6/9/2022,PEGE,1190,1190,1130,1135,401400
6/9/2022,PEHA,1005,1010,1000,1010,39000
6/9/2022,PGAS,1695,1700,1655,1680,84648200
6/9/2022,PGJO,75,82,69,70,207400
6/9/2022,PGLI,266,266,248,250,86700
6/9/2022,PGUN,700,700,690,690,6400
6/9/2022,PICO,94,97,93,93,36800
6/9/2022,PJAA,605,605,595,605,48300
6/9/2022,PKPK,192,192,181,181,2603900
6/9/2022,PLAN,37,37,36,37,327700
6/9/2022,PLAN-W,9,10,8,10,407900
6/9/2022,PLAS,50,50,50,50,0
6/9/2022,PLIN,2480,2500,2330,2330,1800
6/9/2022,PMJS,202,202,191,197,655200
6/9/2022,PMMP,398,410,392,406,22122000
6/9/2022,PNBN,1500,1555,1490,1530,35714600
6/9/2022,PNBS,65,67,64,67,36220800
6/9/2022,PNGO,1430,1440,1385,1435,67900
6/9/2022,PNIN,820,855,820,850,11358500
6/9/2022,PNLF,336,352,316,342,429506100
6/9/2022,PNSE,545,565,545,565,500
6/9/2022,POLA,107,109,106,108,2013800
6/9/2022,POLA-W,69,69,64,65,48700
6/9/2022,POLI,1240,1240,1200,1200,300100
6/9/2022,POLL,486,492,464,470,8648600
6/9/2022,POLU,530,555,525,530,1700
6/9/2022,POLY,68,68,66,67,3013900
6/9/2022,POOL,50,50,50,50,0
6/9/2022,PORT,575,575,570,570,1800
6/9/2022,POSA,50,50,50,50,0
6/9/2022,POWR,725,735,715,715,3615900
6/9/2022,PPGL,151,158,147,150,5369700
6/9/2022,PPGL-W,11,12,7,8,39501500
6/9/2022,PPRE,167,167,162,163,6920600
6/9/2022,PPRO,51,51,50,50,23870500
6/9/2022,PRAS,212,216,212,216,308600
6/9/2022,PRDA,6225,6325,6200,6200,257400
6/9/2022,PRIM,266,270,264,264,250500
6/9/2022,PSAB,125,125,124,124,942300
6/9/2022,PSDN,149,154,140,140,883200
6/9/2022,PSGO,202,208,188,188,6537500
6/9/2022,PSKT,61,65,61,63,42480200
6/9/2022,PSSI,805,820,755,760,9296700
6/9/2022,PTBA,4050,4130,4040,4070,69345500
6/9/2022,PTDU,112,112,112,112,2811700
6/9/2022,PTIS,174,187,174,185,29600
6/9/2022,PTPP,975,990,950,950,38653300
6/9/2022,PTPW,925,935,920,920,284200
6/9/2022,PTRO,2910,2940,2910,2920,466600
6/9/2022,PTSN,208,210,206,206,60100
6/9/2022,PTSP,3720,3720,3650,3700,600
6/9/2022,PUDP,290,330,290,330,1900
6/9/2022,PURA,50,50,50,50,2795400
6/9/2022,PURA-W,12,12,11,12,739600
6/9/2022,PURE,54,54,52,54,3348700
6/9/2022,PURI,482,496,466,466,8900
6/9/2022,PWON,505,510,492,492,83931300
6/9/2022,PYFA,1030,1075,1030,1050,227700
6/9/2022,PZZA,620,625,605,615,621100
6/9/2022,R-ABFII,28600,28600,28600,28600,0
6/9/2022,R-LQ45X,1145,1146,1138,1138,62200
6/9/2022,RAJA,408,426,380,380,153011500
6/9/2022,RALS,640,645,615,620,13738100
6/9/2022,RANC,1410,1410,1370,1380,19500
6/9/2022,RBMS,58,66,56,66,84968200
6/9/2022,RDTX,6850,6850,6850,6850,0
6/9/2022,REAL,50,50,50,50,173300
6/9/2022,RELI,535,535,535,535,2100
6/9/2022,RICY,73,75,73,74,4390900
6/9/2022,RIGS,570,585,550,570,833100
6/9/2022,RIMO,50,50,50,50,0
6/9/2022,RISE,610,620,595,605,2950100
6/9/2022,RMBA,306,306,306,306,0
6/9/2022,RMKE,620,640,600,610,19452100
6/9/2022,ROCK,520,520,520,520,0
6/9/2022,RODA,98,98,95,96,953000
6/9/2022,RONY,800,800,800,800,0
6/9/2022,ROTI,1290,1300,1280,1290,449500
6/9/2022,RSGK,1300,1365,1300,1345,75400
6/9/2022,RUIS,212,236,212,224,3584600
6/9/2022,RUNS,226,226,220,222,108400
6/9/2022,SAFE,220,220,208,220,963000
6/9/2022,SAME,402,412,402,404,4583100
6/9/2022,SAMF,530,565,490,490,77932600
6/9/2022,SAPX,1290,1300,1240,1240,7300
6/9/2022,SATU,107,109,107,109,3146400
6/9/2022,SBAT,50,50,50,50,7900
6/9/2022,SBAT-W,7,8,7,8,306900
6/9/2022,SBAT-W2,14,15,11,11,13944700
6/9/2022,SBMA,148,151,146,148,3707400
6/9/2022,SBMA-W,48,49,44,49,268900
6/9/2022,SCCO,10000,10150,9900,9925,23300
6/9/2022,SCMA,222,222,212,214,107145600
6/9/2022,SCNP,222,222,212,220,126100
6/9/2022,SCPI,29000,29000,29000,29000,0
6/9/2022,SDMU,111,111,99,99,76311700
6/9/2022,SDPC,134,139,133,136,803300
6/9/2022,SDRA,595,600,580,590,131200
6/9/2022,SEMA,248,248,238,244,4487800
6/9/2022,SEMA-W,36,45,36,44,6992200
6/9/2022,SFAN,1560,1560,1550,1560,446200
6/9/2022,SGER,2580,2600,2450,2530,11180900
6/9/2022,SGER-W,2000,2000,2000,2000,0
6/9/2022,SGRO,2230,2250,2220,2230,262000
6/9/2022,SHID,2310,2310,2290,2300,363100
6/9/2022,SHIP,1000,1005,950,995,3753500
6/9/2022,SICO,126,156,126,151,89888600
6/9/2022,SICO-W,50,54,50,52,1971600
6/9/2022,SIDO,985,985,975,975,14127000
6/9/2022,SILO,1125,1125,1090,1110,1132900
6/9/2022,SIMA,50,50,50,50,0
6/9/2022,SIMP,500,505,498,500,5927800
6/9/2022,SINI,260,272,256,272,1700
6/9/2022,SINI-W,124,144,123,125,9200
6/9/2022,SIPD,1470,1470,1415,1415,1300
6/9/2022,SKBM,406,410,378,396,367400
6/9/2022,SKLT,1985,1985,1985,1985,0
6/9/2022,SKRN,1260,1260,1230,1235,915800
6/9/2022,SKYB,51,51,51,51,0
6/9/2022,SLIS,406,410,376,376,19343700
6/9/2022,SMAR,5100,5150,5000,5100,85800
6/9/2022,SMBR,515,530,500,500,4201100
6/9/2022,SMCB,1675,1685,1675,1675,428500
6/9/2022,SMDM,210,212,199,200,461200
6/9/2022,SMDR,3810,3860,3580,3650,18523900
6/9/2022,SMGR,7225,7250,7000,7000,11853100
6/9/2022,SMKL,398,400,392,394,1075400
6/9/2022,SMKL-W,13,14,12,13,3166100
6/9/2022,SMKM,218,230,216,224,1953300
6/9/2022,SMMA,12100,12100,12100,12100,0
6/9/2022,SMMT,1085,1125,1025,1035,19632900
6/9/2022,SMRA,665,675,655,665,24579700
6/9/2022,SMRU,50,50,50,50,0
6/9/2022,SMSM,1425,1460,1425,1450,1137900
6/9/2022,SNLK,1020,1110,1015,1085,21679700
6/9/2022,SOCI,200,204,199,200,8514200
6/9/2022,SOFA,33,33,31,32,2460900
6/9/2022,SOHO,5950,5950,5900,5950,1500
6/9/2022,SONA,3900,3900,3900,3900,0
6/9/2022,SOSS,386,406,380,406,71600
6/9/2022,SOSS-W,41,42,37,40,9800
6/9/2022,SOTS,296,296,296,296,100
6/9/2022,SOTS-W,52,52,52,52,0
6/9/2022,SPMA,720,720,690,690,2895300
6/9/2022,SPTO,590,595,580,580,881500
6/9/2022,SQMI,65,68,64,66,10222800
6/9/2022,SRAJ,190,190,186,188,77800
6/9/2022,SRIL,146,146,146,146,0
6/9/2022,SRSN,53,54,52,52,5381200
6/9/2022,SRTG,3400,3420,3310,3310,9881000
6/9/2022,SSIA,396,398,392,392,688600
6/9/2022,SSMS,1250,1250,1200,1200,5148300
6/9/2022,SSTM,770,770,770,770,300
6/9/2022,STAA,1170,1240,1170,1185,14953100
6/9/2022,STAR,136,136,131,136,11600
6/9/2022,STTP,8600,8850,8600,8850,400
6/9/2022,SUGI,50,50,50,50,0
6/9/2022,SULI,71,75,68,70,31835200
6/9/2022,SUPR,40725,40725,39000,40700,700
6/9/2022,SURE,1900,1900,1900,1900,0
6/9/2022,SWAT,90,98,89,91,31063100
6/9/2022,TALF,358,358,358,358,200
6/9/2022,TAMA,56,57,55,57,5961400
6/9/2022,TAMA-W,14,15,14,15,251300
6/9/2022,TAMU,50,50,50,50,5100
6/9/2022,TAPG,700,705,670,675,43087500
6/9/2022,TARA,50,50,50,50,18200
6/9/2022,TAXI,50,50,50,50,400
6/9/2022,TAYS,197,197,196,197,23500
6/9/2022,TBIG,2850,2860,2810,2810,21406300
6/9/2022,TBLA,800,800,790,795,1040100
6/9/2022,TBMS,1790,1790,1700,1790,11600
6/9/2022,TCID,5000,5050,5000,5000,32300
6/9/2022,TCPI,11600,11625,10875,10900,5898600
6/9/2022,TDPM,119,119,119,119,0
6/9/2022,TEBE,965,1000,950,975,927800
6/9/2022,TECH,5900,5900,5500,5800,2834900
6/9/2022,TELE,99,99,99,99,377200
6/9/2022,TFAS,4610,4610,4550,4570,5800
6/9/2022,TFCO,750,750,750,750,0
6/9/2022,TGKA,7200,7250,7000,7250,2600
6/9/2022,TGRA,63,64,61,63,1429500
6/9/2022,TIFA,500,515,490,490,14300
6/9/2022,TINS,1970,2010,1950,1985,56247100
6/9/2022,TIRA,422,424,418,422,3500
6/9/2022,TIRT,89,92,86,90,3245800
6/9/2022,TKIM,7100,7150,7025,7050,1743900
6/9/2022,TLDN,680,690,670,685,1516400
6/9/2022,TLKM,4080,4130,4050,4050,148580200
6/9/2022,TMAS,2730,2800,2610,2700,5320600
6/9/2022,TMPO,129,129,127,128,27700
6/9/2022,TNCA,610,625,575,575,3384600
6/9/2022,TOBA,1025,1060,1000,1010,10562800
6/9/2022,TOPS,50,50,50,50,1300
6/9/2022,TOTL,322,330,322,326,4564700
6/9/2022,TOTO,300,310,286,310,1829900
6/9/2022,TOWR,965,975,940,940,52870900
6/9/2022,TOYS,157,165,143,143,204623800
6/9/2022,TOYS-W,15,16,12,14,14682600
6/9/2022,TPIA,10025,10100,10000,10000,2267700
6/9/2022,TPMA,410,436,408,408,17500300
6/9/2022,TRAM,50,50,50,50,0
6/9/2022,TRIL,50,50,50,50,0
6/9/2022,TRIM,280,282,276,276,2221400
6/9/2022,TRIN,484,496,474,488,7074100
6/9/2022,TRIN-W,118,120,115,118,4495500
6/9/2022,TRIO,426,426,426,426,0
6/9/2022,TRIS,186,236,182,220,15538800
6/9/2022,TRIS-W,6,6,6,6,0
6/9/2022,TRJA,224,236,224,228,19074300
6/9/2022,TRST,725,725,725,725,1000
6/9/2022,TRUE,75,75,68,70,45935100
6/9/2022,TRUE-W,17,17,16,17,3517000
6/9/2022,TRUK,140,154,140,148,18499400
6/9/2022,TRUS,424,430,390,398,20900
6/9/2022,TSPC,1455,1465,1455,1455,2398100
6/9/2022,TUGU,1335,1380,1335,1365,1457000
6/9/2022,TURI,1560,1560,1560,1560,0
6/9/2022,UANG,635,695,605,680,3600
6/9/2022,UCID,1195,1220,1195,1200,2261000
6/9/2022,UFOE,1630,1630,1630,1630,29000
6/9/2022,ULTJ,1500,1500,1480,1480,1728800
6/9/2022,UNIC,13375,13875,13175,13675,5300
6/9/2022,UNIQ,65,65,64,65,2519700
6/9/2022,UNIT,316,316,316,316,0
6/9/2022,UNSP,122,122,120,121,296500
6/9/2022,UNTR,33050,33075,32275,32400,4536200
6/9/2022,UNVR,4900,4930,4760,4820,32236200
6/9/2022,URBN,316,318,312,316,308600
6/9/2022,UVCR,119,122,118,122,2729100
6/9/2022,UVCR-W,30,32,29,30,814100
6/9/2022,VICI,476,488,474,476,2651500
6/9/2022,VICO,151,153,149,152,64500
6/9/2022,VINS,155,157,154,157,39700
6/9/2022,VIVA,50,50,50,50,78000
6/9/2022,VOKS,175,175,169,169,64700
6/9/2022,VRNA,109,111,107,109,678700
6/9/2022,WAPO,121,123,118,120,48000
6/9/2022,WEGE,182,182,178,178,8093900
6/9/2022,WEHA,165,167,162,166,4627400
6/9/2022,WGSH,210,212,189,199,12172600
6/9/2022,WICO,368,368,366,366,1300
6/9/2022,WIFI,312,330,308,324,65544400
6/9/2022,WIFI-W,120,134,110,130,6800
6/9/2022,WIIM,550,550,540,540,7984800
6/9/2022,WIKA,990,1005,965,965,35493800
6/9/2022,WINR,97,97,97,97,104884400
6/9/2022,WINR-W,9,9,8,9,51876000
6/9/2022,WINS,185,195,182,182,18176500
6/9/2022,WIRG,770,775,730,735,32684800
6/9/2022,WIRG-W,442,460,418,420,745500
6/9/2022,WMPP,121,126,120,122,14561700
6/9/2022,WMUU,139,141,138,138,8361100
6/9/2022,WOMF,260,262,254,256,936100
6/9/2022,WOOD,660,670,635,645,11205200
6/9/2022,WOWS,50,50,50,50,854000
6/9/2022,WSBP,95,95,95,95,0
6/9/2022,WSKT,570,580,560,565,49942300
6/9/2022,WTON,222,222,214,214,4709100
6/9/2022,XAFA,1533,1533,1273,1350,6600
6/9/2022,XAQA,1076,1076,1073,1073,700
6/9/2022,XBES,1002,1344,1002,1344,10700
6/9/2022,XBID,597,597,597,597,500
6/9/2022,XBIG,578,578,578,578,0
6/9/2022,XBIN,565,565,565,565,0
6/9/2022,XBLQ,535,535,535,535,0
6/9/2022,XBNI,1145,1147,1145,1145,8900
6/9/2022,XBSK,441,441,441,441,0
6/9/2022,XCEG,100,100,99,99,10000
6/9/2022,XCID,89,89,84,86,4500
6/9/2022,XCIS,100,100,100,100,100
6/9/2022,XCLQ,112,113,111,113,2300
6/9/2022,XDIF,515,515,515,515,0
6/9/2022,XDSG,1042,1042,1042,1042,0
6/9/2022,XFES,139,139,139,139,0
6/9/2022,XIFE,113,113,113,113,0
6/9/2022,XIHD,583,590,583,590,9600
6/9/2022,XIIC,1004,1004,1004,1004,0
6/9/2022,XIID,581,581,581,581,100
6/9/2022,XIIF,550,550,550,550,100
6/9/2022,XIIT,608,610,605,605,12800
6/9/2022,XIJI,680,680,675,675,15200
6/9/2022,XILV,127,127,126,126,300
6/9/2022,XIML,286,286,272,272,200
6/9/2022,XIPI,209,209,198,202,400
6/9/2022,XISB,398,398,398,398,0
6/9/2022,XISC,755,755,749,749,3200
6/9/2022,XISI,356,356,356,356,0
6/9/2022,XISR,437,442,437,441,6700
6/9/2022,XKIV,574,574,574,574,0
6/9/2022,XKMS,1189,1190,1182,1182,1191700
6/9/2022,XMIG,201,201,201,201,0
6/9/2022,XMJM,1001,1001,1001,1001,0
6/9/2022,XMTS,515,515,515,515,0
6/9/2022,XNVE,180,181,180,181,300
6/9/2022,XPCR,1007,1007,1007,1007,0
6/9/2022,XPDV,595,595,585,593,20800
6/9/2022,XPES,460,460,460,460,100
6/9/2022,XPFT,583,583,583,583,0
6/9/2022,XPID,574,574,574,574,0
6/9/2022,XPLC,536,536,536,536,0
6/9/2022,XPLQ,542,542,542,542,0
6/9/2022,XPMI,1010,1010,1010,1010,0
6/9/2022,XPSG,423,423,423,423,0
6/9/2022,XPTD,555,560,555,560,900
6/9/2022,XSBC,116,118,116,118,5900
6/9/2022,XSMU,153,153,153,153,600
6/9/2022,XSPI,750,750,750,750,0
6/9/2022,XSRI,202,202,202,202,0
6/9/2022,XSSI,83,86,80,82,665600
6/9/2022,XSSK,733,733,733,733,0
6/9/2022,YELO,101,118,99,106,546457100
6/9/2022,YPAS,685,685,650,680,3300
6/9/2022,YULE,2100,2100,2100,2100,200
6/9/2022,ZBRA,585,605,555,590,1180400
6/9/2022,ZINC,83,86,83,85,1009419900
6/9/2022,ZONE,1485,1530,1470,1520,1665700
6/9/2022,ZYRX,480,484,468,470,832000
6/9/2022,ZYRX-W,59,60,59,60,34300
