<date>,<ticker>,<open>,<high>,<low>,<close>,<volume>
3/10/2022,IHSG,6897.175,6924.008,6837.725,6924.008,201799252
3/10/2022,AALI,12000,12200,11250,11675,5720200
3/10/2022,ABBA,308,312,294,304,25000100
3/10/2022,ABDA,6600,6600,6600,6600,0
3/10/2022,ABMM,1720,1720,1600,1690,5596000
3/10/2022,ACES,1045,1115,1045,1110,79470300
3/10/2022,ACST,188,192,188,190,4889000
3/10/2022,ADCP,100,102,97,99,55126700
3/10/2022,ADES,3700,3720,3670,3700,116000
3/10/2022,ADHI,795,820,775,790,24109500
3/10/2022,ADMF,7975,8025,7900,8000,214200
3/10/2022,ADMG,181,188,180,183,326800
3/10/2022,ADMR,1670,1700,1605,1680,149498100
3/10/2022,ADRO,2980,3070,2870,2980,236733800
3/10/2022,AGAR,372,374,372,372,6300
3/10/2022,AGII,1415,1465,1395,1450,8564400
3/10/2022,AGRO,1280,1295,1260,1290,19450200
3/10/2022,AGRS,137,143,136,142,9867200
3/10/2022,AHAP,70,73,68,69,4582200
3/10/2022,AIMS,294,300,274,274,2194200
3/10/2022,AISA,176,182,176,179,3847000
3/10/2022,AKKU,50,50,50,50,4911300
3/10/2022,AKPI,940,950,915,945,18500
3/10/2022,AKRA,800,810,775,795,61076900
3/10/2022,AKSI,470,575,462,555,307000
3/10/2022,ALDO,1000,1060,990,1040,8416100
3/10/2022,ALDO-W,230,268,228,248,191800
3/10/2022,ALKA,294,300,294,294,16200
3/10/2022,ALMI,284,302,284,298,4800
3/10/2022,ALTO,224,224,214,222,12300
3/10/2022,AMAG,380,382,360,368,100400
3/10/2022,AMAN,525,525,525,525,986700
3/10/2022,AMAR,310,354,310,346,163568300
3/10/2022,AMFG,5000,5175,5000,5000,50800
3/10/2022,AMIN,170,189,169,185,657400
3/10/2022,AMOR,1615,1660,1615,1660,13900
3/10/2022,AMRT,1070,1170,1065,1170,50612600
3/10/2022,ANDI,50,50,50,50,17100
3/10/2022,ANJT,1100,1115,1075,1115,242100
3/10/2022,ANTM,2530,2660,2490,2570,489605600
3/10/2022,APEX,685,705,670,670,47700
3/10/2022,APIC,1135,1140,1120,1125,10545200
3/10/2022,APII,189,191,181,185,79500
3/10/2022,APLI,206,206,206,206,14900
3/10/2022,APLN,124,126,120,120,25932300
3/10/2022,ARCI,505,505,476,500,17176500
3/10/2022,ARGO,1420,1770,1350,1470,4100
3/10/2022,ARII,240,246,240,244,25100
3/10/2022,ARKA,50,50,50,50,14000
3/10/2022,ARMY,50,50,50,50,0
3/10/2022,ARNA,855,875,845,875,2120900
3/10/2022,ARTA,1720,1760,1710,1740,14100
3/10/2022,ARTI,50,50,50,50,0
3/10/2022,ARTO,15200,15850,15200,15775,31054900
3/10/2022,ASBI,298,298,298,298,2500
3/10/2022,ASDM,985,985,985,985,300
3/10/2022,ASGR,810,815,805,815,201800
3/10/2022,ASII,6300,6300,6150,6250,56584100
3/10/2022,ASJT,127,136,127,131,42500
3/10/2022,ASLC,252,256,248,248,5219700
3/10/2022,ASMI,169,200,167,174,284100
3/10/2022,ASPI,64,68,60,63,2883800
3/10/2022,ASPI-W,18,18,13,14,55071800
3/10/2022,ASRI,165,168,160,160,33174300
3/10/2022,ASRM,1545,1590,1545,1575,3300
3/10/2022,ASSA,2260,2300,2170,2300,6797900
3/10/2022,ATAP,154,175,154,154,50796700
3/10/2022,ATIC,480,500,478,490,39300
3/10/2022,AUTO,1075,1080,1065,1075,1994600
3/10/2022,AVIA,715,725,705,715,50174300
3/10/2022,AYLS,258,286,252,260,73125200
3/10/2022,BABP,180,185,178,180,67674100
3/10/2022,BABP-W3,120,133,102,112,14300
3/10/2022,BABP-W4,159,159,137,137,2400
3/10/2022,BACA,202,208,200,204,10002300
3/10/2022,BACA-W2,102,102,102,102,100
3/10/2022,BAJA,268,282,268,276,372700
3/10/2022,BALI,800,820,800,815,633600
3/10/2022,BANK,2180,2190,2130,2150,16348000
3/10/2022,BANK-W,1850,1850,1850,1850,100
3/10/2022,BAPA,115,126,114,123,87618500
3/10/2022,BAPI,50,50,50,50,10500
3/10/2022,BAPI-W,7,7,6,7,838500
3/10/2022,BATA,456,458,456,458,700
3/10/2022,BAUT,95,95,89,93,168451200
3/10/2022,BAUT-W,16,17,16,16,61555000
3/10/2022,BAYU,1160,1160,1160,1160,0
3/10/2022,BBCA,7925,7975,7800,7925,86484000
3/10/2022,BBHI,5050,5100,4820,5000,3886700
3/10/2022,BBKP,248,254,246,252,92520200
3/10/2022,BBLD,398,408,398,408,4500
3/10/2022,BBMD,2010,2010,2010,2010,400
3/10/2022,BBNI,7850,7900,7725,7775,19382100
3/10/2022,BBRI,4640,4640,4510,4570,225575800
3/10/2022,BBRM,50,51,50,50,2742400
3/10/2022,BBSI,5250,5350,5000,5300,11900
3/10/2022,BBSS,52,54,51,53,3367200
3/10/2022,BBTN,1730,1730,1680,1705,18149800
3/10/2022,BBYB,2030,2050,1975,2050,51550200
3/10/2022,BCAP,240,248,228,232,83992900
3/10/2022,BCIC,156,159,151,154,1459600
3/10/2022,BCIP,66,70,66,67,7434000
3/10/2022,BDMN,2310,2320,2290,2320,940600
3/10/2022,BEBS,4060,4450,4000,4370,48121400
3/10/2022,BEEF,52,52,51,52,994600
3/10/2022,BEKS,50,50,50,50,1877300
3/10/2022,BELL,76,101,74,75,39358500
3/10/2022,BESS,450,470,422,456,416600
3/10/2022,BESS-W,408,408,400,400,300
3/10/2022,BEST,107,108,103,106,15621300
3/10/2022,BFIN,1285,1310,1270,1275,25348100
3/10/2022,BGTG,188,208,188,202,137389800
3/10/2022,BHAT,990,995,990,990,1549500
3/10/2022,BHIT,56,57,55,55,108992100
3/10/2022,BIKA,212,220,204,216,113000
3/10/2022,BIMA,212,228,212,222,2726700
3/10/2022,BINA,3590,3600,3580,3580,188200
3/10/2022,BINO,136,137,131,134,5539000
3/10/2022,BINO-W,29,29,28,28,1979600
3/10/2022,BIPI,50,51,50,51,1155798800
3/10/2022,BIPI-W,11,11,9,11,5273300
3/10/2022,BIPP,50,51,50,51,306400
3/10/2022,BIRD,1270,1310,1270,1295,1828000
3/10/2022,BISI,995,1000,985,995,1812000
3/10/2022,BJBR,1380,1400,1370,1385,16693700
3/10/2022,BJTM,765,775,765,770,6800800
3/10/2022,BKDP,117,132,107,107,74786200
3/10/2022,BKSL,51,52,50,52,63922600
3/10/2022,BKSW,138,143,136,139,5532900
3/10/2022,BLTA,50,50,50,50,600
3/10/2022,BLTZ,2630,2700,2630,2700,200
3/10/2022,BLUE,330,330,306,326,66400
3/10/2022,BMAS,1255,1300,1255,1300,9400
3/10/2022,BMHS,705,725,705,715,15214100
3/10/2022,BMRI,7700,7750,7600,7675,52901500
3/10/2022,BMSR,252,260,246,258,292600
3/10/2022,BMTR,246,250,242,248,24389600
3/10/2022,BNBA,2670,2720,2620,2680,836700
3/10/2022,BNBR,50,50,50,50,2300
3/10/2022,BNGA,1025,1050,1025,1045,5472200
3/10/2022,BNII,306,316,304,312,4650400
3/10/2022,BNLI,1335,1335,1305,1320,65500
3/10/2022,BOBA,204,210,202,206,537900
3/10/2022,BOGA,1355,1360,1345,1360,134448300
3/10/2022,BOLA,440,444,422,428,5711500
3/10/2022,BOLT,990,1040,975,1020,5700
3/10/2022,BOSS,74,79,73,75,39808000
3/10/2022,BPFI,795,800,740,785,471600
3/10/2022,BPII,7500,7500,7500,7500,0
3/10/2022,BPTR,362,380,362,372,1123900
3/10/2022,BRAM,11450,11450,11450,11450,1100
3/10/2022,BRIS,1695,1715,1680,1700,11431900
3/10/2022,BRMS,163,168,153,164,767183500
3/10/2022,BRNA,940,940,940,940,0
3/10/2022,BRPT,860,880,855,880,67279200
3/10/2022,BSDE,1020,1030,990,1015,48308700
3/10/2022,BSIM,590,615,585,600,175200
3/10/2022,BSML,408,422,408,418,3002200
3/10/2022,BSSR,3000,3000,2820,2980,1144500
3/10/2022,BSWD,1750,1750,1750,1750,0
3/10/2022,BTEK,50,50,50,50,0
3/10/2022,BTEL,50,50,50,50,0
3/10/2022,BTON,398,398,372,372,87300
3/10/2022,BTPN,2600,2610,2580,2610,24900
3/10/2022,BTPS,3100,3280,3100,3210,8877800
3/10/2022,BUDI,169,170,167,168,1388600
3/10/2022,BUKA,294,302,276,284,492409800
3/10/2022,BUKK,1130,1130,1120,1120,3300
3/10/2022,BULL,146,153,142,147,263760500
3/10/2022,BULL-W2,72,77,60,65,16863800
3/10/2022,BUMI,54,57,52,53,1554599100
3/10/2022,BUVA,60,60,60,60,0
3/10/2022,BVIC,140,148,140,143,58718500
3/10/2022,BWPT,84,85,81,82,45246100
3/10/2022,BYAN,44400,44925,42300,42475,86000
3/10/2022,CAKK,82,84,82,83,1558000
3/10/2022,CAMP,268,270,264,266,216800
3/10/2022,CANI,129,135,125,125,1022600
3/10/2022,CARE,500,515,496,510,449003600
3/10/2022,CARS,50,50,50,50,2100
3/10/2022,CASA,560,565,555,565,1444400
3/10/2022,CASH,262,268,256,256,1740800
3/10/2022,CASS,336,348,336,340,24600
3/10/2022,CBMF,95,95,89,89,207661100
3/10/2022,CCSI,800,810,780,800,297100
3/10/2022,CEKA,1860,1890,1860,1880,19100
3/10/2022,CENT,162,181,162,181,8997900
3/10/2022,CFIN,248,248,246,248,828700
3/10/2022,CINT,216,216,206,214,116900
3/10/2022,CITA,2900,2900,2700,2900,4500
3/10/2022,CITY,150,150,150,150,10400
3/10/2022,CLAY,820,820,745,765,600
3/10/2022,CLEO,424,430,424,428,7901500
3/10/2022,CLPI,1010,1015,1005,1010,19800
3/10/2022,CMNP,2060,2210,1995,2200,75200
3/10/2022,CMNP-W,1020,1110,1015,1110,3700
3/10/2022,CMNT,1020,1055,1020,1045,48651500
3/10/2022,CMPP,520,540,462,476,15065100
3/10/2022,CMRY,3370,3590,3360,3580,1667300
3/10/2022,CNKO,50,50,50,50,40000
3/10/2022,CNTB,250,250,250,250,0
3/10/2022,CNTX,268,282,250,282,26500
3/10/2022,COCO,272,276,258,276,1369200
3/10/2022,COCO-W,76,116,56,116,300
3/10/2022,COWL,50,50,50,50,0
3/10/2022,CPIN,5625,5725,5575,5725,7063500
3/10/2022,CPRI,50,50,50,50,0
3/10/2022,CPRI-W,12,12,12,12,0
3/10/2022,CPRO,87,90,86,87,119242600
3/10/2022,CSAP,488,488,480,486,201000
3/10/2022,CSIS,88,88,82,83,3870600
3/10/2022,CSMI,2750,3000,2660,3000,12400
3/10/2022,CSRA,735,740,680,705,3427800
3/10/2022,CTBN,2580,2590,2580,2590,300
3/10/2022,CTRA,1055,1075,1020,1055,30709500
3/10/2022,CTTH,50,50,50,50,3900
3/10/2022,DADA,50,50,50,50,500
3/10/2022,DADA-W,8,8,7,8,1794700
3/10/2022,DART,228,228,226,226,289100
3/10/2022,DAYA,254,262,254,262,1800
3/10/2022,DCII,43500,43700,43500,43600,1600
3/10/2022,DEAL,50,50,50,50,7700
3/10/2022,DEFI,1455,1455,1455,1455,0
3/10/2022,DEPO,466,490,450,488,3890200
3/10/2022,DEWA,50,50,50,50,2500
3/10/2022,DFAM,380,410,376,410,67000
3/10/2022,DGIK,161,163,153,157,14003500
3/10/2022,DGNS,498,520,498,510,2564600
3/10/2022,DIGI,70,75,69,70,7242900
3/10/2022,DILD,148,148,145,145,5596900
3/10/2022,DIVA,1170,1200,1160,1185,98300
3/10/2022,DKFT,149,150,140,141,58862100
3/10/2022,DLTA,3700,3770,3680,3750,34900
3/10/2022,DMAS,187,190,187,188,59623700
3/10/2022,DMMX,1745,1800,1730,1770,3197400
3/10/2022,DMND,800,800,795,795,16500
3/10/2022,DNAR,252,266,250,252,9620100
3/10/2022,DNET,3170,3200,3170,3200,18500
3/10/2022,DOID,450,454,420,420,251479200
3/10/2022,DPNS,372,376,370,374,90300
3/10/2022,DPUM,50,50,50,50,0
3/10/2022,DRMA,610,620,590,615,11676800
3/10/2022,DSFI,95,98,93,95,8863500
3/10/2022,DSNG,725,725,665,705,19756500
3/10/2022,DSSA,44000,44000,44000,44000,200
3/10/2022,DUCK,176,176,176,176,0
3/10/2022,DUTI,3640,3640,3640,3640,100
3/10/2022,DVLA,2900,2920,2810,2820,4900
3/10/2022,DWGL,184,184,170,180,27500
3/10/2022,DWGL-W,19,20,18,19,1129100
3/10/2022,DYAN,71,72,70,72,1118700
3/10/2022,EAST,89,89,88,89,602800
3/10/2022,EAST-W,8,8,7,8,1237300
3/10/2022,ECII,970,970,970,970,0
3/10/2022,EDGE,21400,21400,21400,21400,400
3/10/2022,EKAD,1420,1435,1420,1425,68500
3/10/2022,ELSA,308,322,304,306,191189700
3/10/2022,ELTY,50,50,50,50,2300
3/10/2022,EMDE,154,154,153,154,31700
3/10/2022,EMTK,2060,2160,2050,2150,87613900
3/10/2022,ENAK,805,815,795,810,700200
3/10/2022,ENRG,150,150,139,146,93577500
3/10/2022,ENVY,50,50,50,50,0
3/10/2022,ENZO,50,50,50,50,121400
3/10/2022,ENZO-W,13,14,13,14,15100
3/10/2022,EPAC,50,50,50,50,29200
3/10/2022,EPMT,2670,2690,2660,2670,20500
3/10/2022,ERAA,555,560,545,555,27572600
3/10/2022,ERTX,186,187,173,186,189300
3/10/2022,ESIP,128,128,116,116,17638700
3/10/2022,ESSA,720,765,690,735,55844200
3/10/2022,ESTA,278,282,262,278,43900
3/10/2022,ESTI,105,110,101,103,10828600
3/10/2022,ETWA,62,62,62,62,0
3/10/2022,EXCL,2700,2700,2610,2680,18200200
3/10/2022,FAPA,3490,3500,3470,3490,102500
3/10/2022,FAST,970,980,970,975,1900
3/10/2022,FASW,6675,7075,6675,7075,300
3/10/2022,FILM,910,980,880,980,6696000
3/10/2022,FIMP,56,56,55,55,435600
3/10/2022,FIMP-W,8,9,8,9,82800
3/10/2022,FIRE,370,376,362,368,1277700
3/10/2022,FISH,6450,6450,6450,6450,0
3/10/2022,FITT,322,322,314,322,790700
3/10/2022,FITT-W,398,398,398,398,0
3/10/2022,FLMC,76,80,76,79,322200
3/10/2022,FMII,374,376,360,376,6700
3/10/2022,FOOD,124,128,123,126,178300
3/10/2022,FORU,422,422,398,398,2549800
3/10/2022,FORZ,50,50,50,50,0
3/10/2022,FPNI,426,438,418,434,12176800
3/10/2022,FREN,77,81,77,80,750881900
3/10/2022,FREN-W2,21,23,21,23,147651800
3/10/2022,FUJI,790,800,790,800,5300
3/10/2022,GAMA,50,50,50,50,6000
3/10/2022,GDST,95,96,94,96,1579300
3/10/2022,GDYR,1360,1360,1340,1340,3200
3/10/2022,GEMA,336,348,336,348,5900
3/10/2022,GEMS,4350,4450,4060,4450,223700
3/10/2022,GGRM,30500,31350,30300,31250,1093400
3/10/2022,GGRP,710,750,685,745,1366500
3/10/2022,GHON,2020,2030,2000,2000,6000
3/10/2022,GIAA,222,222,222,222,0
3/10/2022,GJTL,635,650,635,640,1521200
3/10/2022,GLOB,240,250,240,240,87500
3/10/2022,GLVA,266,266,256,262,27200
3/10/2022,GMFI,68,70,68,69,1801700
3/10/2022,GMTD,15600,15600,15600,15600,0
3/10/2022,GOLD,368,368,358,358,1000
3/10/2022,GOLL,50,50,50,50,0
3/10/2022,GOOD,525,560,520,560,15517700
3/10/2022,GPRA,76,76,73,75,3618900
3/10/2022,GPSO,111,117,103,107,2120200
3/10/2022,GPSO-W,20,21,18,20,2833700
3/10/2022,GSMF,109,111,104,106,6323400
3/10/2022,GTBO,75,75,75,75,0
3/10/2022,GTSI,54,58,54,55,9751100
3/10/2022,GWSA,153,154,152,153,81800
3/10/2022,GZCO,154,163,146,149,420208600
3/10/2022,HADE,50,50,50,50,900
3/10/2022,HAIS,216,222,214,216,11701200
3/10/2022,HDFA,224,270,208,208,5005600
3/10/2022,HDIT,196,200,191,199,96200
3/10/2022,HDTX,120,120,120,120,0
3/10/2022,HEAL,1165,1230,1140,1230,40795700
3/10/2022,HELI,278,278,274,276,900
3/10/2022,HERO,1690,1785,1690,1725,19600
3/10/2022,HEXA,5050,5075,5025,5075,90200
3/10/2022,HITS,410,414,410,414,1100
3/10/2022,HKMU,50,50,50,50,27233500
3/10/2022,HMSP,930,940,925,935,19134400
3/10/2022,HOKI,155,158,155,158,2931000
3/10/2022,HOME,50,50,50,50,0
3/10/2022,HOMI,1380,1380,1350,1365,653500
3/10/2022,HOPE,72,73,71,72,964300
3/10/2022,HOPE-W,14,14,13,13,10740000
3/10/2022,HOTL,50,50,50,50,16500
3/10/2022,HRME,54,54,52,53,5303000
3/10/2022,HRTA,210,216,210,212,4542900
3/10/2022,HRUM,11300,11675,11100,11400,23626400
3/10/2022,IATA,190,200,183,188,233228600
3/10/2022,IBFN,97,97,97,97,0
3/10/2022,IBST,7000,7875,6950,7125,7500
3/10/2022,ICBP,7775,7800,7650,7750,8712200
3/10/2022,ICON,81,87,79,82,8902800
3/10/2022,IDEA,71,72,70,71,269100
3/10/2022,IDPR,165,168,162,164,250500
3/10/2022,IFII,154,158,151,154,158300
3/10/2022,IFSH,1275,1275,1200,1200,7900
3/10/2022,IGAR,410,410,406,406,35700
3/10/2022,IIKP,50,50,50,50,0
3/10/2022,IKAI,50,50,50,50,212300
3/10/2022,IKAN,66,68,62,66,14480700
3/10/2022,IKBI,244,244,230,232,27300
3/10/2022,IMAS,760,780,755,780,861200
3/10/2022,IMJS,414,432,408,432,11009500
3/10/2022,IMPC,3000,3010,2930,2950,2437700
3/10/2022,INAF,1720,1775,1720,1775,186700
3/10/2022,INAI,290,302,284,290,5600
3/10/2022,INCF,67,74,66,69,22090200
3/10/2022,INCI,570,575,560,565,13000
3/10/2022,INCO,5950,6325,5825,6225,46780400
3/10/2022,INDF,6025,6075,5950,6075,8016000
3/10/2022,INDO,89,91,87,91,6036300
3/10/2022,INDO-W,13,13,12,12,10871800
3/10/2022,INDR,4740,4800,4650,4800,119600
3/10/2022,INDS,2250,2360,2150,2280,35200
3/10/2022,INDX,220,232,216,220,7028100
3/10/2022,INDY,2450,2540,2380,2460,139594700
3/10/2022,INKP,8200,8350,8050,8200,6308900
3/10/2022,INOV,226,238,220,228,4835200
3/10/2022,INPC,94,109,94,105,25900800
3/10/2022,INPP,530,530,480,480,4400
3/10/2022,INPS,1240,1240,1240,1240,0
3/10/2022,INRU,665,685,635,680,70400
3/10/2022,INTA,59,60,58,59,29800
3/10/2022,INTD,208,208,208,208,0
3/10/2022,INTP,10200,10725,10150,10700,6188900
3/10/2022,IPAC,116,125,115,120,3100
3/10/2022,IPCC,486,490,484,488,424000
3/10/2022,IPCM,272,274,270,272,872800
3/10/2022,IPOL,154,155,152,155,228100
3/10/2022,IPPE,456,464,426,426,37250000
3/10/2022,IPTV,133,142,128,134,281592400
3/10/2022,IRRA,1765,1785,1750,1765,3264900
3/10/2022,ISAT,5350,5450,5225,5350,3978800
3/10/2022,ISSP,460,468,440,452,27493300
3/10/2022,ITIC,290,290,286,290,378500
3/10/2022,ITMA,525,540,515,530,240300
3/10/2022,ITMA-W,83,88,82,88,9500
3/10/2022,ITMG,27275,27675,26175,27150,7828000
3/10/2022,JAST,148,172,148,154,179195600
3/10/2022,JAWA,195,204,191,197,8098700
3/10/2022,JAYA,142,142,137,140,1499000
3/10/2022,JAYA-W,38,40,34,35,3750400
3/10/2022,JECC,5275,5275,5000,5000,9300
3/10/2022,JGLE,50,50,50,50,0
3/10/2022,JIHD,332,336,326,326,57300
3/10/2022,JKON,79,81,76,77,17754500
3/10/2022,JKSW,60,60,60,60,0
3/10/2022,JMAS,132,134,128,131,152400
3/10/2022,JPFA,1660,1685,1615,1635,55929800
3/10/2022,JRPT,500,505,490,494,6221900
3/10/2022,JSKY,92,98,91,92,32164200
3/10/2022,JSMR,3640,3710,3570,3700,15883900
3/10/2022,JSPT,760,760,760,760,0
3/10/2022,JTPE,905,910,900,910,81700
3/10/2022,KAEF,1745,1785,1725,1780,3088600
3/10/2022,KARW,197,197,181,184,28273100
3/10/2022,KAYU,50,50,50,50,0
3/10/2022,KBAG,50,50,50,50,1353100
3/10/2022,KBAG-W,8,9,7,9,38926200
3/10/2022,KBLI,272,278,270,272,610400
3/10/2022,KBLM,202,206,198,202,36100
3/10/2022,KBLV,348,360,338,350,20186900
3/10/2022,KBRI,50,50,50,50,0
3/10/2022,KDSI,1000,1000,990,990,5300
3/10/2022,KEEN,464,470,452,458,1172200
3/10/2022,KEJU,1120,1150,1120,1140,49900
3/10/2022,KIAS,50,50,50,50,6300
3/10/2022,KICI,264,264,256,260,116800
3/10/2022,KIJA,170,172,169,170,1105200
3/10/2022,KINO,3100,3100,2910,2910,892800
3/10/2022,KIOS,490,500,470,470,18160600
3/10/2022,KJEN,456,456,426,426,224500
3/10/2022,KKGI,460,460,430,432,4044800
3/10/2022,KLBF,1590,1625,1590,1605,32861500
3/10/2022,KMDS,424,434,418,432,11500
3/10/2022,KMTR,280,288,276,288,4100
3/10/2022,KOBX,282,284,274,278,1488100
3/10/2022,KOIN,155,155,155,155,0
3/10/2022,KONI,2330,2710,2330,2710,50000
3/10/2022,KOPI,570,570,555,555,16500
3/10/2022,KOTA,50,50,50,50,1391800
3/10/2022,KOTA-W,48,48,48,48,0
3/10/2022,KPAL,50,50,50,50,0
3/10/2022,KPAS,62,62,62,62,0
3/10/2022,KPIG,101,106,97,101,189740100
3/10/2022,KRAH,436,436,436,436,0
3/10/2022,KRAS,360,362,350,352,10197400
3/10/2022,KREN,74,75,73,74,4426900
3/10/2022,KUAS,77,77,70,72,3381800
3/10/2022,KUAS-W,18,18,17,18,796800
3/10/2022,LABA,121,122,112,112,13287800
3/10/2022,LABA-W,23,24,21,21,15013600
3/10/2022,LAND,65,65,59,61,1858400
3/10/2022,LAPD,50,50,50,50,0
3/10/2022,LCGP,114,114,114,114,0
3/10/2022,LCKM,296,296,296,296,100
3/10/2022,LEAD,51,52,50,51,12283300
3/10/2022,LFLO,100,108,100,108,1488800
3/10/2022,LFLO-W,8,8,6,7,41190900
3/10/2022,LIFE,6100,6100,6100,6100,0
3/10/2022,LINK,4320,4360,4300,4350,1954500
3/10/2022,LION,318,350,318,322,31500
3/10/2022,LMAS,51,52,50,51,13869300
3/10/2022,LMPI,194,212,193,210,12392700
3/10/2022,LMSH,680,680,670,670,4800
3/10/2022,LPCK,1350,1355,1340,1350,751800
3/10/2022,LPGI,8500,9800,8500,9800,67700
3/10/2022,LPIN,418,470,412,442,4154200
3/10/2022,LPKR,135,138,131,133,18419000
3/10/2022,LPLI,240,248,240,248,77100
3/10/2022,LPPF,5625,5725,5450,5525,1611000
3/10/2022,LPPS,97,97,95,96,301000
3/10/2022,LRNA,184,184,182,182,41100
3/10/2022,LSIP,1460,1470,1360,1370,68536300
3/10/2022,LTLS,695,705,690,705,9500
3/10/2022,LUCK,328,348,324,328,7177000
3/10/2022,LUCY,64,70,64,70,1751600
3/10/2022,LUCY-W,23,27,22,25,26541000
3/10/2022,MABA,50,50,50,50,0
3/10/2022,MAGP,50,50,50,50,0
3/10/2022,MAIN,685,695,675,680,2041300
3/10/2022,MAMI,50,50,50,50,0
3/10/2022,MAMI-W,6,6,6,6,0
3/10/2022,MAMIP,600,600,600,600,0
3/10/2022,MAPA,2670,2800,2560,2610,754500
3/10/2022,MAPB,1550,1570,1550,1555,5800
3/10/2022,MAPI,810,870,810,855,35286200
3/10/2022,MARI,298,306,288,292,22999400
3/10/2022,MARK,1095,1170,1085,1150,18567700
3/10/2022,MASA,4250,4250,4200,4200,2300
3/10/2022,MASB,3510,3510,3510,3510,16200
3/10/2022,MASB-W,354,354,304,348,33600
3/10/2022,MAYA,565,575,560,565,681000
3/10/2022,MBAP,3830,3830,3650,3760,451800
3/10/2022,MBSS,995,1070,985,1030,2985800
3/10/2022,MBTO,109,115,106,111,78400
3/10/2022,MCAS,11500,11950,11325,11875,175400
3/10/2022,MCOL,3750,3750,3580,3580,3392400
3/10/2022,MCOR,95,99,95,97,6691200
3/10/2022,MDIA,50,51,50,50,7528700
3/10/2022,MDKA,4500,4500,4280,4390,101543500
3/10/2022,MDKI,200,202,199,202,462500
3/10/2022,MDLN,86,88,82,83,38282500
3/10/2022,MDRN,50,50,50,50,0
3/10/2022,MEDC,620,635,605,635,123980900
3/10/2022,MEGA,6475,7700,6025,7475,529800
3/10/2022,MERK,3910,3950,3900,3950,26600
3/10/2022,META,110,110,106,106,469200
3/10/2022,MFIN,1110,1110,1080,1110,10300
3/10/2022,MFMI,820,860,805,855,9600
3/10/2022,MGLV,194,194,189,189,13100
3/10/2022,MGLV-W,15,15,13,14,3169900
3/10/2022,MGNA,50,50,50,50,0
3/10/2022,MGRO,865,875,835,875,3939900
3/10/2022,MICE,358,358,348,356,46600
3/10/2022,MIDI,2180,2180,2020,2080,8100
3/10/2022,MIKA,2130,2210,2120,2200,14313700
3/10/2022,MINA,50,50,50,50,400
3/10/2022,MIRA,50,50,50,50,100
3/10/2022,MITI,204,214,202,208,4848500
3/10/2022,MKNT,50,50,50,50,0
3/10/2022,MKPI,24925,24925,24925,24925,0
3/10/2022,MLBI,8075,8125,7850,8100,164100
3/10/2022,MLIA,2280,2310,2150,2180,6454600
3/10/2022,MLPL,206,232,204,224,404673500
3/10/2022,MLPT,3480,3500,3370,3370,2269100
3/10/2022,MMLP,555,560,520,530,20334500
3/10/2022,MNCN,870,900,865,900,32345900
3/10/2022,MOLI,372,378,372,372,32700
3/10/2022,MPMX,1045,1140,1045,1135,35514100
3/10/2022,MPOW,91,95,90,91,2605300
3/10/2022,MPPA,266,322,264,298,607260600
3/10/2022,MPRO,760,815,760,815,800
3/10/2022,MRAT,191,199,191,195,146200
3/10/2022,MREI,3900,3900,3640,3670,700
3/10/2022,MSIN,5350,6075,5350,5975,3813900
3/10/2022,MSKY,418,476,412,428,18687300
3/10/2022,MTDL,660,665,645,655,5501100
3/10/2022,MTEL,790,790,770,785,25720300
3/10/2022,MTFN,50,50,50,50,100
3/10/2022,MTLA,340,342,334,340,21500
3/10/2022,MTPS,85,89,85,88,661600
3/10/2022,MTRA,244,244,244,244,0
3/10/2022,MTSM,342,342,318,322,9400
3/10/2022,MTWI,133,143,133,140,4052000
3/10/2022,MYOH,1785,1800,1770,1785,98000
3/10/2022,MYOR,1545,1620,1540,1605,15510900
3/10/2022,MYRX,50,50,50,50,0
3/10/2022,MYRXP,50,50,50,50,0
3/10/2022,MYTX,69,73,69,70,251900
3/10/2022,NANO,110,110,90,110,750239800
3/10/2022,NANO-W,51,60,15,50,2046362300
3/10/2022,NASA,50,50,50,50,100900
3/10/2022,NASI,370,376,350,350,59274600
3/10/2022,NATO,695,710,690,700,222099000
3/10/2022,NELY,282,286,276,286,1956100
3/10/2022,NETV,376,430,376,430,26292600
3/10/2022,NFCX,5675,5850,5325,5825,37200
3/10/2022,NICK,695,710,660,700,50900
3/10/2022,NICL,80,83,78,78,90004600
3/10/2022,NICL-W,11,11,10,11,33459800
3/10/2022,NIKL,1030,1060,980,1000,1874500
3/10/2022,NIPS,282,282,282,282,0
3/10/2022,NIRO,140,145,135,136,163100
3/10/2022,NISP,645,650,635,640,1387800
3/10/2022,NOBU,685,710,675,690,1051700
3/10/2022,NPGF,81,82,78,80,1148900
3/10/2022,NRCA,274,276,272,274,47700
3/10/2022,NTBK,66,78,65,71,285124500
3/10/2022,NTBK-W,15,17,14,16,89999500
3/10/2022,NUSA,50,50,50,50,0
3/10/2022,NZIA,152,156,146,146,699900
3/10/2022,OASA,665,675,620,625,965900
3/10/2022,OBMD,108,117,108,113,680900
3/10/2022,OBMD-W,19,19,18,18,655600
3/10/2022,OCAP,159,159,159,159,0
3/10/2022,OILS,232,238,226,230,1631400
3/10/2022,OILS-W,66,69,65,68,444800
3/10/2022,OKAS,55,56,54,56,6994300
3/10/2022,OMRE,795,795,795,795,0
3/10/2022,OPMS,109,110,106,109,1779700
3/10/2022,PADI,50,50,50,50,300
3/10/2022,PALM,840,840,790,805,7907800
3/10/2022,PAMG,85,89,85,86,424000
3/10/2022,PANI,3950,3960,3680,3680,119500
3/10/2022,PANR,280,284,270,284,12292400
3/10/2022,PANS,1245,1260,1240,1255,124500
3/10/2022,PBID,1645,1650,1640,1650,439700
3/10/2022,PBRX,126,140,125,131,10873700
3/10/2022,PBSA,695,695,680,680,600
3/10/2022,PCAR,178,178,169,169,118200
3/10/2022,PDES,278,292,276,292,1002000
3/10/2022,PEGE,940,960,850,880,36600
3/10/2022,PEHA,1100,1105,1095,1105,40200
3/10/2022,PGAS,1540,1540,1440,1440,184128600
3/10/2022,PGJO,71,71,68,68,31600
3/10/2022,PGLI,366,382,362,382,69800
3/10/2022,PGUN,730,770,720,720,2751200
3/10/2022,PICO,81,85,81,83,69600
3/10/2022,PJAA,490,498,486,492,107000
3/10/2022,PKPK,190,192,188,189,2972000
3/10/2022,PLAN,33,33,32,32,1627000
3/10/2022,PLAN-W,10,10,8,9,298600
3/10/2022,PLAS,50,50,50,50,0
3/10/2022,PLIN,2090,2090,2090,2090,4800
3/10/2022,PMJS,130,134,128,134,198200
3/10/2022,PMMP,448,450,440,448,10536900
3/10/2022,PNBN,790,795,785,790,1765800
3/10/2022,PNBS,63,65,63,63,20111000
3/10/2022,PNGO,1490,1490,1460,1480,4500
3/10/2022,PNIN,690,695,680,680,543100
3/10/2022,PNLF,168,170,168,169,15965700
3/10/2022,PNSE,655,655,655,655,200
3/10/2022,POLA,81,90,81,85,1368600
3/10/2022,POLA-W,58,65,50,56,657200
3/10/2022,POLI,1500,1500,1220,1300,1400
3/10/2022,POLL,630,660,630,640,3565400
3/10/2022,POLU,590,590,570,580,11700
3/10/2022,POLY,89,91,86,88,12532100
3/10/2022,POOL,50,50,50,50,0
3/10/2022,PORT,645,645,610,620,3800
3/10/2022,POSA,50,50,50,50,0
3/10/2022,POWR,630,635,620,635,4009000
3/10/2022,PPGL,115,117,111,115,1382500
3/10/2022,PPGL-W,12,13,11,13,7693900
3/10/2022,PPRE,163,175,163,163,8538000
3/10/2022,PPRO,50,54,50,52,87464000
3/10/2022,PRAS,224,224,222,224,673300
3/10/2022,PRDA,7800,7825,7600,7625,1315400
3/10/2022,PRIM,342,356,342,348,889700
3/10/2022,PSAB,139,143,133,133,30842300
3/10/2022,PSDN,160,160,149,149,183600
3/10/2022,PSGO,190,193,187,187,5888100
3/10/2022,PSKT,104,105,96,96,172474400
3/10/2022,PSSI,452,456,444,456,4600400
3/10/2022,PTBA,3470,3540,3360,3470,54914800
3/10/2022,PTDU,111,141,110,130,30313400
3/10/2022,PTIS,280,350,280,350,7000
3/10/2022,PTPP,1025,1035,980,1000,41832900
3/10/2022,PTPW,775,785,770,780,249100
3/10/2022,PTRO,2750,2760,2680,2740,2625300
3/10/2022,PTSN,234,238,232,234,463900
3/10/2022,PTSP,5650,5650,5650,5650,100
3/10/2022,PUDP,324,344,304,334,117600
3/10/2022,PURA,50,50,50,50,515200
3/10/2022,PURA-W,12,13,12,12,644800
3/10/2022,PURE,76,78,72,76,14452300
3/10/2022,PURI,360,360,360,360,1100
3/10/2022,PWON,510,525,498,520,121164300
3/10/2022,PYFA,995,1015,990,1015,145100
3/10/2022,PZZA,660,670,635,645,427600
3/10/2022,R-ABFII,28600,28600,28600,28600,0
3/10/2022,R-LQ45X,1060,1071,1057,1071,16100
3/10/2022,RAJA,192,196,184,188,27094700
3/10/2022,RALS,650,685,650,680,20507100
3/10/2022,RANC,1300,1400,1300,1400,67000
3/10/2022,RBMS,68,73,66,71,80234500
3/10/2022,RDTX,6725,6725,6725,6725,0
3/10/2022,REAL,53,54,51,51,19410900
3/10/2022,RELI,474,474,452,464,3100
3/10/2022,RICY,77,77,75,75,2489200
3/10/2022,RIGS,330,330,326,328,16200
3/10/2022,RIMO,50,50,50,50,0
3/10/2022,RISE,298,298,296,298,163100
3/10/2022,RMBA,306,306,306,306,0
3/10/2022,RMKE,416,428,396,400,34499700
3/10/2022,ROCK,660,660,660,660,200
3/10/2022,RODA,84,84,80,81,815200
3/10/2022,RONY,800,800,800,800,0
3/10/2022,ROTI,1295,1300,1290,1295,3147200
3/10/2022,RSGK,1395,1395,1380,1395,82900
3/10/2022,RUIS,212,214,206,208,117700
3/10/2022,RUNS,136,149,136,145,1511700
3/10/2022,SAFE,210,210,190,206,1035200
3/10/2022,SAME,378,384,368,376,24699900
3/10/2022,SAMF,570,600,570,595,651200
3/10/2022,SAPX,1275,1320,1275,1310,4300
3/10/2022,SATU,105,105,102,105,12290800
3/10/2022,SBAT,50,50,50,50,6000
3/10/2022,SBAT-W,8,8,7,8,2419500
3/10/2022,SBAT-W2,12,13,12,13,22900
3/10/2022,SBMA,318,320,306,306,9362400
3/10/2022,SBMA-W,78,83,70,75,941900
3/10/2022,SCCO,10475,10475,10000,10000,30400
3/10/2022,SCMA,250,256,240,256,213934900
3/10/2022,SCNP,194,195,192,194,296400
3/10/2022,SCPI,29000,29000,29000,29000,0
3/10/2022,SDMU,53,53,50,50,2373700
3/10/2022,SDPC,109,118,109,117,164500
3/10/2022,SDRA,560,560,550,555,19600
3/10/2022,SEMA,250,268,234,258,114024300
3/10/2022,SEMA-W,55,59,50,55,9826200
3/10/2022,SFAN,1515,1515,1510,1515,234600
3/10/2022,SGER,2250,2360,2090,2150,13500600
3/10/2022,SGER-W,2080,2080,2080,2080,0
3/10/2022,SGRO,2100,2140,2050,2060,236900
3/10/2022,SHID,2310,2350,2170,2340,147300
3/10/2022,SHIP,875,930,875,895,1649100
3/10/2022,SIDO,940,970,940,970,19175400
3/10/2022,SILO,7700,7950,7625,7875,533100
3/10/2022,SIMA,50,50,50,50,0
3/10/2022,SIMP,530,535,510,525,10833900
3/10/2022,SINI,240,244,238,244,2600
3/10/2022,SINI-W,130,138,130,138,700
3/10/2022,SIPD,1590,1590,1535,1565,5100
3/10/2022,SKBM,346,374,346,348,2100
3/10/2022,SKLT,2270,2450,2270,2350,19600
3/10/2022,SKRN,795,815,790,815,971600
3/10/2022,SKYB,51,51,51,51,0
3/10/2022,SLIS,665,695,620,620,14434800
3/10/2022,SMAR,4610,4660,4470,4470,61300
3/10/2022,SMBR,550,585,550,585,10056300
3/10/2022,SMCB,1705,1720,1700,1700,1282300
3/10/2022,SMDM,159,160,152,160,92300
3/10/2022,SMDR,1270,1330,1245,1315,15465200
3/10/2022,SMGR,6550,6975,6525,6950,30049900
3/10/2022,SMKL,420,428,416,416,61900
3/10/2022,SMKL-W,54,57,54,55,512300
3/10/2022,SMKM,216,216,216,216,6019000
3/10/2022,SMMA,11800,12000,11800,12000,900
3/10/2022,SMMT,720,810,690,770,105451000
3/10/2022,SMRA,820,820,775,795,70691900
3/10/2022,SMRU,50,50,50,50,0
3/10/2022,SMSM,1350,1350,1340,1340,54800
3/10/2022,SNLK,520,520,494,510,1857600
3/10/2022,SOCI,210,218,206,216,31213600
3/10/2022,SOFA,37,39,37,39,1931100
3/10/2022,SOHO,6550,6550,6500,6500,2000
3/10/2022,SONA,3950,3950,3950,3950,0
3/10/2022,SOSS,384,392,374,384,88500
3/10/2022,SOSS-W,51,51,45,49,247700
3/10/2022,SOTS,248,266,248,266,2200
3/10/2022,SOTS-W,52,57,50,56,18300
3/10/2022,SPMA,735,755,725,740,965000
3/10/2022,SPTO,550,550,540,545,448200
3/10/2022,SQMI,81,81,75,77,38462400
3/10/2022,SRAJ,276,276,270,276,439500
3/10/2022,SRIL,146,146,146,146,0
3/10/2022,SRSN,57,58,57,58,2474400
3/10/2022,SRTG,2900,2920,2730,2780,18380500
3/10/2022,SSIA,368,388,348,360,20786300
3/10/2022,SSMS,1180,1195,1125,1155,8422300
3/10/2022,SSTM,760,815,690,790,25600
3/10/2022,STAA,600,750,600,750,118709200
3/10/2022,STAR,142,142,142,142,1300
3/10/2022,STTP,7600,7600,7225,7275,5500
3/10/2022,SUGI,50,50,50,50,0
3/10/2022,SULI,50,50,50,50,200
3/10/2022,SUPR,70975,70975,70975,70975,0
3/10/2022,SURE,1980,1980,1980,1980,0
3/10/2022,SWAT,114,122,114,118,8181500
3/10/2022,TALF,302,302,302,302,100
3/10/2022,TAMA,58,58,55,58,2254100
3/10/2022,TAMA-W,16,16,15,15,1620500
3/10/2022,TAMU,50,50,50,50,1000
3/10/2022,TAPG,815,815,745,785,89215600
3/10/2022,TARA,50,50,50,50,5200
3/10/2022,TAXI,50,50,50,50,1700
3/10/2022,TAYS,212,216,202,212,740900
3/10/2022,TBIG,3050,3050,2890,2910,36203500
3/10/2022,TBLA,820,830,805,815,1946200
3/10/2022,TBMS,1775,1780,1775,1780,5300
3/10/2022,TCID,5000,5025,5000,5000,12800
3/10/2022,TCPI,9100,9350,8550,9350,6777400
3/10/2022,TDPM,119,119,119,119,0
3/10/2022,TEBE,690,700,670,685,256300
3/10/2022,TECH,3500,3660,3310,3550,1901500
3/10/2022,TELE,121,121,121,121,0
3/10/2022,TFAS,3810,3930,3760,3860,24300
3/10/2022,TFCO,725,725,680,715,1800
3/10/2022,TGKA,6925,6925,6925,6925,0
3/10/2022,TGRA,73,73,71,72,4889500
3/10/2022,TIFA,565,570,565,570,2700
3/10/2022,TINS,1640,1675,1575,1650,61268000
3/10/2022,TIRA,422,426,420,424,18100
3/10/2022,TIRT,95,105,90,103,29230700
3/10/2022,TKIM,7500,7525,7375,7400,2303400
3/10/2022,TLKM,4500,4500,4380,4410,130830800
3/10/2022,TMAS,1870,1900,1740,1790,4118300
3/10/2022,TMPO,144,147,134,134,1810100
3/10/2022,TNCA,1115,1170,1090,1130,3261100
3/10/2022,TOBA,1105,1175,1100,1130,39444200
3/10/2022,TOPS,50,50,50,50,10100
3/10/2022,TOTL,296,300,296,300,333900
3/10/2022,TOTO,206,208,206,206,20300
3/10/2022,TOWR,1040,1050,1025,1045,58074200
3/10/2022,TOYS,181,187,180,186,21577800
3/10/2022,TOYS-W,17,19,16,17,8304200
3/10/2022,TPIA,8625,8800,8550,8800,3742000
3/10/2022,TPMA,358,364,350,360,655200
3/10/2022,TRAM,50,50,50,50,0
3/10/2022,TRIL,50,50,50,50,0
3/10/2022,TRIM,336,338,322,324,11220800
3/10/2022,TRIN,490,510,460,460,8549100
3/10/2022,TRIN-W,118,121,108,108,6413600
3/10/2022,TRIO,426,426,426,426,0
3/10/2022,TRIS,148,166,147,160,210300
3/10/2022,TRIS-W,6,6,6,6,0
3/10/2022,TRJA,446,468,444,466,22629500
3/10/2022,TRST,605,630,605,630,332400
3/10/2022,TRUE,103,103,99,100,5963800
3/10/2022,TRUE-W,19,19,18,18,14034200
3/10/2022,TRUK,210,216,206,208,22730300
3/10/2022,TRUS,418,436,410,410,3300
3/10/2022,TSPC,1465,1470,1425,1465,1489300
3/10/2022,TUGU,1520,1520,1460,1515,137300
3/10/2022,TURI,1320,1320,1320,1320,0
3/10/2022,UANG,725,775,725,775,12000
3/10/2022,UCID,1450,1465,1450,1450,15800
3/10/2022,UFOE,1215,1275,1180,1180,2414000
3/10/2022,ULTJ,1485,1500,1485,1495,250800
3/10/2022,UNIC,12000,12200,11700,12200,2200
3/10/2022,UNIQ,85,85,79,80,505600
3/10/2022,UNIT,316,316,316,316,0
3/10/2022,UNSP,120,121,117,120,478800
3/10/2022,UNTR,26400,26400,24950,25950,8805300
3/10/2022,UNVR,3450,3460,3370,3430,19292400
3/10/2022,URBN,498,510,498,500,75500
3/10/2022,UVCR,212,216,210,214,2803400
3/10/2022,UVCR-W,53,54,47,51,6329300
3/10/2022,VICI,494,494,488,492,2497300
3/10/2022,VICO,138,141,137,137,517500
3/10/2022,VINS,163,163,156,162,12700
3/10/2022,VIVA,50,50,50,50,5100
3/10/2022,VOKS,176,179,176,176,19700
3/10/2022,VRNA,106,109,103,104,415900
3/10/2022,WAPO,120,135,120,128,238600
3/10/2022,WEGE,178,180,173,175,11751700
3/10/2022,WEHA,148,165,148,160,7255900
3/10/2022,WGSH,184,188,179,186,3999300
3/10/2022,WICO,420,420,374,410,5400
3/10/2022,WIFI,500,505,494,505,250700
3/10/2022,WIFI-W,179,179,170,170,70200
3/10/2022,WIIM,416,424,410,418,2752200
3/10/2022,WIKA,1040,1045,1000,1015,25786700
3/10/2022,WINS,157,169,157,169,4544400
3/10/2022,WMPP,127,129,124,126,20967100
3/10/2022,WMUU,145,148,143,144,17226700
3/10/2022,WOMF,242,246,242,244,387000
3/10/2022,WOOD,700,710,690,695,6805200
3/10/2022,WOWS,50,50,50,50,100800
3/10/2022,WSBP,95,95,95,95,0
3/10/2022,WSKT,585,595,565,575,92875700
3/10/2022,WTON,218,226,214,218,20577900
3/10/2022,XAFA,1060,1060,1060,1060,3700
3/10/2022,XAQA,995,995,995,995,0
3/10/2022,XBES,1016,1017,1016,1017,400
3/10/2022,XBID,554,554,554,554,0
3/10/2022,XBIG,557,557,549,549,3500
3/10/2022,XBIN,522,522,522,522,0
3/10/2022,XBLQ,503,503,503,503,0
3/10/2022,XBNI,1104,1104,1104,1104,800
3/10/2022,XBSK,415,415,415,415,100
3/10/2022,XCID,82,82,82,82,1800
3/10/2022,XCIS,105,105,105,105,0
3/10/2022,XCLQ,104,104,102,104,3800
3/10/2022,XDIF,491,491,491,491,0
3/10/2022,XDSG,1036,1036,1036,1036,0
3/10/2022,XFES,133,133,133,133,0
3/10/2022,XIFE,105,105,103,105,11900
3/10/2022,XIHD,543,543,533,537,7700
3/10/2022,XIIC,989,989,989,989,0
3/10/2022,XIID,555,555,554,555,3800
3/10/2022,XIIF,540,545,539,545,9600
3/10/2022,XIIT,571,571,560,566,9800
3/10/2022,XIJI,625,625,623,624,15200
3/10/2022,XILV,119,119,119,119,0
3/10/2022,XIML,273,273,273,273,0
3/10/2022,XIPI,193,193,193,193,200
3/10/2022,XISB,398,398,398,398,0
3/10/2022,XISC,712,712,712,712,1500
3/10/2022,XISI,333,333,330,330,2500
3/10/2022,XISR,409,409,409,409,6800
3/10/2022,XKIV,494,494,494,494,0
3/10/2022,XKMS,1156,1162,1141,1162,400
3/10/2022,XMIG,189,189,189,189,0
3/10/2022,XMJM,1001,1001,1001,1001,0
3/10/2022,XMTS,450,450,450,450,0
3/10/2022,XNVE,156,156,156,156,0
3/10/2022,XPCR,928,928,928,928,0
3/10/2022,XPDV,528,531,528,531,10500
3/10/2022,XPES,409,409,409,409,0
3/10/2022,XPFT,567,567,563,563,600
3/10/2022,XPID,549,549,549,549,5600
3/10/2022,XPLC,495,495,495,495,0
3/10/2022,XPLQ,507,507,507,507,0
3/10/2022,XPMI,1010,1010,1010,1010,0
3/10/2022,XPSG,406,406,406,406,800
3/10/2022,XPTD,525,525,525,525,0
3/10/2022,XSBC,106,106,106,106,0
3/10/2022,XSMU,151,151,151,151,0
3/10/2022,XSPI,750,750,750,750,0
3/10/2022,XSRI,193,193,193,193,0
3/10/2022,XSSI,136,136,136,136,72000
3/10/2022,XSSK,675,675,675,675,0
3/10/2022,YELO,114,116,107,111,15250300
3/10/2022,YPAS,515,515,510,510,200
3/10/2022,YULE,2060,2070,1930,2010,4000
3/10/2022,ZBRA,680,705,680,680,604200
3/10/2022,ZINC,93,94,90,92,499098600
3/10/2022,ZONE,550,565,545,560,79700
3/10/2022,ZYRX,565,565,540,555,1319700
3/10/2022,ZYRX-W,91,97,89,90,613700
